
1.0000 4.1667 0.1474 7.0000 0.0316 
2.0000 4.0816 0.1410 8.0000 0.0245 
3.0000 4.0541 0.1541 11.0000 0.0214 
4.0000 4.5977 0.1304 8.0000 0.0257 
5.0000 3.7037 0.1693 10.0000 0.0263 
6.0000 4.0268 0.1072 6.0000 0.0313 
7.0000 4.2424 0.1496 11.0000 0.0205 
8.0000 4.2781 0.1356 7.0000 0.0241 
9.0000 4.1475 0.1499 5.0000 0.0364 
10.0000 4.1494 0.0471 7.0000 0.0162 
11.0000 3.9568 0.1099 7.0000 0.0290 
12.0000 3.8095 0.0939 7.0000 0.0260 
13.0000 3.8806 0.0948 8.0000 0.0270 
14.0000 3.9326 0.1007 6.0000 0.0210 
17.0000 3.9352 0.1804 8.0000 0.0351 
17.0000 3.9352 0.1360 8.0000 0.0255 
17.0000 3.9352 0.1877 8.0000 0.0367 
18.0000 4.0541 0.1602 9.0000 0.0269 
19.0000 3.9337 0.1403 9.0000 0.0210 
20.0000 3.9448 0.1777 11.0000 0.0203 
21.0000 3.9623 0.1353 8.0000 0.0230 
23.0000 4.1293 0.1204 7.0000 0.0239 
23.0000 4.1293 0.0236 5.0000 0.0081 
24.0000 3.7209 0.1342 11.0000 0.0178 
25.0000 3.3025 0.1228 10.0000 0.0130 
26.0000 3.3548 0.1356 8.0000 0.0225 
27.0000 3.2413 0.1293 10.0000 0.0170 
29.0000 3.3526 0.1341 10.0000 0.0186 
29.0000 3.3526 0.1277 11.0000 0.0179 
30.0000 3.4169 0.1275 9.0000 0.0118 
31.0000 3.3696 0.1256 8.0000 0.0213 
32.0000 3.3720 0.1266 12.0000 0.0118 
33.0000 3.3777 0.1413 7.0000 0.0279 
34.0000 3.3730 0.1156 8.0000 0.0184 
35.0000 3.2468 0.1137 9.0000 0.0168 
36.0000 3.2316 0.1126 11.0000 0.0096 
37.0000 3.2146 0.1331 10.0000 0.0194 
38.0000 3.2534 0.1176 8.0000 0.0249 
39.0000 3.1682 0.1152 10.0000 0.0194 
40.0000 3.1571 0.0807 6.0000 0.0204 
41.0000 3.2006 0.1243 11.0000 0.0187 
42.0000 2.9207 0.1390 7.0000 0.0314 
43.0000 2.8496 0.1225 11.0000 0.0133 
44.0000 2.7656 0.0998 7.0000 0.0191 
45.0000 2.7574 0.0878 10.0000 0.0100 
46.0000 2.7879 0.1317 8.0000 0.0284 
47.0000 2.8313 0.0827 6.0000 0.0179 
48.0000 2.8674 0.1357 9.0000 0.0225 
49.0000 2.9028 0.1433 10.0000 0.0174 
50.0000 2.9377 0.1271 7.0000 0.0277 
51.0000 2.9668 0.0826 7.0000 0.0157 
52.0000 2.9428 0.1046 9.0000 0.0148 
54.0000 2.9252 0.0612 8.0000 0.0174 
54.0000 2.9252 0.0331 3.0000 0.0144 
55.0000 2.8993 0.0862 10.0000 0.0130 
56.0000 2.9136 0.0798 10.0000 0.0123 
57.0000 2.9171 0.0837 7.0000 0.0180 
58.0000 2.8856 0.1082 7.0000 0.0260 
60.0000 2.7791 0.0890 8.0000 0.0173 
60.0000 2.7791 0.0302 3.0000 0.0142 
61.0000 2.7135 0.0848 7.0000 0.0160 
62.0000 2.7169 0.1554 19.0000 0.0218 
63.0000 2.7120 0.0925 7.0000 0.0195 
64.0000 2.7257 0.1053 9.0000 0.0155 
65.0000 2.7357 0.0667 7.0000 0.0216 
66.0000 2.7546 0.0748 9.0000 0.0173 
67.0000 2.6983 0.0807 8.0000 0.0169 
68.0000 2.6656 0.0278 8.0000 0.0151 
69.0000 2.6196 0.0543 7.0000 0.0166 
71.0000 2.6672 0.0698 8.0000 0.0163 
71.0000 2.6672 0.0351 3.0000 0.0228 
72.0000 2.6677 0.0935 9.0000 0.0184 
73.0000 2.6545 0.0822 8.0000 0.0165 
74.0000 2.6335 0.0963 9.0000 0.0187 
75.0000 2.6446 0.0955 10.0000 0.0134 
76.0000 2.6564 0.0801 9.0000 0.0178 
77.0000 2.6755 0.0924 7.0000 0.0329 
78.0000 2.5845 0.1133 8.0000 0.0214 
79.0000 2.5658 0.1191 9.0000 0.0086 
80.0000 2.5567 0.1281 11.0000 0.0203 
81.0000 2.5592 0.0889 6.0000 0.0268 
82.0000 2.5231 0.0878 8.0000 0.0191 
83.0000 2.5106 0.1065 7.0000 0.0189 
84.0000 2.5142 0.0910 8.0000 0.0171 
85.0000 2.4854 0.1360 11.0000 0.0160 
86.0000 2.4913 0.1230 8.0000 0.0246 
87.0000 2.4153 0.1199 9.0000 0.0186 
88.0000 2.4063 0.0394 5.0000 0.0169 
90.0000 2.4051 0.1091 9.0000 0.0181 
90.0000 2.4051 0.0041 3.0000 0.0003 
91.0000 2.4112 0.1118 7.0000 0.0194 
92.0000 2.4230 0.1462 8.0000 0.0259 
93.0000 2.4112 0.1409 10.0000 0.0082 
94.0000 2.4171 0.0933 9.0000 0.0185 
95.0000 2.3990 0.0983 8.0000 0.0201 
96.0000 2.3751 0.1151 10.0000 0.0126 
97.0000 2.3804 0.0857 10.0000 0.0156 
98.0000 2.3609 0.0844 8.0000 0.0192 
99.0000 2.3605 0.1090 8.0000 0.0198 
100.0000 2.3469 0.1287 10.0000 0.0167 
101.0000 2.3374 0.1069 8.0000 0.0206 
102.0000 2.3524 0.1345 7.0000 0.0255 
103.0000 2.3673 0.1168 7.0000 0.0239 
104.0000 2.3733 0.1085 9.0000 0.0159 
105.0000 2.3596 0.1246 7.0000 0.0241 
107.0000 2.3709 0.1050 7.0000 0.0307 
107.0000 2.3709 0.1006 9.0000 0.0182 
108.0000 2.3768 0.1241 10.0000 0.0159 
109.0000 2.3542 0.1343 12.0000 0.0161 
110.0000 2.3429 0.1391 15.0000 0.0204 
111.0000 2.3398 0.1146 10.0000 0.0132 
112.0000 2.3251 0.1223 10.0000 0.0169 
114.0000 2.3289 0.0967 7.0000 0.0210 
114.0000 2.3289 0.0380 5.0000 0.0183 
115.0000 2.3383 0.0992 7.0000 0.0248 
116.0000 2.3382 0.0691 8.0000 0.0147 
117.0000 2.3485 0.1200 9.0000 0.0202 
118.0000 2.3478 0.0523 6.0000 0.0137 
119.0000 2.3620 0.0917 8.0000 0.0266 
120.0000 2.3543 0.1090 8.0000 0.0166 
121.0000 2.3619 0.1336 17.0000 0.0200 
122.0000 2.3502 0.1321 10.0000 0.0179 
123.0000 2.3618 0.0712 5.0000 0.0190 
124.0000 2.3592 0.1264 11.0000 0.0145 
125.0000 2.3395 0.0978 9.0000 0.0183 
126.0000 2.3468 0.1088 7.0000 0.0267 
127.0000 2.3427 0.1115 9.0000 0.0175 
128.0000 2.3486 0.1062 7.0000 0.0277 
129.0000 2.3298 0.1017 9.0000 0.0166 
130.0000 2.3407 0.0909 7.0000 0.0218 
131.0000 2.3523 0.1068 10.0000 0.0167 
132.0000 2.3576 0.1104 8.0000 0.0179 
133.0000 2.3469 0.1241 8.0000 0.0248 
134.0000 2.2965 0.1084 8.0000 0.0181 
135.0000 2.2571 0.1169 7.0000 0.0200 
136.0000 2.2531 0.0723 5.0000 0.0256 
137.0000 2.2411 0.1129 9.0000 0.0142 
138.0000 2.2370 0.1419 10.0000 0.0204 
139.0000 2.2269 0.0486 4.0000 0.0201 
140.0000 2.2350 0.1072 7.0000 0.0253 
141.0000 2.2296 0.0936 8.0000 0.0220 
142.0000 2.2405 0.0723 7.0000 0.0160 
143.0000 2.2509 0.0796 8.0000 0.0190 
144.0000 2.2549 0.0947 5.0000 0.0282 
145.0000 2.2516 0.1033 6.0000 0.0213 
146.0000 2.2622 0.0842 8.0000 0.0162 
147.0000 2.2689 0.1135 7.0000 0.0233 
148.0000 2.2640 0.1217 10.0000 0.0186 
149.0000 2.2679 0.1322 7.0000 0.0231 
150.0000 2.2738 0.1414 9.0000 0.0281 
151.0000 2.2792 0.1474 10.0000 0.0192 
152.0000 2.2837 0.1246 7.0000 0.0331 
153.0000 2.2566 0.1295 8.0000 0.0228 
154.0000 2.2554 0.0802 7.0000 0.0169 
155.0000 2.2605 0.1374 9.0000 0.0202 
156.0000 2.2651 0.1006 10.0000 0.0128 
157.0000 2.2561 0.0771 5.0000 0.0271 
158.0000 2.2578 0.1194 11.0000 0.0130 
160.0000 2.2766 0.1055 6.0000 0.0201 
160.0000 2.2766 0.0140 4.0000 0.0082 
161.0000 2.2753 0.1225 14.0000 0.0188 
163.0000 2.2864 0.1485 8.0000 0.0264 
163.0000 2.2864 0.1189 10.0000 0.0222 
164.0000 2.2963 0.0970 9.0000 0.0168 
165.0000 2.2984 0.1306 8.0000 0.0237 
166.0000 2.2995 0.1284 15.0000 0.0209 
167.0000 2.3025 0.1050 8.0000 0.0154 
168.0000 2.3077 0.0855 8.0000 0.0148 
169.0000 2.3084 0.1344 10.0000 0.0204 
170.0000 2.3158 0.1414 10.0000 0.0187 
171.0000 2.3240 0.1128 10.0000 0.0177 
172.0000 2.3281 0.0891 6.0000 0.0277 
173.0000 2.3300 0.0927 9.0000 0.0130 
174.0000 2.3324 0.1046 9.0000 0.0171 
175.0000 2.3296 0.0891 9.0000 0.0138 
176.0000 2.3308 0.1164 8.0000 0.0212 
177.0000 2.3299 0.1207 9.0000 0.0307 
179.0000 2.3429 0.0898 11.0000 0.0305 
179.0000 2.3429 0.0264 3.0000 0.0235 
180.0000 2.3438 0.1128 10.0000 0.0220 
181.0000 2.3467 0.1056 8.0000 0.0176 
182.0000 2.3499 0.0895 7.0000 0.0261 
183.0000 2.3552 0.1487 8.0000 0.0273 
184.0000 2.3466 0.1177 7.0000 0.0270 
185.0000 2.3085 0.1318 9.0000 0.0189 
186.0000 2.3057 0.1085 6.0000 0.0334 
187.0000 2.3112 0.1420 7.0000 0.0306 
188.0000 2.3153 0.1137 6.0000 0.0207 
189.0000 2.3170 0.1019 5.0000 0.0273 
190.0000 2.3267 0.0618 3.0000 0.0379 
191.0000 2.3338 0.1228 8.0000 0.0108 
192.0000 2.3332 0.1080 7.0000 0.0244 
193.0000 2.3360 0.1026 7.0000 0.0261 
195.0000 2.3525 0.1134 8.0000 0.0177 
195.0000 2.3525 0.0189 3.0000 0.0114 
196.0000 2.3467 0.1371 8.0000 0.0225 
197.0000 2.3330 0.1102 9.0000 0.0169 
198.0000 2.3188 0.0611 7.0000 0.0291 
199.0000 2.3210 0.1146 9.0000 0.0185 
200.0000 2.3154 0.0884 10.0000 0.0121 
201.0000 2.3077 0.0706 10.0000 0.0186 
202.0000 2.2497 0.0753 6.0000 0.0240 
203.0000 2.2531 0.0021 6.0000 0.0205 
204.0000 2.2584 0.0566 9.0000 0.0142 
205.0000 2.2565 0.0714 7.0000 0.0200 
206.0000 2.2622 0.0820 9.0000 0.0164 
207.0000 2.2608 0.1129 10.0000 0.0167 
208.0000 2.2653 0.1252 9.0000 0.0186 
209.0000 2.2646 0.1342 8.0000 0.0182 
210.0000 2.2269 0.1078 7.0000 0.0255 
211.0000 2.2342 0.1039 9.0000 0.0176 
212.0000 2.2372 0.1213 11.0000 0.0157 
213.0000 2.2211 0.1200 10.0000 0.0177 
214.0000 2.2243 0.1216 8.0000 0.0229 
215.0000 2.2181 0.1153 7.0000 0.0278 
216.0000 2.2209 0.1381 8.0000 0.0230 
217.0000 2.2209 0.1148 9.0000 0.0196 
219.0000 2.2342 0.1137 8.0000 0.0216 
219.0000 2.2342 0.0278 3.0000 0.0185 
220.0000 2.2351 0.1078 6.0000 0.0239 
221.0000 2.2362 0.0931 9.0000 0.0177 
222.0000 2.2377 0.1097 9.0000 0.0259 
223.0000 2.2408 0.0947 11.0000 0.0126 
224.0000 2.2456 0.1120 8.0000 0.0215 
225.0000 2.2366 0.0999 9.0000 0.0148 
226.0000 2.2407 0.1135 8.0000 0.0206 
227.0000 2.2351 0.0928 8.0000 0.0190 
228.0000 2.2307 0.1283 8.0000 0.0248 
229.0000 2.2331 0.1392 7.0000 0.0306 
230.0000 2.2035 0.1163 10.0000 0.0333 
231.0000 2.2088 0.1305 6.0000 0.0350 
232.0000 2.1895 0.1289 8.0000 0.0271 
233.0000 2.1880 0.1112 7.0000 0.0242 
234.0000 2.1753 0.1447 8.0000 0.0256 
235.0000 2.1810 0.1702 7.0000 0.0316 
236.0000 2.1872 0.1317 6.0000 0.0287 
238.0000 2.1978 0.1018 4.0000 0.0411 
238.0000 2.1978 0.1351 7.0000 0.0325 
239.0000 2.2044 0.1333 7.0000 0.0337 
243.0000 2.2298 0.1257 10.0000 0.0181 
243.0000 2.2298 0.1390 7.0000 0.0329 
243.0000 2.2298 0.1482 8.0000 0.0278 
243.0000 2.2298 0.1449 7.0000 0.0301 
245.0000 2.2399 0.1697 7.0000 0.0434 
245.0000 2.2399 0.1471 8.0000 0.0273 
247.0000 2.2491 0.1302 7.0000 0.0321 
247.0000 2.2491 0.1364 11.0000 0.0319 
248.0000 2.2450 0.1330 6.0000 0.0308 
249.0000 2.2493 0.0967 9.0000 0.0178 
250.0000 2.2482 0.1787 8.0000 0.0233 
251.0000 2.2529 0.1370 9.0000 0.0209 
252.0000 2.2556 0.1336 7.0000 0.0313 
253.0000 2.2599 0.1386 6.0000 0.0354 
254.0000 2.2604 0.1275 10.0000 0.0189 
255.0000 2.2511 0.1028 7.0000 0.0198 
256.0000 2.2551 0.1155 10.0000 0.0150 
257.0000 2.2544 0.1056 9.0000 0.0159 
258.0000 2.2547 0.1150 9.0000 0.0234 
259.0000 2.2567 0.1257 8.0000 0.0235 
260.0000 2.2577 0.0987 8.0000 0.0180 
261.0000 2.2492 0.1187 10.0000 0.0167 
263.0000 2.2548 0.0771 7.0000 0.0134 
263.0000 2.2548 0.0858 7.0000 0.0386 