
1.0000 0.6849 0.0971 12.0000 0.0127 
2.0000 0.9302 0.0331 7.0000 0.0192 
6.0000 1.6901 0.0752 15.0000 0.0274 
6.0000 1.6901 0.0604 3.0000 0.0319 
6.0000 1.6901 0.0593 6.0000 0.0232 
6.0000 1.6901 0.0699 6.0000 0.0186 
7.0000 1.8617 0.0781 9.0000 0.0221 
8.0000 1.6949 0.1109 8.0000 0.0464 
10.0000 1.9531 0.0167 8.0000 0.0103 
10.0000 1.9531 0.0326 5.0000 0.0109 
12.0000 2.1314 0.0517 16.0000 0.0136 
12.0000 2.1314 0.0752 20.0000 0.0132 
13.0000 2.1849 0.0433 13.0000 0.0103 
14.0000 2.0290 0.0958 9.0000 0.0226 
16.0000 2.1798 0.0723 3.0000 0.0331 
16.0000 2.1798 0.0388 4.0000 0.0190 
17.0000 2.1767 0.0471 7.0000 0.0177 
18.0000 2.1713 0.0676 10.0000 0.0191 
19.0000 2.0299 0.0701 4.0000 0.0390 
20.0000 1.8868 0.0977 11.0000 0.0134 
22.0000 1.9928 0.1009 22.0000 0.0251 
22.0000 1.9928 0.0924 8.0000 0.0164 
23.0000 2.0554 0.0509 7.0000 0.0432 
25.0000 2.1720 0.0868 4.0000 0.0407 
25.0000 2.1720 0.0582 4.0000 0.0269 
30.0000 2.3184 0.1729 39.0000 0.0271 
30.0000 2.3184 0.0909 17.0000 0.0185 
30.0000 2.3184 0.1009 10.0000 0.0233 
30.0000 2.3184 0.1372 14.0000 0.0191 
30.0000 2.3184 0.0910 17.0000 0.0215 
32.0000 2.3792 0.0339 10.0000 0.0091 
32.0000 2.3792 0.0236 4.0000 0.0189 
34.0000 2.4854 0.0366 5.0000 0.0209 
34.0000 2.4854 0.0449 8.0000 0.0080 
35.0000 2.5307 0.0473 7.0000 0.0090 
36.0000 2.5105 0.0716 8.0000 0.0162 
37.0000 2.5136 0.0729 10.0000 0.0213 
40.0000 2.5707 0.0373 7.0000 0.0289 
40.0000 2.5707 0.0217 3.0000 0.0078 
40.0000 2.5707 0.0215 4.0000 0.0093 
42.0000 2.6103 0.0406 20.0000 0.0293 
42.0000 2.6103 0.0652 13.0000 0.0134 
43.0000 2.5857 0.0343 15.0000 0.0171 
49.0000 2.4623 0.0317 12.0000 0.0187 
49.0000 2.4623 0.0313 8.0000 0.0230 
49.0000 2.4623 0.0439 5.0000 0.0249 
49.0000 2.4623 0.0451 10.0000 0.0258 
49.0000 2.4623 0.0439 4.0000 0.0133 
49.0000 2.4623 0.0324 4.0000 0.0195 
52.0000 2.5565 0.0466 18.0000 0.0119 
52.0000 2.5565 0.0380 6.0000 0.0250 
52.0000 2.5565 0.0336 9.0000 0.0104 
54.0000 2.6354 0.0113 8.0000 0.0192 
54.0000 2.6354 0.0363 5.0000 0.0133 
55.0000 2.5381 0.0892 55.0000 0.0188 
59.0000 2.5742 0.0612 19.0000 0.0188 
59.0000 2.5742 0.0466 24.0000 0.0154 
59.0000 2.5742 0.1200 17.0000 0.0074 
59.0000 2.5742 0.0450 4.0000 0.0280 
61.0000 2.3589 0.0690 3.0000 0.0345 
61.0000 2.3589 0.0634 3.0000 0.0287 
62.0000 2.3718 0.0798 11.0000 0.0277 
64.0000 2.4160 0.0392 11.0000 0.0341 
64.0000 2.4160 0.0223 3.0000 0.0123 
65.0000 2.4436 0.0415 5.0000 0.0119 
69.0000 2.4883 0.0394 4.0000 0.0169 
69.0000 2.4883 0.0439 37.0000 0.0116 
69.0000 2.4883 0.0171 4.0000 0.0053 
69.0000 2.4883 0.0165 5.0000 0.0061 
72.0000 2.5201 -0.0055 9.0000 0.0264 
72.0000 2.5201 0.0342 7.0000 0.0130 
72.0000 2.5201 0.0762 27.0000 0.0171 
79.0000 2.5183 0.1038 19.0000 0.0277 
79.0000 2.5183 0.0345 5.0000 0.0151 
79.0000 2.5183 0.0829 6.0000 0.0321 
79.0000 2.5183 0.0951 6.0000 0.0291 
79.0000 2.5183 0.0733 25.0000 0.0091 
79.0000 2.5183 0.0452 16.0000 0.0036 
79.0000 2.5183 0.0629 8.0000 0.0109 
80.0000 2.5357 0.0548 7.0000 0.0106 
82.0000 2.5293 0.0415 8.0000 0.0071 
82.0000 2.5293 0.0176 5.0000 0.0052 
83.0000 2.5297 0.0455 8.0000 0.0082 
84.0000 2.5210 0.0622 11.0000 0.0148 
85.0000 2.5208 0.0649 7.0000 0.0148 
86.0000 2.3112 0.0483 7.0000 0.0246 
87.0000 2.2516 0.0943 6.0000 0.0215 
88.0000 2.2686 0.0601 6.0000 0.0141 
90.0000 2.2983 0.0495 11.0000 0.0076 
90.0000 2.2983 0.0764 8.0000 0.0230 
91.0000 2.2986 0.0699 6.0000 0.0124 
92.0000 2.3029 0.0691 8.0000 0.0126 
93.0000 2.1929 0.0645 7.0000 0.0146 
95.0000 2.2103 0.0302 17.0000 0.0157 
95.0000 2.2103 0.0370 4.0000 0.0049 
96.0000 2.2253 0.0403 14.0000 0.0139 
97.0000 2.1441 0.0689 7.0000 0.0144 
98.0000 2.0684 0.0652 18.0000 0.0142 
100.0000 2.0812 0.1550 32.0000 0.0318 
100.0000 2.0812 0.1333 7.0000 0.0218 
102.0000 2.0602 0.0201 3.0000 0.0032 
102.0000 2.0602 0.0612 10.0000 0.0086 
104.0000 2.0578 0.1294 5.0000 0.0300 
104.0000 2.0578 0.0303 3.0000 0.0098 
105.0000 2.0456 0.0422 10.0000 0.0096 
106.0000 2.0400 0.0814 6.0000 0.0219 
107.0000 1.9974 0.0501 12.0000 0.0091 
108.0000 1.7751 0.0587 5.0000 0.0174 
109.0000 1.7689 0.0223 24.0000 0.0103 
110.0000 1.7391 0.0577 9.0000 0.0144 
111.0000 1.7390 0.0739 13.0000 0.0117 
112.0000 1.7381 0.0593 8.0000 0.0165 
121.0000 1.8336 0.0990 52.0000 0.0201 
121.0000 1.8336 0.1392 9.0000 0.0336 
121.0000 1.8336 0.1374 10.0000 0.0174 
121.0000 1.8336 0.1328 8.0000 0.0179 
121.0000 1.8336 0.1250 8.0000 0.0203 
121.0000 1.8336 0.1114 7.0000 0.0282 
121.0000 1.8336 0.1106 13.0000 0.0018 
121.0000 1.8336 0.1088 8.0000 0.0217 
121.0000 1.8336 0.1147 16.0000 0.0215 
123.0000 1.8513 0.0830 16.0000 0.0216 
123.0000 1.8513 0.1229 18.0000 0.0030 
124.0000 1.8330 0.0615 18.0000 0.0197 
125.0000 1.8445 0.0773 8.0000 0.0140 
127.0000 1.8698 0.0565 8.0000 0.0141 
127.0000 1.8698 0.0307 4.0000 0.0130 
128.0000 1.8711 0.0966 11.0000 0.0177 
129.0000 1.8761 0.0836 10.0000 0.0111 
131.0000 1.8749 0.0645 16.0000 0.0146 
131.0000 1.8749 0.1110 30.0000 0.0115 
132.0000 1.8636 0.0339 9.0000 0.0191 
133.0000 1.8724 0.0387 11.0000 0.0146 
134.0000 1.8804 0.0503 11.0000 0.0170 
137.0000 1.8775 0.0045 52.0000 0.0095 
137.0000 1.8775 0.0541 26.0000 0.0026 
137.0000 1.8775 0.0304 7.0000 0.0072 
138.0000 1.8824 0.0731 7.0000 0.0171 
139.0000 1.8901 0.0703 12.0000 0.0156 
140.0000 1.8265 0.0472 21.0000 0.0111 