
2.0000 0.4566 0.0415 6.0000 0.0210 
2.0000 0.4566 0.0436 3.0000 0.0223 
5.0000 0.9597 0.0878 6.0000 0.0146 
5.0000 0.9597 0.1359 9.0000 0.0224 
5.0000 0.9597 0.1529 10.0000 0.0241 
6.0000 0.5764 0.1151 8.0000 0.0235 
7.0000 0.3256 0.1499 8.0000 0.0338 
8.0000 0.3605 0.1674 12.0000 0.0207 
9.0000 0.3848 0.0802 9.0000 0.0316 
11.0000 0.3772 0.0946 8.0000 0.0401 
11.0000 0.3772 0.1529 7.0000 0.0395 
12.0000 0.3649 0.1491 10.0000 0.0204 
13.0000 0.2606 0.0459 4.0000 0.0160 
14.0000 0.2680 0.1243 9.0000 0.0306 
16.0000 0.3051 0.1111 6.0000 0.0222 
16.0000 0.3051 0.1201 7.0000 0.0302 
17.0000 0.3234 0.1400 7.0000 0.0354 
18.0000 0.3269 0.1290 10.0000 0.0191 
19.0000 0.3419 0.0919 6.0000 0.0318 
20.0000 0.3579 0.1482 8.0000 0.0238 
21.0000 0.3745 0.0957 5.0000 0.0345 
22.0000 0.3302 0.1441 10.0000 0.0189 
23.0000 0.3445 0.1026 7.0000 0.0237 
24.0000 0.3565 0.1290 14.0000 0.0225 
25.0000 0.3253 0.1180 9.0000 0.0252 
26.0000 0.3375 0.0475 4.0000 0.0218 
27.0000 0.3466 0.1177 9.0000 0.0276 
28.0000 0.3579 0.0595 4.0000 0.0158 
29.0000 0.3385 0.1124 8.0000 0.0203 
30.0000 0.3333 0.1515 7.0000 0.0261 
31.0000 0.3405 0.1194 8.0000 0.0343 
32.0000 0.3488 0.0899 7.0000 0.0520 
33.0000 0.3399 0.1034 7.0000 0.0246 
34.0000 0.3498 0.1123 7.0000 0.0399 
35.0000 0.2679 0.1234 9.0000 0.0209 
38.0000 0.2600 0.0343 3.0000 0.0017 
38.0000 0.2600 0.1007 5.0000 0.0339 
38.0000 0.2600 0.1005 10.0000 0.0179 
40.0000 0.2707 0.1325 10.0000 0.0207 
40.0000 0.2707 0.1170 8.0000 0.0216 
41.0000 0.2705 0.1012 8.0000 0.0255 
42.0000 0.2769 0.1329 8.0000 0.0189 
43.0000 0.2732 0.1062 7.0000 0.0325 
44.0000 0.2616 0.1101 7.0000 0.0330 
45.0000 0.2666 0.1085 8.0000 0.0317 
46.0000 0.2670 0.0497 10.0000 0.0215 
47.0000 0.2726 0.0938 7.0000 0.0208 