
1.0000 1.8519 0.1987 9.0000 0.0378 
2.0000 2.0408 0.1779 9.0000 0.0283 
4.0000 2.7027 0.1883 6.0000 0.0374 
4.0000 2.7027 0.0391 3.0000 0.0287 
6.0000 2.5210 0.2093 9.0000 0.0524 
6.0000 2.5210 0.0535 4.0000 0.0238 
7.0000 2.8000 0.1780 9.0000 0.0297 
9.0000 2.8662 0.1513 11.0000 0.0319 
9.0000 2.8662 0.1598 7.0000 0.0344 
10.0000 3.0395 0.2406 7.0000 0.0481 
11.0000 3.0387 0.1638 8.0000 0.0393 
12.0000 2.6608 0.1460 11.0000 0.0275 
13.0000 2.2298 0.1317 7.0000 0.0216 
15.0000 2.3474 0.1162 9.0000 0.0177 
15.0000 2.3474 0.0336 4.0000 0.0188 
16.0000 2.2039 0.1745 10.0000 0.0246 
17.0000 1.8805 0.1680 10.0000 0.0302 
18.0000 1.9694 0.1215 7.0000 0.0308 
29.0000 2.7698 0.1492 10.0000 0.0245 
29.0000 2.7698 0.1895 9.0000 0.0287 
29.0000 2.7698 0.1508 9.0000 0.0303 
29.0000 2.7698 0.1315 6.0000 0.0303 
29.0000 2.7698 0.1275 13.0000 0.0354 
29.0000 2.7698 0.1445 9.0000 0.0286 
29.0000 2.7698 0.1994 9.0000 0.0378 
29.0000 2.7698 0.1915 7.0000 0.0481 
29.0000 2.7698 0.1510 16.0000 0.0359 
29.0000 2.7698 0.1112 13.0000 0.0279 
29.0000 2.7698 0.1242 11.0000 0.0450 
31.0000 2.9218 0.1045 7.0000 0.0255 
31.0000 2.9218 0.0998 4.0000 0.0406 
33.0000 3.0755 0.1506 8.0000 0.0267 
33.0000 3.0755 0.0670 3.0000 0.0493 
35.0000 3.1732 0.1426 8.0000 0.0342 
35.0000 3.1732 0.1337 8.0000 0.0393 
36.0000 3.2086 0.1752 8.0000 0.0319 
37.0000 3.2258 0.1573 11.0000 0.0198 
39.0000 3.3362 0.1797 9.0000 0.0273 
39.0000 3.3362 0.0330 3.0000 0.0266 
40.0000 3.2626 0.1865 11.0000 0.0270 
42.0000 3.1698 0.1895 10.0000 0.0315 
42.0000 3.1698 0.1553 9.0000 0.0298 
43.0000 3.1594 0.1564 9.0000 0.0336 
44.0000 3.1861 0.1419 8.0000 0.0310 
45.0000 3.2120 0.1590 9.0000 0.0221 
47.0000 3.3216 0.1192 6.0000 0.0349 
47.0000 3.3216 0.0533 3.0000 0.0435 
48.0000 3.3566 0.0836 6.0000 0.0199 
51.0000 3.3887 0.1661 9.0000 0.0260 
51.0000 3.3887 0.1844 8.0000 0.0390 
51.0000 3.3887 0.1819 8.0000 0.0288 
52.0000 3.3016 0.1676 11.0000 0.0205 
53.0000 3.3354 0.1192 7.0000 0.0380 
54.0000 3.3313 0.1462 9.0000 0.0172 
55.0000 3.3557 0.1077 9.0000 0.0193 
57.0000 3.3197 0.1181 13.0000 0.0327 
57.0000 3.3197 0.1426 6.0000 0.0338 
58.0000 3.3565 0.0609 8.0000 0.0271 
59.0000 3.3183 0.1374 9.0000 0.0222 
60.0000 3.2154 0.1638 12.0000 0.0265 
62.0000 3.1078 0.1696 10.0000 0.0215 
62.0000 3.1078 0.1371 8.0000 0.0295 
63.0000 3.1312 0.1443 10.0000 0.0375 
65.0000 3.0689 0.1542 8.0000 0.0223 
65.0000 3.0689 0.0152 4.0000 0.0079 
67.0000 2.8378 0.1292 10.0000 0.0341 
67.0000 2.8378 0.1036 9.0000 0.0187 
68.0000 2.4745 0.1168 6.0000 0.0251 
69.0000 2.2697 0.1623 11.0000 0.0281 
70.0000 2.2082 0.1220 14.0000 0.0339 
72.0000 2.2367 0.1864 19.0000 0.0339 
72.0000 2.2367 0.1389 7.0000 0.0305 
73.0000 2.2229 0.1107 7.0000 0.0203 
74.0000 2.2256 0.0825 8.0000 0.0153 
76.0000 2.2119 0.1276 8.0000 0.0381 
76.0000 2.2119 0.1374 9.0000 0.0210 
77.0000 2.2114 0.1573 8.0000 0.0322 
78.0000 2.1311 0.2134 9.0000 0.0332 
79.0000 2.1112 0.1618 12.0000 0.0254 
80.0000 2.0992 0.1136 8.0000 0.0321 
82.0000 2.1393 0.0847 7.0000 0.0299 
82.0000 2.1393 0.1035 6.0000 0.0273 
84.0000 2.1544 0.1667 7.0000 0.0260 
84.0000 2.1544 0.0376 3.0000 0.0326 
85.0000 2.0874 0.1962 15.0000 0.0272 
86.0000 1.9963 0.1178 7.0000 0.0217 
87.0000 1.9991 0.1447 11.0000 0.0186 
88.0000 2.0018 0.0987 7.0000 0.0310 
89.0000 2.0181 0.1421 9.0000 0.0270 
90.0000 2.0279 0.0757 7.0000 0.0118 
91.0000 2.0022 0.0637 7.0000 0.0308 
92.0000 2.0180 0.0738 8.0000 0.0146 
93.0000 2.0315 0.1559 9.0000 0.0227 
94.0000 2.0224 0.1303 9.0000 0.0200 
95.0000 2.0021 0.0561 5.0000 0.0129 
96.0000 1.8454 0.1120 3.0000 0.0616 
97.0000 1.8614 0.1670 7.0000 0.0189 
99.0000 1.8922 0.1566 8.0000 0.0268 
99.0000 1.8922 0.0741 3.0000 0.0443 
100.0000 1.8730 0.1161 10.0000 0.0284 
102.0000 1.8549 0.1721 7.0000 0.0341 
102.0000 1.8549 0.0580 4.0000 0.0222 
103.0000 1.7991 0.1723 9.0000 0.0322 
104.0000 1.7984 0.1391 9.0000 0.0224 
105.0000 1.7677 0.1369 6.0000 0.0377 
106.0000 1.7806 0.0780 7.0000 0.0183 
107.0000 1.7334 0.1784 12.0000 0.0224 
111.0000 1.7794 0.1949 10.0000 0.0337 
111.0000 1.7794 0.1967 14.0000 0.0177 
111.0000 1.7794 0.1892 10.0000 0.0306 
111.0000 1.7794 0.1832 10.0000 0.0222 
112.0000 1.7860 0.1850 8.0000 0.0299 
113.0000 1.7908 0.1605 11.0000 0.0185 
114.0000 1.8001 0.1223 11.0000 0.0278 
115.0000 1.8051 0.0633 12.0000 0.0186 
116.0000 1.8024 0.1511 15.0000 0.0327 
118.0000 1.8258 0.1271 9.0000 0.0225 
118.0000 1.8258 0.0425 3.0000 0.0257 
119.0000 1.8254 0.0448 6.0000 0.0197 
120.0000 1.8298 0.1097 8.0000 0.0188 
121.0000 1.8423 0.0537 5.0000 0.0127 
123.0000 1.8402 0.0603 7.0000 0.0393 
123.0000 1.8402 0.0327 3.0000 0.0280 
125.0000 1.8521 0.0462 8.0000 0.0188 
125.0000 1.8521 0.0374 3.0000 0.0270 
126.0000 1.8421 0.1013 8.0000 0.0169 
127.0000 1.8478 0.0977 7.0000 0.0255 
128.0000 1.8262 0.1273 12.0000 0.0220 
129.0000 1.8298 0.1543 10.0000 0.0245 
131.0000 1.8440 0.1033 6.0000 0.0372 
131.0000 1.8440 0.0515 3.0000 0.0340 
132.0000 1.8003 0.1391 9.0000 0.0288 
133.0000 1.7597 0.1427 8.0000 0.0254 
134.0000 1.7685 0.0727 7.0000 0.0179 
135.0000 1.7672 0.1791 9.0000 0.0271 
136.0000 1.7704 0.1639 8.0000 0.0300 
137.0000 1.7771 0.1801 11.0000 0.0199 
138.0000 1.7772 0.1795 13.0000 0.0221 
139.0000 1.7535 0.1550 13.0000 0.0185 
140.0000 1.7368 0.1641 10.0000 0.0277 
141.0000 1.7438 0.1409 8.0000 0.0235 
144.0000 1.7595 0.1201 8.0000 0.0375 
144.0000 1.7595 0.1274 7.0000 0.0280 
144.0000 1.7595 0.1620 8.0000 0.0290 
146.0000 1.7759 0.1524 14.0000 0.0275 
146.0000 1.7759 0.0839 7.0000 0.0459 
147.0000 1.7844 0.1269 9.0000 0.0211 
148.0000 1.7788 0.0675 7.0000 0.0088 
150.0000 1.8001 0.0731 3.0000 0.0404 
150.0000 1.8001 0.0856 4.0000 0.0291 
159.0000 1.8737 0.1590 8.0000 0.0338 
159.0000 1.8737 0.2037 7.0000 0.0467 
159.0000 1.8737 0.1226 18.0000 0.0195 
159.0000 1.8737 0.1801 7.0000 0.0408 
159.0000 1.8737 0.1630 8.0000 0.0131 
159.0000 1.8737 0.1697 12.0000 0.0468 
159.0000 1.8737 0.1794 6.0000 0.0461 
159.0000 1.8737 0.2006 9.0000 0.0363 
159.0000 1.8737 0.1914 13.0000 0.0366 
160.0000 1.8817 0.1666 6.0000 0.0802 
161.0000 1.8632 0.1929 8.0000 0.0461 
162.0000 1.8636 0.1450 7.0000 0.0113 
163.0000 1.8502 0.1873 11.0000 0.0242 
165.0000 1.8554 0.1892 7.0000 0.0621 
165.0000 1.8554 0.0792 4.0000 0.0360 
166.0000 1.8516 0.1528 9.0000 0.0210 
167.0000 1.8525 0.1520 10.0000 0.0203 
168.0000 1.8299 0.1811 10.0000 0.0257 
169.0000 1.8071 0.1206 10.0000 0.0210 
170.0000 1.8020 0.1566 9.0000 0.0275 
171.0000 1.7805 0.1230 8.0000 0.0231 
173.0000 1.7839 0.1885 10.0000 0.0301 
173.0000 1.7839 0.1360 9.0000 0.0200 
174.0000 1.7475 0.1924 10.0000 0.0285 
175.0000 1.7177 0.1796 7.0000 0.0313 
176.0000 1.6662 0.1203 7.0000 0.0357 
177.0000 1.6728 0.1879 14.0000 0.0312 
178.0000 1.6800 0.1416 7.0000 0.0234 
179.0000 1.6839 0.1071 5.0000 0.0404 
181.0000 1.6976 0.1446 8.0000 0.0356 
181.0000 1.6976 0.1680 9.0000 0.0204 
182.0000 1.7006 0.1369 9.0000 0.0246 
183.0000 1.7076 0.1263 10.0000 0.0159 
185.0000 1.7208 0.0991 3.0000 0.0437 
185.0000 1.7208 0.1313 7.0000 0.0264 
186.0000 1.7277 0.1966 10.0000 0.0278 
187.0000 1.7320 0.1114 6.0000 0.0514 
188.0000 1.7385 0.1325 8.0000 0.0348 
189.0000 1.7439 0.1223 7.0000 0.0431 
190.0000 1.7474 0.1728 9.0000 0.0329 
191.0000 1.7539 0.1650 11.0000 0.0259 
195.0000 1.7824 0.1670 7.0000 0.0361 
195.0000 1.7824 0.1552 5.0000 0.0615 
195.0000 1.7824 0.1953 6.0000 0.0617 
195.0000 1.7824 0.1606 10.0000 0.0221 
196.0000 1.7757 0.1797 10.0000 0.0268 
197.0000 1.7825 0.1321 9.0000 0.0217 
198.0000 1.7897 0.0793 6.0000 0.0172 
199.0000 1.7955 0.0693 8.0000 0.0259 
200.0000 1.7971 0.1113 8.0000 0.0304 
201.0000 1.7930 0.1039 8.0000 0.0225 
202.0000 1.7856 0.0770 8.0000 0.0219 
203.0000 1.7823 0.0896 9.0000 0.0158 
206.0000 1.7812 0.1640 8.0000 0.0321 
206.0000 1.7812 0.1123 8.0000 0.0258 
206.0000 1.7812 0.0069 3.0000 0.0032 
207.0000 1.7755 0.1138 7.0000 0.0368 
208.0000 1.7819 0.1390 9.0000 0.0242 
209.0000 1.7818 0.0818 7.0000 0.0181 
210.0000 1.7830 0.1529 11.0000 0.0226 
211.0000 1.7866 0.1455 7.0000 0.0333 
212.0000 1.7782 0.1517 9.0000 0.0295 
215.0000 1.7891 0.1086 9.0000 0.0251 
215.0000 1.7891 0.1265 9.0000 0.0224 
215.0000 1.7891 0.1036 9.0000 0.0142 
216.0000 1.7939 0.0816 7.0000 0.0350 
217.0000 1.7895 0.1321 8.0000 0.0210 
218.0000 1.7956 0.1359 9.0000 0.0297 
219.0000 1.7942 0.1643 9.0000 0.0210 
220.0000 1.7918 0.1418 9.0000 0.0222 
222.0000 1.8019 0.1197 7.0000 0.0558 
222.0000 1.8019 0.0672 4.0000 0.0281 
223.0000 1.8016 0.0830 11.0000 0.0196 
224.0000 1.7976 0.1298 9.0000 0.0238 
225.0000 1.8003 0.1327 11.0000 0.0167 
227.0000 1.8072 0.1881 8.0000 0.0370 
227.0000 1.8072 0.0447 3.0000 0.0284 
228.0000 1.8105 0.1317 10.0000 0.0179 
229.0000 1.8026 0.2211 9.0000 0.0369 
230.0000 1.8077 0.1650 9.0000 0.0137 
231.0000 1.8082 0.1011 10.0000 0.0194 
232.0000 1.8088 0.1141 7.0000 0.0470 
233.0000 1.8063 0.1461 7.0000 0.0270 
235.0000 1.8147 0.1449 7.0000 0.0372 
235.0000 1.8147 0.1532 9.0000 0.0284 
236.0000 1.8079 0.0803 9.0000 0.0250 
237.0000 1.7961 0.2214 10.0000 0.0368 
238.0000 1.7879 0.1342 22.0000 0.0277 
239.0000 1.7940 0.1329 7.0000 0.0402 
240.0000 1.7998 0.1102 6.0000 0.0367 
241.0000 1.7999 0.1850 13.0000 0.0263 
242.0000 1.8002 0.1617 13.0000 0.0270 
243.0000 1.8056 0.0852 8.0000 0.0117 
244.0000 1.8114 0.1251 6.0000 0.0298 
245.0000 1.7992 0.1151 7.0000 0.0225 
246.0000 1.7950 0.1531 10.0000 0.0304 
248.0000 1.8000 0.1388 12.0000 0.0421 
248.0000 1.8000 0.0586 5.0000 0.0182 
249.0000 1.7993 0.1469 11.0000 0.0148 
250.0000 1.7820 0.0810 8.0000 0.0301 
251.0000 1.7759 0.1787 8.0000 0.0345 
252.0000 1.7700 0.1214 10.0000 0.0240 
253.0000 1.7663 0.1733 16.0000 0.0216 
254.0000 1.7702 0.1566 12.0000 0.0149 
255.0000 1.7608 0.1382 9.0000 0.0323 
256.0000 1.7662 0.0794 7.0000 0.0259 
257.0000 1.7639 0.1025 7.0000 0.0128 
258.0000 1.7687 0.1185 8.0000 0.0257 
259.0000 1.7739 0.1019 5.0000 0.0057 
260.0000 1.7790 0.1222 9.0000 0.0200 
261.0000 1.7741 0.1381 10.0000 0.0183 
264.0000 1.7867 0.1554 11.0000 0.0344 
264.0000 1.7867 0.1812 8.0000 0.0330 
264.0000 1.7867 0.0180 4.0000 0.0088 
265.0000 1.7851 0.1204 10.0000 0.0293 
266.0000 1.7805 0.1241 10.0000 0.0176 
267.0000 1.7779 0.1090 8.0000 0.0199 
268.0000 1.7777 0.0778 7.0000 0.0342 
269.0000 1.7815 0.1047 11.0000 0.0199 
270.0000 1.7824 0.0963 7.0000 0.0440 
271.0000 1.7782 0.2375 9.0000 0.0655 
272.0000 1.7775 0.0776 8.0000 0.0202 
273.0000 1.7741 0.1482 11.0000 0.0219 
274.0000 1.7681 0.1687 10.0000 0.0244 
276.0000 1.7714 0.1171 8.0000 0.0209 
276.0000 1.7714 0.1112 6.0000 0.0326 
277.0000 1.7746 0.1852 11.0000 0.0235 
278.0000 1.7708 0.1906 9.0000 0.0401 
279.0000 1.7686 0.2020 12.0000 0.0278 
280.0000 1.7605 0.1445 11.0000 0.0223 
281.0000 1.7499 0.0825 9.0000 0.0147 
282.0000 1.7520 0.1094 7.0000 0.0246 
283.0000 1.7463 0.1170 10.0000 0.0224 
284.0000 1.7462 0.1241 11.0000 0.0222 
285.0000 1.7421 0.1524 11.0000 0.0234 
286.0000 1.7362 0.0613 7.0000 0.0285 
288.0000 1.7201 0.1747 10.0000 0.0433 
288.0000 1.7201 0.2085 12.0000 0.0182 
289.0000 1.7232 0.1226 7.0000 0.0247 
291.0000 1.7327 0.1293 7.0000 0.0395 
291.0000 1.7327 0.1331 4.0000 0.0397 
293.0000 1.7420 0.1336 7.0000 0.0362 
293.0000 1.7420 0.1790 6.0000 0.0376 
294.0000 1.7412 0.1842 7.0000 0.0476 
296.0000 1.7389 0.1760 7.0000 0.0464 
296.0000 1.7389 0.0309 4.0000 0.0157 
297.0000 1.7421 0.1339 9.0000 0.0223 
298.0000 1.7462 0.1158 8.0000 0.0297 
299.0000 1.7367 0.1483 7.0000 0.0361 
300.0000 1.7205 0.1000 7.0000 0.0352 
301.0000 1.7165 0.1757 10.0000 0.0240 
303.0000 1.7194 0.1214 12.0000 0.0294 
303.0000 1.7194 0.0557 4.0000 0.0247 
304.0000 1.7103 0.1395 10.0000 0.0237 