
1.0000 2.3256 0.1726 11.0000 0.0280 
2.0000 1.0152 0.1940 10.0000 0.0316 
3.0000 1.3274 0.2061 9.0000 0.0365 
4.0000 0.7905 0.1659 10.0000 0.0241 
5.0000 0.8897 0.1845 9.0000 0.0303 
6.0000 0.6912 0.1636 12.0000 0.0229 
7.0000 0.6938 0.1998 13.0000 0.0208 
8.0000 0.6711 0.1777 10.0000 0.0323 
9.0000 0.7053 0.1730 9.0000 0.0368 
10.0000 0.7092 0.1832 11.0000 0.0240 
11.0000 0.7333 0.1619 8.0000 0.0325 
12.0000 0.7067 0.1586 10.0000 0.0340 
13.0000 0.6680 0.1525 10.0000 0.0210 
14.0000 0.6573 0.2165 8.0000 0.0395 
15.0000 0.6477 0.2155 11.0000 0.0247 
16.0000 0.6364 0.2109 11.0000 0.0301 
17.0000 0.6491 0.2070 10.0000 0.0294 
18.0000 0.6424 0.2033 10.0000 0.0331 
19.0000 0.6570 0.1784 11.0000 0.0213 
20.0000 0.6378 0.1918 11.0000 0.0263 
21.0000 0.6623 0.1894 7.0000 0.0356 
22.0000 0.6611 0.1962 11.0000 0.0290 
23.0000 0.6609 0.1955 11.0000 0.0226 
24.0000 0.6685 0.1746 9.0000 0.0283 
25.0000 0.6640 0.2062 10.0000 0.0353 
26.0000 0.6806 0.1654 11.0000 0.0273 
27.0000 0.7015 0.1860 13.0000 0.0208 
28.0000 0.6941 0.2107 11.0000 0.0318 
29.0000 0.7155 0.2239 12.0000 0.0235 
30.0000 0.7360 0.1947 9.0000 0.0313 
31.0000 0.7296 0.1788 10.0000 0.0319 
32.0000 0.7395 0.1950 13.0000 0.0232 
33.0000 0.7322 0.1903 11.0000 0.0295 
34.0000 0.7282 0.2161 12.0000 0.0328 
35.0000 0.7165 0.2160 12.0000 0.0276 
36.0000 0.7323 0.1798 9.0000 0.0306 
37.0000 0.7291 0.2010 11.0000 0.0316 
38.0000 0.7409 0.1575 8.0000 0.0463 
39.0000 0.7564 0.2074 11.0000 0.0313 
40.0000 0.7635 0.2022 9.0000 0.0304 
41.0000 0.7542 0.1770 9.0000 0.0301 
42.0000 0.7358 0.2053 13.0000 0.0220 
43.0000 0.7469 0.1730 9.0000 0.0311 
44.0000 0.7415 0.1798 11.0000 0.0274 
45.0000 0.7414 0.2007 10.0000 0.0273 
46.0000 0.7416 0.1983 9.0000 0.0391 
47.0000 0.7283 0.2116 11.0000 0.0284 
48.0000 0.7274 0.1994 12.0000 0.0275 
49.0000 0.7215 0.2172 13.0000 0.0310 
50.0000 0.7335 0.1906 10.0000 0.0299 
51.0000 0.7202 0.2193 10.0000 0.0287 
52.0000 0.7057 0.1969 10.0000 0.0333 
53.0000 0.6968 0.1852 9.0000 0.0322 
54.0000 0.7044 0.1766 8.0000 0.0482 
55.0000 0.7099 0.1800 13.0000 0.0410 
56.0000 0.7136 0.2304 13.0000 0.0303 
57.0000 0.7185 0.1766 12.0000 0.0207 
58.0000 0.7211 0.1841 10.0000 0.0333 
59.0000 0.7214 0.2016 12.0000 0.0232 
60.0000 0.7274 0.2128 12.0000 0.0287 
61.0000 0.7326 0.1766 11.0000 0.0248 
62.0000 0.7407 0.1758 9.0000 0.0359 
63.0000 0.7393 0.1269 9.0000 0.0214 
64.0000 0.7496 0.1982 9.0000 0.0388 
65.0000 0.7495 0.1766 10.0000 0.0357 
66.0000 0.7480 0.1909 10.0000 0.0357 
67.0000 0.7507 0.1999 10.0000 0.0372 
68.0000 0.7528 0.2049 11.0000 0.0338 
69.0000 0.7499 0.1558 11.0000 0.0180 
70.0000 0.7562 0.2055 10.0000 0.0340 
71.0000 0.7540 0.1598 8.0000 0.0331 
72.0000 0.7526 0.1802 11.0000 0.0292 
73.0000 0.7587 0.1717 10.0000 0.0234 
74.0000 0.7579 0.2132 12.0000 0.0297 
75.0000 0.7550 0.1906 13.0000 0.0253 
76.0000 0.7553 0.1951 9.0000 0.0286 
77.0000 0.7594 0.2061 10.0000 0.0275 
78.0000 0.7609 0.1931 12.0000 0.0263 
79.0000 0.7551 0.1919 12.0000 0.0243 
80.0000 0.7547 0.1774 15.0000 0.0300 
81.0000 0.7424 0.1769 8.0000 0.0383 
82.0000 0.7409 0.1668 8.0000 0.0374 
83.0000 0.7458 0.1850 15.0000 0.0195 
84.0000 0.7456 0.1703 9.0000 0.0327 
85.0000 0.7466 0.1800 10.0000 0.0327 
86.0000 0.7482 0.1835 10.0000 0.0267 
87.0000 0.7462 0.2095 12.0000 0.0268 
88.0000 0.7441 0.1885 11.0000 0.0245 
89.0000 0.7452 0.1671 7.0000 0.0416 
90.0000 0.7489 0.2144 13.0000 0.0233 
91.0000 0.7421 0.2057 11.0000 0.0254 
92.0000 0.7363 0.1849 10.0000 0.0356 
93.0000 0.7356 0.2018 8.0000 0.0347 
94.0000 0.7306 0.2107 12.0000 0.0262 
95.0000 0.7289 0.1988 10.0000 0.0372 
96.0000 0.7226 0.1906 10.0000 0.0362 
97.0000 0.7139 0.2381 10.0000 0.0333 
98.0000 0.7197 0.2034 11.0000 0.0296 
99.0000 0.7217 0.1844 11.0000 0.0373 
100.0000 0.7222 0.1772 10.0000 0.0231 
101.0000 0.7284 0.1748 9.0000 0.0344 
102.0000 0.7323 0.2019 13.0000 0.0251 
103.0000 0.7335 0.2003 14.0000 0.0248 
104.0000 0.7349 0.1975 10.0000 0.0271 
105.0000 0.7368 0.1623 9.0000 0.0269 
106.0000 0.7357 0.2143 12.0000 0.0275 
107.0000 0.7390 0.1909 9.0000 0.0341 
108.0000 0.7428 0.1938 10.0000 0.0372 
109.0000 0.7431 0.2038 12.0000 0.0293 
110.0000 0.7452 0.1892 11.0000 0.0230 
111.0000 0.7457 0.2000 12.0000 0.0255 
112.0000 0.7445 0.1778 8.0000 0.0485 
113.0000 0.7465 0.1669 10.0000 0.0287 
114.0000 0.7459 0.1894 9.0000 0.0260 
115.0000 0.7442 0.1894 13.0000 0.0298 
116.0000 0.7487 0.1747 10.0000 0.0268 
117.0000 0.7465 0.1830 13.0000 0.0199 
118.0000 0.7472 0.2123 12.0000 0.0332 
119.0000 0.7445 0.1762 9.0000 0.0296 
120.0000 0.7450 0.2034 11.0000 0.0294 
121.0000 0.7439 0.1695 9.0000 0.0242 
122.0000 0.7414 0.1351 12.0000 0.0168 
123.0000 0.7465 0.1429 9.0000 0.0275 
124.0000 0.7460 0.2097 12.0000 0.0325 
125.0000 0.7422 0.1853 9.0000 0.0317 
126.0000 0.7459 0.2110 13.0000 0.0249 
127.0000 0.7475 0.1527 12.0000 0.0233 
128.0000 0.7473 0.1654 8.0000 0.0371 
129.0000 0.7518 0.1853 11.0000 0.0232 
130.0000 0.7507 0.1592 10.0000 0.0261 
131.0000 0.7474 0.2143 11.0000 0.0364 
132.0000 0.7464 0.1689 7.0000 0.0344 
133.0000 0.7494 0.1778 10.0000 0.0339 
134.0000 0.7503 0.2041 10.0000 0.0380 
135.0000 0.7538 0.1460 10.0000 0.0260 
136.0000 0.7566 0.1249 9.0000 0.0200 
137.0000 0.7616 0.1373 7.0000 0.0333 