
1.0000 1.9231 0.1367 10.0000 0.0243 
2.0000 2.0833 0.1473 11.0000 0.0171 
3.0000 2.1583 0.1230 11.0000 0.0238 
5.0000 1.9084 0.0878 14.0000 0.0192 
5.0000 1.9084 0.0654 4.0000 0.0323 
6.0000 1.8127 0.1351 10.0000 0.0217 
7.0000 1.6432 0.1057 15.0000 0.0129 
8.0000 1.7204 0.1335 10.0000 0.0220 
9.0000 1.6791 0.1220 14.0000 0.0176 
10.0000 1.6234 0.1263 13.0000 0.0170 
11.0000 1.6492 0.1548 12.0000 0.0280 
13.0000 1.7857 0.1084 9.0000 0.0331 
13.0000 1.7857 0.0229 3.0000 0.0128 
14.0000 1.5504 0.1117 13.0000 0.0213 
15.0000 1.5075 0.1192 15.0000 0.0186 
16.0000 1.5414 0.1114 13.0000 0.0258 
17.0000 1.4382 0.1250 15.0000 0.0061 
19.0000 1.5067 0.1071 9.0000 0.0279 
19.0000 1.5067 0.0162 3.0000 0.0095 
20.0000 1.4749 0.1283 14.0000 0.0176 
22.0000 1.5204 0.1105 10.0000 0.0188 
22.0000 1.5204 0.0249 4.0000 0.0075 
23.0000 1.5172 0.1242 15.0000 0.0185 
24.0000 1.4787 0.1022 11.0000 0.0183 
25.0000 1.4819 0.0761 12.0000 0.0312 
27.0000 1.5177 0.1163 11.0000 0.0278 
27.0000 1.5177 0.0618 4.0000 0.0269 
28.0000 1.4925 0.1435 16.0000 0.0207 
29.0000 1.4995 0.0859 14.0000 0.0082 
31.0000 1.5594 0.0540 3.0000 0.0269 
31.0000 1.5594 0.0795 9.0000 0.0141 
32.0000 1.5633 0.1146 16.0000 0.0158 
33.0000 1.5714 0.1405 14.0000 0.0161 
34.0000 1.5704 0.1318 12.0000 0.0145 
35.0000 1.5880 0.0585 10.0000 0.0187 
36.0000 1.5873 0.1057 8.0000 0.0263 
37.0000 1.6038 0.1537 11.0000 0.0233 
39.0000 1.6421 0.1129 9.0000 0.0262 
39.0000 1.6421 0.0502 4.0000 0.0247 
40.0000 1.6468 0.1416 11.0000 0.0158 
41.0000 1.6526 0.1033 8.0000 0.0266 
42.0000 1.6601 0.1518 11.0000 0.0190 
43.0000 1.6558 0.1424 13.0000 0.0204 
44.0000 1.6635 0.1597 11.0000 0.0200 
45.0000 1.6617 0.1255 15.0000 0.0221 
46.0000 1.6559 0.1367 9.0000 0.0234 
47.0000 1.6631 0.1224 12.0000 0.0023 
48.0000 1.6546 0.1420 15.0000 0.0191 
49.0000 1.6537 0.1033 10.0000 0.0192 
50.0000 1.6606 0.1348 13.0000 0.0195 
51.0000 1.6569 0.1228 11.0000 0.0177 
52.0000 1.6619 0.0713 13.0000 0.0131 
53.0000 1.6368 0.1190 9.0000 0.0215 
54.0000 1.6329 0.1033 11.0000 0.0229 
55.0000 1.6374 0.1392 13.0000 0.0251 
56.0000 1.6232 0.1021 11.0000 0.0212 
57.0000 1.6025 0.0963 11.0000 0.0122 
59.0000 1.5950 0.1292 12.0000 0.0223 
59.0000 1.5950 0.0121 3.0000 0.0073 
60.0000 1.5694 0.1057 11.0000 0.0158 
62.0000 1.5820 0.1313 8.0000 0.0326 
62.0000 1.5820 0.0604 5.0000 0.0229 
63.0000 1.5877 0.1399 10.0000 0.0204 
65.0000 1.6161 0.1085 10.0000 0.0117 
65.0000 1.6161 0.0476 3.0000 0.0320 
66.0000 1.6047 0.0836 11.0000 0.0170 
67.0000 1.6160 0.0880 12.0000 0.0127 
68.0000 1.6076 0.0979 14.0000 0.0024 
70.0000 1.6129 0.0544 9.0000 0.0250 
70.0000 1.6129 0.0413 5.0000 0.0154 
72.0000 1.6327 0.1267 13.0000 0.0160 
72.0000 1.6327 0.0314 3.0000 0.0255 
74.0000 1.6607 0.0806 8.0000 0.0167 
74.0000 1.6607 0.0385 4.0000 0.0213 
75.0000 1.6444 0.1128 12.0000 0.0165 
77.0000 1.6517 0.0646 10.0000 0.0249 
77.0000 1.6517 0.0415 4.0000 0.0193 
78.0000 1.6557 0.1414 11.0000 0.0189 
79.0000 1.6558 0.0878 14.0000 0.0120 
80.0000 1.6584 0.1297 12.0000 0.0197 
81.0000 1.6427 0.1495 13.0000 0.0249 
82.0000 1.6328 0.1076 14.0000 0.0186 
83.0000 1.6110 0.0523 13.0000 0.0139 
84.0000 1.6080 0.0763 12.0000 0.0200 
85.0000 1.5977 0.0548 10.0000 0.0261 
86.0000 1.5935 0.1201 15.0000 0.0131 
87.0000 1.5882 0.1204 13.0000 0.0181 
88.0000 1.5830 0.0832 12.0000 0.0173 
89.0000 1.5845 0.0597 10.0000 0.0192 
90.0000 1.5940 0.1011 9.0000 0.0262 
91.0000 1.5796 0.1157 15.0000 0.0195 
92.0000 1.5756 0.1376 15.0000 0.0158 
93.0000 1.5678 0.0878 14.0000 0.0194 
94.0000 1.5643 0.1020 13.0000 0.0169 
95.0000 1.5551 0.1084 12.0000 0.0164 
96.0000 1.5542 0.0988 9.0000 0.0156 
97.0000 1.5550 0.0950 12.0000 0.0182 
98.0000 1.5482 0.1053 11.0000 0.0182 
99.0000 1.5435 0.0896 10.0000 0.0205 
100.0000 1.5430 0.0819 13.0000 0.0281 
101.0000 1.5361 0.1020 15.0000 0.0187 
102.0000 1.5375 0.0682 14.0000 0.0193 
103.0000 1.5221 0.1076 10.0000 0.0253 
104.0000 1.5079 0.1027 14.0000 0.0125 
105.0000 1.5099 0.0996 11.0000 0.0298 
106.0000 1.4842 0.1120 14.0000 0.0205 
107.0000 1.4853 0.1176 15.0000 0.0177 
108.0000 1.4680 0.1403 13.0000 0.0202 
109.0000 1.4740 0.1058 12.0000 0.0178 
110.0000 1.4749 0.1137 12.0000 0.0155 
111.0000 1.4625 0.1428 12.0000 0.0224 
112.0000 1.4606 0.1219 10.0000 0.0062 
113.0000 1.4609 0.1000 10.0000 0.0215 
114.0000 1.4615 0.1108 7.0000 0.0243 
116.0000 1.4717 0.0741 9.0000 0.0155 
116.0000 1.4717 0.0302 5.0000 0.0112 
118.0000 1.4858 0.0389 3.0000 0.0098 
118.0000 1.4858 0.0590 5.0000 0.0300 
120.0000 1.5064 0.0556 6.0000 0.0199 
120.0000 1.5064 0.0412 4.0000 0.0179 
122.0000 1.5216 0.0972 10.0000 0.0143 
122.0000 1.5216 0.0140 3.0000 0.0070 
123.0000 1.5211 0.1245 12.0000 0.0154 
124.0000 1.5159 0.1504 11.0000 0.0207 
126.0000 1.5328 0.0878 8.0000 0.0142 
126.0000 1.5328 0.0390 3.0000 0.0259 
127.0000 1.5259 0.1170 15.0000 0.0133 
128.0000 1.5173 0.1054 14.0000 0.0165 
130.0000 1.5301 0.1188 12.0000 0.0191 
130.0000 1.5301 0.0198 4.0000 0.0133 
131.0000 1.5171 0.1451 13.0000 0.0246 
133.0000 1.5277 0.0745 10.0000 0.0160 
133.0000 1.5277 0.0349 3.0000 0.0256 
134.0000 1.5243 0.1065 12.0000 0.0244 
135.0000 1.5170 0.0468 6.0000 0.0156 
136.0000 1.5170 0.0896 13.0000 0.0185 
137.0000 1.5038 0.1207 13.0000 0.0246 
138.0000 1.5052 0.1036 11.0000 0.0255 
139.0000 1.5017 0.0991 12.0000 0.0152 
140.0000 1.4975 0.1153 11.0000 0.0323 
141.0000 1.4965 0.0962 11.0000 0.0110 
142.0000 1.4957 0.1285 13.0000 0.0191 
143.0000 1.4933 0.0689 13.0000 0.0195 
144.0000 1.4867 0.0946 12.0000 0.0161 
145.0000 1.4855 0.0592 8.0000 0.0171 
146.0000 1.4810 0.1069 12.0000 0.0322 
147.0000 1.4772 0.0670 10.0000 0.0099 
148.0000 1.4754 0.0854 12.0000 0.0093 
149.0000 1.4744 0.1398 14.0000 0.0291 
151.0000 1.4787 0.1470 10.0000 0.0217 
151.0000 1.4787 0.0287 3.0000 0.0231 
152.0000 1.4687 0.0650 11.0000 0.0170 
153.0000 1.4721 0.0944 11.0000 0.0131 
154.0000 1.4594 0.0850 14.0000 0.0130 
155.0000 1.4614 0.1020 16.0000 0.0128 
157.0000 1.4692 0.0500 5.0000 0.0283 
157.0000 1.4692 0.0580 9.0000 0.0220 
158.0000 1.4622 0.0779 9.0000 0.0174 
159.0000 1.4580 0.0838 11.0000 0.0131 
160.0000 1.4538 0.0843 11.0000 0.0261 
161.0000 1.4560 0.0794 12.0000 0.0137 
162.0000 1.4490 0.1047 14.0000 0.0196 
163.0000 1.4475 0.1121 13.0000 0.0197 
164.0000 1.4342 0.1190 13.0000 0.0109 
166.0000 1.4452 0.0781 11.0000 0.0202 
166.0000 1.4452 0.0324 4.0000 0.0144 
167.0000 1.4459 0.1238 12.0000 0.0139 
168.0000 1.4494 0.1149 11.0000 0.0307 
169.0000 1.4509 0.1294 11.0000 0.0103 
170.0000 1.4474 0.0947 17.0000 0.0088 
171.0000 1.4435 0.0551 10.0000 0.0239 
172.0000 1.4442 0.1356 8.0000 0.0356 
173.0000 1.4354 0.1424 12.0000 0.0161 
174.0000 1.4358 0.1266 15.0000 0.0206 
175.0000 1.4345 0.1546 12.0000 0.0243 
176.0000 1.4366 0.1251 10.0000 0.0385 
177.0000 1.4267 0.1025 13.0000 0.0171 
178.0000 1.4298 0.0485 14.0000 0.0162 
179.0000 1.4192 0.0990 13.0000 0.0107 
180.0000 1.4211 0.1129 12.0000 0.0128 
181.0000 1.4158 0.1290 14.0000 0.0206 
182.0000 1.4177 0.1419 10.0000 0.0263 
183.0000 1.4167 0.1414 13.0000 0.0249 
184.0000 1.4092 0.1268 10.0000 0.0167 
185.0000 1.4017 0.0688 11.0000 0.0273 
186.0000 1.3994 0.1352 11.0000 0.0196 
187.0000 1.3960 0.0368 9.0000 0.0154 
188.0000 1.3863 0.1307 8.0000 0.0214 
189.0000 1.3907 0.0703 11.0000 0.0207 
190.0000 1.3842 0.0676 13.0000 0.0151 
191.0000 1.3856 0.1059 14.0000 0.0133 
192.0000 1.3794 0.1094 12.0000 0.0180 
193.0000 1.3795 0.1144 13.0000 0.0155 
194.0000 1.3746 0.0409 10.0000 0.0175 
196.0000 1.3740 0.0691 9.0000 0.0223 
196.0000 1.3740 0.0374 4.0000 0.0170 
197.0000 1.3736 0.0890 10.0000 0.0144 
198.0000 1.3718 0.1188 12.0000 0.0133 
199.0000 1.3597 0.1478 10.0000 0.0241 
200.0000 1.3533 0.1019 9.0000 0.0233 
201.0000 1.3489 0.0806 10.0000 0.0154 
203.0000 1.3477 0.1257 10.0000 0.0203 
203.0000 1.3477 0.0442 4.0000 0.0219 
204.0000 1.3475 0.1295 13.0000 0.0172 
205.0000 1.3438 0.0812 14.0000 0.0142 
206.0000 1.3391 0.1077 15.0000 0.0173 
207.0000 1.3403 0.0820 13.0000 0.0070 
208.0000 1.3389 0.0924 11.0000 0.0086 
210.0000 1.3426 0.0715 11.0000 0.0165 
210.0000 1.3426 0.0630 4.0000 0.0288 
211.0000 1.3396 0.0993 13.0000 0.0162 
212.0000 1.3355 0.1275 12.0000 0.0206 
213.0000 1.3380 0.1170 10.0000 0.0149 
215.0000 1.3441 0.0586 4.0000 0.0265 
215.0000 1.3441 0.0640 6.0000 0.0160 
216.0000 1.3416 0.1271 13.0000 0.0163 
217.0000 1.3421 0.0745 6.0000 0.0219 
218.0000 1.3467 0.1481 9.0000 0.0382 
219.0000 1.3478 0.0888 14.0000 0.0140 
221.0000 1.3518 0.0957 10.0000 0.0229 
221.0000 1.3518 0.0240 3.0000 0.0046 
223.0000 1.3610 0.0846 9.0000 0.0160 
223.0000 1.3610 0.0257 3.0000 0.0128 
224.0000 1.3616 0.0557 11.0000 0.0156 
225.0000 1.3618 0.1071 13.0000 0.0166 
226.0000 1.3642 0.1269 13.0000 0.0176 
227.0000 1.3629 0.1088 13.0000 0.0105 
228.0000 1.3649 0.1093 10.0000 0.0200 
229.0000 1.3663 0.0980 14.0000 0.0111 
230.0000 1.3688 0.1125 11.0000 0.0203 
231.0000 1.3676 0.1111 11.0000 0.0211 
232.0000 1.3697 0.0980 14.0000 0.0142 
234.0000 1.3779 0.0803 10.0000 0.0184 
234.0000 1.3779 0.0071 3.0000 0.0001 
235.0000 1.3798 0.1240 10.0000 0.0269 
237.0000 1.3865 0.0761 11.0000 0.0197 
237.0000 1.3865 0.0377 3.0000 0.0226 
238.0000 1.3800 0.0744 11.0000 0.0131 
240.0000 1.3819 0.1156 12.0000 0.0157 
240.0000 1.3819 0.0270 3.0000 0.0194 
241.0000 1.3831 0.1030 10.0000 0.0230 
242.0000 1.3858 0.1372 12.0000 0.0176 
243.0000 1.3881 0.0898 8.0000 0.0168 
244.0000 1.3902 0.1109 11.0000 0.0191 
245.0000 1.3939 0.0713 8.0000 0.0189 
246.0000 1.3970 0.0426 7.0000 0.0323 
247.0000 1.3977 0.1095 9.0000 0.0183 
248.0000 1.3994 0.1303 11.0000 0.0234 
249.0000 1.4012 0.0807 14.0000 0.0285 
250.0000 1.4002 0.1012 12.0000 0.0176 
251.0000 1.4025 0.0619 6.0000 0.0147 
252.0000 1.4067 0.0734 8.0000 0.0243 
253.0000 1.4095 0.1081 11.0000 0.0191 