
1.0000 0.5556 0.1192 11.0000 0.0198 
2.0000 0.1639 0.1798 8.0000 0.0079 
4.0000 0.2358 0.1273 7.0000 0.0214 
4.0000 0.2358 0.0346 3.0000 0.0172 
5.0000 0.2595 0.1350 9.0000 0.0236 
6.0000 0.2421 0.1147 12.0000 0.0155 
7.0000 0.2384 0.1276 9.0000 0.0150 
8.0000 0.2360 0.1714 11.0000 0.0199 
9.0000 0.2059 0.1430 7.0000 0.0301 
10.0000 0.2267 0.1399 7.0000 0.0292 
11.0000 0.2108 0.1233 7.0000 0.0191 
12.0000 0.2249 0.0777 8.0000 0.0147 
13.0000 0.2313 0.1230 9.0000 0.0143 
14.0000 0.2300 0.1325 9.0000 0.0182 
15.0000 0.2253 0.0910 5.0000 0.0254 
16.0000 0.2206 0.0959 5.0000 0.0233 
17.0000 0.2223 0.1351 9.0000 0.0122 
18.0000 0.2126 0.1854 10.0000 0.0260 
19.0000 0.2199 0.0830 6.0000 0.0220 
20.0000 0.2157 0.1451 9.0000 0.0189 
21.0000 0.2066 0.1004 8.0000 0.0177 
22.0000 0.2018 0.1357 7.0000 0.0238 
23.0000 0.2003 0.1154 6.0000 0.0203 
24.0000 0.2016 0.0812 5.0000 0.0132 
25.0000 0.1899 0.0525 3.0000 0.0169 
26.0000 0.1875 0.1035 9.0000 0.0197 
27.0000 0.1784 0.1352 7.0000 0.0226 
28.0000 0.1709 0.0948 7.0000 0.0251 
29.0000 0.1765 0.1237 8.0000 0.0200 
30.0000 0.1764 0.1350 8.0000 0.0256 