
1.0000 1.3514 0.1217 12.0000 0.0171 
2.0000 1.4599 0.1453 12.0000 0.0244 
3.0000 0.5291 0.1513 9.0000 0.0201 
4.0000 0.3350 0.0891 10.0000 0.0041 
5.0000 0.2380 0.1368 10.0000 0.0190 
6.0000 0.2614 0.1031 9.0000 0.0221 
7.0000 0.2792 0.1380 10.0000 0.0222 
8.0000 0.2637 0.1054 9.0000 0.0180 
9.0000 0.2837 0.1267 8.0000 0.0269 
10.0000 0.2789 0.0538 4.0000 0.0109 
12.0000 0.3273 0.0608 7.0000 0.0151 
12.0000 0.3273 0.0305 3.0000 0.0185 
13.0000 0.3385 0.1057 7.0000 0.0220 
14.0000 0.3385 0.0870 11.0000 0.0146 
15.0000 0.3564 0.0969 11.0000 0.0198 
17.0000 0.3884 0.0960 10.0000 0.0182 
17.0000 0.3884 0.0498 4.0000 0.0223 
18.0000 0.3954 0.1228 12.0000 0.0110 
19.0000 0.3825 0.1470 12.0000 0.0141 
20.0000 0.3951 0.1140 13.0000 0.0241 
21.0000 0.4138 0.1271 8.0000 0.0198 
22.0000 0.4306 0.1223 10.0000 0.0159 
23.0000 0.4479 0.1222 8.0000 0.0298 
24.0000 0.4607 0.0992 11.0000 0.0152 
25.0000 0.4408 0.1174 7.0000 0.0192 
26.0000 0.4333 0.0920 6.0000 0.0122 
27.0000 0.4356 0.1192 7.0000 0.0188 
28.0000 0.4360 0.0737 5.0000 0.0135 
29.0000 0.4348 0.0893 6.0000 0.0215 
30.0000 0.4305 0.0947 7.0000 0.0286 
31.0000 0.4391 0.1464 11.0000 0.0192 
33.0000 0.4368 0.1458 9.0000 0.0263 
33.0000 0.4368 0.0315 3.0000 0.0119 
34.0000 0.4453 0.0231 6.0000 0.0255 
36.0000 0.4579 0.0574 6.0000 0.0271 
36.0000 0.4579 0.0313 4.0000 0.0186 
37.0000 0.4385 0.0405 4.0000 0.0163 
38.0000 0.4176 0.1081 7.0000 0.0238 
39.0000 0.4160 0.0358 5.0000 0.0118 
40.0000 0.4188 0.1304 10.0000 0.0195 
41.0000 0.4168 0.0448 6.0000 0.0160 
42.0000 0.4165 0.0887 6.0000 0.0075 
43.0000 0.4059 0.0813 9.0000 0.0128 
44.0000 0.4070 0.0995 8.0000 0.0182 
45.0000 0.4005 0.0920 8.0000 0.0163 
47.0000 0.3925 0.1161 8.0000 0.0153 
47.0000 0.3925 0.0514 3.0000 0.0279 
49.0000 0.3881 0.0632 7.0000 0.0193 
49.0000 0.3881 0.0224 3.0000 0.0188 
50.0000 0.3876 0.1373 13.0000 0.0159 
51.0000 0.3907 0.0941 9.0000 0.0163 
52.0000 0.3895 0.0942 7.0000 0.0201 
54.0000 0.4027 0.0981 6.0000 0.0194 
54.0000 0.4027 0.0367 4.0000 0.0204 
56.0000 0.4127 0.1117 8.0000 0.0265 
56.0000 0.4127 0.0172 4.0000 0.0147 
57.0000 0.4181 0.0831 8.0000 0.0197 
59.0000 0.4308 0.0985 11.0000 0.0215 
59.0000 0.4308 0.0194 3.0000 0.0129 
60.0000 0.4330 0.1068 8.0000 0.0355 
61.0000 0.4371 0.1115 13.0000 0.0083 
63.0000 0.4458 0.1292 11.0000 0.0260 
63.0000 0.4458 0.0240 3.0000 0.0117 
65.0000 0.4443 0.0589 6.0000 0.0122 
65.0000 0.4443 0.0486 4.0000 0.0214 
66.0000 0.4484 0.1049 6.0000 0.0337 
67.0000 0.4483 0.0811 12.0000 0.0078 
69.0000 0.4563 0.1112 8.0000 0.0181 
69.0000 0.4563 0.0361 4.0000 0.0170 
70.0000 0.4041 0.0853 9.0000 0.0225 
71.0000 0.3872 0.1007 11.0000 0.0116 