
1.0000 0.4049 0.0664 5.0000 0.0277 
2.0000 0.4535 0.0740 7.0000 0.0199 
3.0000 0.5348 0.0921 5.0000 0.0272 
4.0000 0.6957 0.0797 5.0000 0.0187 
6.0000 0.6342 0.0507 4.0000 0.0232 
6.0000 0.6342 0.0804 4.0000 0.0292 
7.0000 0.6836 0.1193 7.0000 0.0417 
8.0000 0.6617 0.0804 8.0000 0.0149 
10.0000 0.7092 0.0292 3.0000 0.0203 
10.0000 0.7092 0.0867 5.0000 0.0355 
11.0000 0.5796 0.0920 6.0000 0.0217 
12.0000 0.6154 0.1101 7.0000 0.0237 
13.0000 0.6623 0.1007 8.0000 0.0168 
14.0000 0.7085 0.0747 8.0000 0.0381 
15.0000 0.7170 0.1099 9.0000 0.0398 
16.0000 0.7329 0.0919 4.0000 0.0307 
17.0000 0.7401 0.0906 6.0000 0.0234 
18.0000 0.6390 0.1103 6.0000 0.0294 
20.0000 0.6803 0.0815 5.0000 0.0244 
20.0000 0.6803 0.0810 6.0000 0.0198 
21.0000 0.6787 0.1290 9.0000 0.0281 
23.0000 0.7051 0.0850 4.0000 0.0381 
23.0000 0.7051 0.1025 4.0000 0.0338 
24.0000 0.6734 0.1699 14.0000 0.0297 
26.0000 0.7029 0.0855 13.0000 0.0433 
26.0000 0.7029 0.0930 14.0000 0.0240 
27.0000 0.7139 0.1454 13.0000 0.0236 
28.0000 0.7376 0.0745 9.0000 0.0228 
29.0000 0.7166 0.0912 4.0000 0.0358 
30.0000 0.6569 0.1151 8.0000 0.0207 
31.0000 0.6576 0.1372 6.0000 0.0279 
32.0000 0.6564 0.0590 8.0000 0.0209 
33.0000 0.6748 0.1894 10.0000 0.0347 
34.0000 0.6933 0.0737 7.0000 0.0167 
35.0000 0.7024 0.1224 8.0000 0.0280 
36.0000 0.6771 0.0308 9.0000 0.0207 
38.0000 0.7020 0.1122 5.0000 0.0345 
38.0000 0.7020 0.0947 5.0000 0.0224 
39.0000 0.7101 0.1126 7.0000 0.0414 
40.0000 0.7205 0.0506 5.0000 0.0181 
41.0000 0.6693 0.0572 7.0000 0.0149 
42.0000 0.6081 0.0882 5.0000 0.0297 
43.0000 0.5877 0.0772 4.0000 0.0329 