
1.0000 1.0753 0.1242 14.0000 0.0184 
2.0000 1.2987 0.0591 5.0000 0.0268 
5.0000 2.8902 0.0458 5.0000 0.0104 
5.0000 2.8902 0.0624 4.0000 0.0231 
5.0000 2.8902 0.0686 5.0000 0.0267 
7.0000 3.0702 0.0758 7.0000 0.0181 
7.0000 3.0702 0.0291 6.0000 0.0071 
8.0000 2.6667 0.0845 5.0000 0.0216 
9.0000 2.0270 0.1280 17.0000 0.0270 
10.0000 1.1312 0.1154 9.0000 0.0203 
12.0000 1.0695 0.1295 8.0000 0.0257 
12.0000 1.0695 0.1063 7.0000 0.0333 
15.0000 1.2876 0.1812 8.0000 0.0431 
15.0000 1.2876 0.1977 7.0000 0.0461 
15.0000 1.2876 0.0771 19.0000 0.0083 
16.0000 1.2569 0.0671 3.0000 0.0358 
17.0000 1.3209 0.0946 8.0000 0.0192 
19.0000 1.4275 0.0530 8.0000 0.0246 
19.0000 1.4275 0.1579 8.0000 0.0320 
20.0000 1.4652 0.0680 6.0000 0.0209 
21.0000 1.5011 0.0681 17.0000 0.0273 
23.0000 1.3948 0.0868 8.0000 0.0584 
23.0000 1.3948 0.1067 9.0000 0.0133 
24.0000 0.9959 0.0892 29.0000 0.0169 
25.0000 1.0020 0.0959 9.0000 0.0288 
26.0000 1.0305 0.1147 15.0000 0.0175 
29.0000 1.0919 0.0773 6.0000 0.0240 
29.0000 1.0919 0.0182 3.0000 0.0094 
29.0000 1.0919 0.0550 6.0000 0.0167 
31.0000 1.1127 0.0832 5.0000 0.0293 
31.0000 1.1127 0.1435 4.0000 0.0515 
33.0000 1.1502 0.1318 4.0000 0.0315 
33.0000 1.1502 0.1177 10.0000 0.0186 
35.0000 1.2153 0.0565 7.0000 0.0174 
35.0000 1.2153 0.0115 3.0000 0.0036 
37.0000 1.2458 0.1335 21.0000 0.0089 
37.0000 1.2458 0.0865 23.0000 0.0164 
38.0000 1.2504 0.1680 14.0000 0.0258 
39.0000 1.2716 0.0517 7.0000 0.0189 
40.0000 1.2916 0.0935 6.0000 0.0236 
41.0000 1.3205 0.0762 3.0000 0.0229 
42.0000 1.3457 0.0827 8.0000 0.0272 
44.0000 1.3928 0.0912 7.0000 0.0357 
44.0000 1.3928 0.0670 5.0000 0.0242 
45.0000 1.3558 0.0752 8.0000 0.0115 
46.0000 1.3777 0.0952 7.0000 0.0224 
47.0000 1.3971 0.1034 8.0000 0.0190 
49.0000 1.4395 0.0451 4.0000 0.0189 
49.0000 1.4395 0.0668 4.0000 0.0258 
50.0000 1.4603 0.0457 14.0000 0.0177 
51.0000 1.4042 0.0617 3.0000 0.0314 
52.0000 1.3822 0.0466 4.0000 0.0232 
53.0000 1.3421 0.1004 8.0000 0.0177 
54.0000 1.3200 0.0704 7.0000 0.0341 
55.0000 1.3402 0.0764 4.0000 0.0273 
56.0000 1.3465 0.1170 13.0000 0.0246 
57.0000 1.3421 0.1105 10.0000 0.0241 
58.0000 1.3561 0.0523 3.0000 0.0117 
59.0000 1.3455 0.1300 11.0000 0.0222 
61.0000 1.3249 0.0396 3.0000 0.0128 
61.0000 1.3249 0.0650 5.0000 0.0248 
62.0000 1.3322 0.0917 13.0000 0.0147 
63.0000 1.3297 0.0869 6.0000 0.0257 
64.0000 1.3361 0.0488 4.0000 0.0239 
65.0000 1.3505 0.0978 15.0000 0.0210 
66.0000 1.3591 0.1592 9.0000 0.0232 
67.0000 1.3766 0.0675 6.0000 0.0081 
68.0000 1.3880 0.0539 3.0000 0.0136 
69.0000 1.3948 0.1656 19.0000 0.0219 
70.0000 1.4079 0.1188 9.0000 0.0136 
71.0000 1.4177 0.0766 6.0000 0.0196 
72.0000 1.4320 0.1311 9.0000 0.0211 
73.0000 1.4453 0.0763 10.0000 0.0187 
74.0000 1.4541 0.1393 11.0000 0.0268 
75.0000 1.4623 0.1069 6.0000 0.0264 
76.0000 1.4652 0.1538 12.0000 0.0156 
77.0000 1.4628 0.0553 6.0000 0.0143 
78.0000 1.4742 0.0389 12.0000 0.0240 
79.0000 1.4880 0.0600 11.0000 0.0304 
80.0000 1.4906 0.0291 9.0000 0.0158 
81.0000 1.4268 0.0783 3.0000 0.0170 
82.0000 1.4099 0.0663 6.0000 0.0220 
83.0000 1.4190 0.0384 9.0000 0.0238 
84.0000 1.4127 0.1306 9.0000 0.0278 
85.0000 1.4145 0.1030 8.0000 0.0147 
86.0000 1.3943 0.0634 7.0000 0.0142 
87.0000 1.3953 0.0789 7.0000 0.0016 
88.0000 1.4075 0.1278 13.0000 0.0426 
89.0000 1.3807 0.0875 4.0000 0.0359 
90.0000 1.3876 0.1618 22.0000 0.0153 
91.0000 1.3723 0.0560 5.0000 0.0211 
92.0000 1.3672 0.0216 8.0000 0.0219 
93.0000 1.3695 0.1010 30.0000 0.0094 
95.0000 1.3677 0.1489 17.0000 0.0214 
95.0000 1.3677 0.1368 9.0000 0.0222 
96.0000 1.3758 0.0719 4.0000 0.0169 
97.0000 1.3873 0.0977 4.0000 0.0525 
98.0000 1.3970 0.1001 4.0000 0.0268 
100.0000 1.4192 0.0458 11.0000 0.0261 
100.0000 1.4192 0.0761 4.0000 0.0286 
101.0000 1.4290 0.1073 9.0000 0.0223 
102.0000 1.4372 0.1289 10.0000 0.0267 
103.0000 1.4491 0.1006 8.0000 0.0032 