
1.0000 0.1996 0.1230 9.0000 0.0152 
2.0000 0.1305 0.1179 9.0000 0.0173 
3.0000 0.1212 0.1542 8.0000 0.0279 
4.0000 0.1322 0.0877 5.0000 0.0238 
5.0000 0.1194 0.1420 8.0000 0.0232 
6.0000 0.1357 0.0665 5.0000 0.0156 
7.0000 0.1473 0.1127 8.0000 0.0200 
8.0000 0.1399 0.1068 8.0000 0.0176 
9.0000 0.1537 0.1026 6.0000 0.0230 
10.0000 0.1556 0.1018 7.0000 0.0241 
11.0000 0.1612 0.1542 8.0000 0.0251 
12.0000 0.1721 0.1145 8.0000 0.0193 
13.0000 0.1789 0.1238 7.0000 0.0223 
14.0000 0.1858 0.1057 6.0000 0.0221 
15.0000 0.1889 0.0944 6.0000 0.0233 
16.0000 0.1800 0.0729 8.0000 0.0136 
17.0000 0.1777 0.1566 10.0000 0.0212 
18.0000 0.1591 0.1543 11.0000 0.0249 
19.0000 0.1533 0.1202 8.0000 0.0180 
20.0000 0.1463 0.1338 10.0000 0.0188 
21.0000 0.1475 0.1210 9.0000 0.0232 
22.0000 0.1483 0.1029 8.0000 0.0169 
23.0000 0.1422 0.0558 4.0000 0.0090 
24.0000 0.1424 0.0648 5.0000 0.0125 