
1.0000 1.8519 0.0342 8.0000 0.0178 
2.0000 2.1978 0.1139 12.0000 0.0213 
3.0000 1.9868 0.0795 10.0000 0.0175 
4.0000 1.6461 0.1258 11.0000 0.0234 
5.0000 1.5873 0.0544 11.0000 0.0113 
7.0000 1.5521 0.1170 7.0000 0.0328 
7.0000 1.5521 0.0342 4.0000 0.0242 
8.0000 1.1478 0.1491 9.0000 0.0289 
9.0000 0.3797 0.0903 4.0000 0.0228 
10.0000 0.4198 0.1285 9.0000 0.0172 
11.0000 0.4194 0.1392 10.0000 0.0173 
12.0000 0.4340 0.1173 11.0000 0.0142 
13.0000 0.4509 0.1179 10.0000 0.0168 
14.0000 0.4574 0.0921 9.0000 0.0241 
15.0000 0.4373 0.0913 8.0000 0.0188 
16.0000 0.4478 0.1250 9.0000 0.0241 
17.0000 0.4626 0.1070 9.0000 0.0257 
18.0000 0.4739 0.1221 8.0000 0.0187 
19.0000 0.4838 0.1169 9.0000 0.0293 
21.0000 0.5161 0.1275 9.0000 0.0213 
21.0000 0.5161 0.0253 3.0000 0.0152 
22.0000 0.5311 0.0632 5.0000 0.0280 
23.0000 0.5266 0.0778 12.0000 0.0108 
25.0000 0.5363 0.0397 9.0000 0.0188 
25.0000 0.5363 0.0082 3.0000 0.0051 
26.0000 0.4669 0.0849 7.0000 0.0210 
27.0000 0.4717 0.1138 11.0000 0.0208 
28.0000 0.4601 0.1151 11.0000 0.0139 
29.0000 0.4256 0.1574 11.0000 0.0122 
30.0000 0.4314 0.1115 7.0000 0.0260 
31.0000 0.4330 0.0731 4.0000 0.0118 
32.0000 0.4226 0.0875 10.0000 0.0232 
33.0000 0.4078 0.1025 11.0000 0.0258 
34.0000 0.4048 0.1289 9.0000 0.0353 
35.0000 0.4157 0.0981 9.0000 0.0216 
36.0000 0.4159 0.1291 10.0000 0.0246 
37.0000 0.3990 0.1318 13.0000 0.0199 
38.0000 0.3813 0.0527 10.0000 0.0109 
39.0000 0.3886 0.0618 7.0000 0.0169 
40.0000 0.3980 0.0878 9.0000 0.0188 
41.0000 0.3840 0.1485 9.0000 0.0253 
42.0000 0.3529 0.1321 9.0000 0.0363 
43.0000 0.3609 0.0731 10.0000 0.0131 
45.0000 0.3686 0.0312 3.0000 0.0144 
45.0000 0.3686 0.0449 9.0000 0.0060 
46.0000 0.3632 0.1132 9.0000 0.0170 
47.0000 0.3682 0.0722 10.0000 0.0158 
48.0000 0.3709 0.0803 9.0000 0.0196 
49.0000 0.3688 0.1067 9.0000 0.0213 
50.0000 0.3643 0.1034 9.0000 0.0158 
51.0000 0.3711 0.0683 9.0000 0.0279 
52.0000 0.3750 0.1060 9.0000 0.0248 
53.0000 0.3815 0.1281 10.0000 0.0227 
54.0000 0.3852 0.0733 9.0000 0.0191 
55.0000 0.3903 0.0875 9.0000 0.0171 
56.0000 0.3766 0.1063 14.0000 0.0229 
57.0000 0.3828 0.1369 11.0000 0.0211 
58.0000 0.3864 0.0597 9.0000 0.0132 
59.0000 0.3912 0.1144 11.0000 0.0230 
60.0000 0.3933 0.0927 10.0000 0.0185 
61.0000 0.3978 0.1418 10.0000 0.0192 
62.0000 0.3972 0.1266 13.0000 0.0325 
63.0000 0.3992 0.1372 10.0000 0.0172 
64.0000 0.3985 0.1078 10.0000 0.0166 
66.0000 0.4034 0.1553 6.0000 0.0406 
66.0000 0.4034 0.0754 5.0000 0.0365 
67.0000 0.4051 0.0615 9.0000 0.0164 
68.0000 0.4084 0.0959 10.0000 0.0162 
70.0000 0.4199 0.0528 5.0000 0.0197 
70.0000 0.4199 0.0352 3.0000 0.0284 
71.0000 0.4160 0.1110 8.0000 0.0158 
72.0000 0.3950 0.1168 10.0000 0.0173 
73.0000 0.3974 0.0693 10.0000 0.0119 
75.0000 0.4013 0.0528 3.0000 0.0174 
75.0000 0.4013 0.0793 8.0000 0.0135 
76.0000 0.4055 0.1748 12.0000 0.0241 
77.0000 0.4094 0.1065 7.0000 0.0245 
78.0000 0.4142 0.0827 9.0000 0.0253 
79.0000 0.4189 0.0651 9.0000 0.0154 
80.0000 0.4149 0.1175 10.0000 0.0182 