
1.0000 0.1439 0.1535 8.0000 0.0325 
2.0000 0.1193 0.1812 10.0000 0.0288 
3.0000 0.1249 0.1844 9.0000 0.0282 
4.0000 0.1319 0.1425 9.0000 0.0213 
5.0000 0.1415 0.1367 9.0000 0.0301 
6.0000 0.1654 0.1553 11.0000 0.0316 
7.0000 0.1924 0.0570 5.0000 0.0132 
8.0000 0.2155 0.1099 9.0000 0.0244 
9.0000 0.2414 0.1474 13.0000 0.0256 
10.0000 0.2632 0.1709 15.0000 0.0185 
11.0000 0.2868 0.1485 9.0000 0.0200 
12.0000 0.3101 0.1380 7.0000 0.0306 
13.0000 0.3254 0.1717 13.0000 0.0176 
14.0000 0.3383 0.1635 10.0000 0.0245 
15.0000 0.3481 0.1494 12.0000 0.0162 
16.0000 0.3680 0.0627 7.0000 0.0360 
17.0000 0.3602 0.1002 11.0000 0.0212 
18.0000 0.3778 0.1512 8.0000 0.0246 
19.0000 0.3909 0.0821 7.0000 0.0234 
20.0000 0.4034 0.1160 8.0000 0.0385 
21.0000 0.4144 0.1235 9.0000 0.0393 
22.0000 0.4299 0.1068 9.0000 0.0212 
23.0000 0.4410 0.0612 14.0000 0.0235 
24.0000 0.4505 0.1545 12.0000 0.0185 
25.0000 0.4523 0.1705 9.0000 0.0235 
26.0000 0.4691 0.1795 11.0000 0.0291 
27.0000 0.4661 0.1757 8.0000 0.0325 
28.0000 0.4557 0.1315 12.0000 0.0156 
29.0000 0.4514 0.0694 16.0000 0.0185 
30.0000 0.4508 0.1178 8.0000 0.0216 
31.0000 0.4549 0.1289 7.0000 0.0213 
32.0000 0.4655 0.0592 4.0000 0.0091 
33.0000 0.4701 0.1276 10.0000 0.0215 
34.0000 0.4790 0.1367 10.0000 0.0165 
35.0000 0.4839 0.1190 9.0000 0.0282 
36.0000 0.4864 0.0628 7.0000 0.0270 
37.0000 0.4870 0.1246 11.0000 0.0171 
38.0000 0.4869 0.1538 10.0000 0.0226 
39.0000 0.4895 0.1249 10.0000 0.0234 
40.0000 0.4934 0.1360 11.0000 0.0205 
41.0000 0.4944 0.1589 11.0000 0.0207 
42.0000 0.5007 0.1390 7.0000 0.0272 
44.0000 0.4905 0.1534 7.0000 0.0311 
44.0000 0.4905 0.0668 5.0000 0.0217 
45.0000 0.4963 0.1282 11.0000 0.0190 
46.0000 0.4886 0.1375 9.0000 0.0213 
47.0000 0.4780 0.1824 9.0000 0.0322 
48.0000 0.4788 0.1519 10.0000 0.0206 
49.0000 0.4794 0.1253 8.0000 0.0235 
50.0000 0.4747 0.1776 12.0000 0.0200 
51.0000 0.4762 0.1469 11.0000 0.0193 
52.0000 0.4505 0.1030 11.0000 0.0200 
56.0000 0.4818 0.2046 8.0000 0.0608 
56.0000 0.4818 0.1623 8.0000 0.0205 
56.0000 0.4818 0.1957 6.0000 0.0489 
56.0000 0.4818 0.1087 5.0000 0.0328 
57.0000 0.4897 0.2334 13.0000 0.0354 
59.0000 0.5049 0.1357 7.0000 0.0297 
59.0000 0.5049 0.1755 11.0000 0.0257 
60.0000 0.5018 0.1775 12.0000 0.0238 
61.0000 0.4540 0.1547 10.0000 0.0238 
62.0000 0.4434 0.0764 8.0000 0.0158 
63.0000 0.4488 0.1510 10.0000 0.0320 
64.0000 0.4525 0.1857 11.0000 0.0208 
65.0000 0.4439 0.1375 11.0000 0.0205 
66.0000 0.4142 0.1530 7.0000 0.0296 
67.0000 0.4137 0.1666 9.0000 0.0280 
68.0000 0.3994 0.1360 9.0000 0.0223 
69.0000 0.4024 0.1240 11.0000 0.0150 
70.0000 0.4009 0.1513 12.0000 0.0160 
71.0000 0.3964 0.1377 9.0000 0.0245 