
1.0000 1.4493 0.0818 6.0000 0.0224 
2.0000 0.9569 0.0547 7.0000 0.0190 
3.0000 1.1628 0.1617 11.0000 0.0224 
4.0000 0.9780 0.0936 9.0000 0.0166 
5.0000 0.7862 0.0882 8.0000 0.0176 
6.0000 0.7566 0.0733 10.0000 0.0120 
7.0000 0.8600 0.0409 13.0000 0.0114 
9.0000 0.9444 0.0978 8.0000 0.0215 
9.0000 0.9444 0.0385 4.0000 0.0133 
10.0000 0.9662 0.1072 7.0000 0.0239 
11.0000 0.9910 0.1264 9.0000 0.0209 
12.0000 0.9302 0.0949 10.0000 0.0124 
13.0000 0.9059 0.0961 8.0000 0.0217 
14.0000 0.8663 0.0909 17.0000 0.0247 
15.0000 0.8315 0.1015 10.0000 0.0166 
16.0000 0.7414 0.1272 8.0000 0.0239 
17.0000 0.7243 0.1110 9.0000 0.0172 
18.0000 0.7541 0.0553 9.0000 0.0216 
19.0000 0.7720 0.0722 12.0000 0.0151 
20.0000 0.7770 0.1005 10.0000 0.0174 
21.0000 0.7473 0.0608 9.0000 0.0148 
22.0000 0.7056 0.0766 8.0000 0.0104 
23.0000 0.7334 0.0868 10.0000 0.0185 
24.0000 0.7470 0.1218 12.0000 0.0118 
25.0000 0.7392 0.0725 8.0000 0.0155 
26.0000 0.7399 0.1062 9.0000 0.0254 
27.0000 0.6856 0.0795 6.0000 0.0187 
28.0000 0.6425 0.0698 10.0000 0.0118 
29.0000 0.6489 0.0805 8.0000 0.0173 
30.0000 0.6646 0.0873 8.0000 0.0207 
31.0000 0.6693 0.0776 8.0000 0.0163 
32.0000 0.6797 0.1285 11.0000 0.0176 
33.0000 0.6790 0.1084 9.0000 0.0280 
34.0000 0.6702 0.1080 10.0000 0.0149 
36.0000 0.6807 0.1117 11.0000 0.0182 
36.0000 0.6807 0.0127 3.0000 0.0075 
37.0000 0.6487 0.0722 8.0000 0.0156 
38.0000 0.6639 0.0718 10.0000 0.0133 
39.0000 0.6628 0.0966 8.0000 0.0122 
40.0000 0.6700 0.0921 9.0000 0.0160 
41.0000 0.6741 0.1020 10.0000 0.0166 
42.0000 0.6776 0.0866 9.0000 0.0149 
44.0000 0.6889 0.0222 3.0000 0.0062 
44.0000 0.6889 0.0384 5.0000 0.0236 
45.0000 0.7028 0.0688 9.0000 0.0173 
46.0000 0.7086 0.0505 9.0000 0.0160 
47.0000 0.6737 0.1204 10.0000 0.0221 
48.0000 0.6861 0.0982 9.0000 0.0342 
49.0000 0.6888 0.0951 11.0000 0.0111 
50.0000 0.6870 0.0718 9.0000 0.0137 
51.0000 0.6904 0.0675 9.0000 0.0169 
52.0000 0.7002 0.0798 10.0000 0.0155 
53.0000 0.6897 0.0741 8.0000 0.0168 
54.0000 0.6963 0.0662 8.0000 0.0133 
55.0000 0.6677 0.0945 9.0000 0.0201 
56.0000 0.6680 0.1085 10.0000 0.0142 
57.0000 0.6628 0.0773 9.0000 0.0179 
59.0000 0.6796 0.0523 8.0000 0.0095 
59.0000 0.6796 0.0338 4.0000 0.0140 
61.0000 0.6870 0.0485 27.0000 0.0064 
61.0000 0.6870 0.0731 11.0000 0.0127 
62.0000 0.6645 0.0734 7.0000 0.0221 
63.0000 0.6559 0.0603 10.0000 0.0157 
64.0000 0.6639 0.0592 6.0000 0.0162 
65.0000 0.6664 0.0558 9.0000 0.0112 
66.0000 0.6734 0.1176 14.0000 0.0192 
67.0000 0.6815 0.0930 8.0000 0.0188 
68.0000 0.6786 0.0502 7.0000 0.0236 
69.0000 0.6795 0.0968 12.0000 0.0120 
71.0000 0.6824 0.1011 24.0000 0.0222 
71.0000 0.6824 0.0288 3.0000 0.0231 
72.0000 0.6771 0.0488 7.0000 0.0190 
73.0000 0.6741 0.0547 10.0000 0.0107 
74.0000 0.6532 0.0597 9.0000 0.0180 
75.0000 0.6440 0.1172 8.0000 0.0257 
77.0000 0.6473 0.0521 8.0000 0.0159 
77.0000 0.6473 0.0245 3.0000 0.0159 
78.0000 0.6540 0.0701 9.0000 0.0129 
79.0000 0.6588 0.0778 17.0000 0.0203 
80.0000 0.6608 0.0680 7.0000 0.0157 
81.0000 0.6639 0.0889 9.0000 0.0189 
82.0000 0.6701 0.1026 11.0000 0.0176 
83.0000 0.6768 0.0971 11.0000 0.0134 
84.0000 0.6770 0.1038 8.0000 0.0196 
85.0000 0.6815 0.1031 9.0000 0.0195 
86.0000 0.6859 0.0879 8.0000 0.0177 
87.0000 0.6891 0.1091 9.0000 0.0215 
88.0000 0.6848 0.0471 10.0000 0.0127 
90.0000 0.6927 0.0694 9.0000 0.0197 
90.0000 0.6927 0.0364 5.0000 0.0139 
92.0000 0.7035 0.0811 7.0000 0.0218 
92.0000 0.7035 0.0284 4.0000 0.0144 
93.0000 0.7068 0.0624 10.0000 0.0114 
94.0000 0.6994 0.1039 13.0000 0.0122 
95.0000 0.7009 0.0292 10.0000 0.0128 
96.0000 0.6960 0.0879 12.0000 0.0192 
97.0000 0.7009 0.0706 9.0000 0.0153 
98.0000 0.6998 0.0614 11.0000 0.0098 
99.0000 0.7022 0.0610 8.0000 0.0169 
100.0000 0.7071 0.0566 7.0000 0.0162 
102.0000 0.7195 0.0223 12.0000 0.0075 
102.0000 0.7195 0.0149 5.0000 0.0053 
103.0000 0.7176 0.1074 12.0000 0.0195 
104.0000 0.7136 0.0707 10.0000 0.0141 
105.0000 0.7155 0.0801 8.0000 0.0161 
106.0000 0.7183 0.0451 7.0000 0.0206 
107.0000 0.7218 0.0732 12.0000 0.0082 
108.0000 0.7264 0.0472 8.0000 0.0134 
109.0000 0.7307 0.0630 15.0000 0.0068 
110.0000 0.7364 0.0406 9.0000 0.0116 
111.0000 0.7359 0.0625 8.0000 0.0132 
112.0000 0.7341 0.1104 11.0000 0.0236 
113.0000 0.7354 0.0657 10.0000 0.0093 
114.0000 0.7373 0.0934 9.0000 0.0161 
115.0000 0.7401 0.0870 10.0000 0.0221 
116.0000 0.7395 0.0172 8.0000 0.0196 
117.0000 0.7300 0.0455 8.0000 0.0167 
119.0000 0.7374 0.0958 8.0000 0.0166 
119.0000 0.7374 0.0118 3.0000 0.0021 
120.0000 0.7263 0.1317 11.0000 0.0192 
121.0000 0.7299 0.1190 10.0000 0.0197 
122.0000 0.7314 0.0799 10.0000 0.0158 
123.0000 0.7334 0.0978 9.0000 0.0139 
124.0000 0.7355 0.0852 14.0000 0.0080 
125.0000 0.7356 0.0531 7.0000 0.0151 
127.0000 0.7438 0.0639 33.0000 0.0105 
127.0000 0.7438 0.0574 32.0000 0.0243 
128.0000 0.7363 0.0921 8.0000 0.0219 
129.0000 0.7410 0.0883 12.0000 0.0161 
130.0000 0.7442 0.0984 12.0000 0.0185 
131.0000 0.7457 0.0146 10.0000 0.0129 
132.0000 0.7500 0.0980 12.0000 0.0192 
133.0000 0.7546 0.0618 6.0000 0.0337 
134.0000 0.7434 0.0784 8.0000 0.0178 