
1.0000 0.9524 0.0655 7.0000 0.0129 
3.0000 0.6160 0.0767 10.0000 0.0241 
3.0000 0.6160 0.0168 3.0000 0.0059 
4.0000 0.5070 0.1117 14.0000 0.0147 
5.0000 0.2202 0.1239 10.0000 0.0264 
6.0000 0.2236 0.0984 10.0000 0.0167 
7.0000 0.2506 0.0354 8.0000 0.0121 
8.0000 0.2458 0.1064 11.0000 0.0119 
9.0000 0.2620 0.0862 9.0000 0.0107 
10.0000 0.2753 0.0614 6.0000 0.0188 
11.0000 0.2758 0.0709 6.0000 0.0171 
12.0000 0.2886 0.1462 12.0000 0.0175 
13.0000 0.2394 0.1036 9.0000 0.0151 
14.0000 0.2367 0.0812 10.0000 0.0213 
15.0000 0.2468 0.0459 3.0000 0.0168 
16.0000 0.2456 0.1311 11.0000 0.0222 
17.0000 0.2459 0.1020 11.0000 0.0187 
18.0000 0.2570 0.0919 7.0000 0.0210 
19.0000 0.2592 0.0996 9.0000 0.0154 
20.0000 0.2530 0.1069 8.0000 0.0155 
21.0000 0.2533 0.0567 8.0000 0.0097 
22.0000 0.2562 0.1145 13.0000 0.0142 
23.0000 0.2541 0.1154 8.0000 0.0181 
24.0000 0.2571 0.0707 9.0000 0.0188 
25.0000 0.2627 0.0952 10.0000 0.0167 
27.0000 0.2820 0.0676 8.0000 0.0101 
27.0000 0.2820 0.0172 4.0000 0.0090 
28.0000 0.2885 0.0842 10.0000 0.0196 
29.0000 0.2947 0.0633 8.0000 0.0133 
30.0000 0.2998 0.0844 10.0000 0.0198 
31.0000 0.3039 0.1338 11.0000 0.0225 
32.0000 0.3021 0.1134 11.0000 0.0213 
33.0000 0.3066 0.0671 5.0000 0.0166 
34.0000 0.3116 0.0490 6.0000 0.0190 
35.0000 0.3129 0.1014 8.0000 0.0198 
36.0000 0.3161 0.0782 8.0000 0.0162 
37.0000 0.3207 0.0813 9.0000 0.0142 
38.0000 0.3215 0.0458 6.0000 0.0140 
39.0000 0.3270 0.1114 8.0000 0.0189 
40.0000 0.3277 0.1542 12.0000 0.0213 
41.0000 0.3313 0.0445 7.0000 0.0162 
42.0000 0.3363 0.1257 9.0000 0.0281 
43.0000 0.3424 0.0758 10.0000 0.0165 
44.0000 0.3458 0.0951 8.0000 0.0220 
45.0000 0.3513 0.0483 3.0000 0.0157 
46.0000 0.3555 0.1292 9.0000 0.0202 
47.0000 0.3590 0.1353 13.0000 0.0238 
48.0000 0.3592 0.1786 12.0000 0.0208 
49.0000 0.3598 0.0667 7.0000 0.0200 
50.0000 0.3658 0.1064 13.0000 0.0133 
51.0000 0.3668 0.1049 9.0000 0.0137 
52.0000 0.3695 0.0912 13.0000 0.0218 
53.0000 0.3750 0.1190 9.0000 0.0195 
54.0000 0.3768 0.1279 11.0000 0.0138 
55.0000 0.3684 0.0688 8.0000 0.0205 
56.0000 0.3723 0.0481 3.0000 0.0214 
57.0000 0.3783 0.0865 10.0000 0.0282 
58.0000 0.3830 0.0511 4.0000 0.0180 
59.0000 0.3861 0.1017 11.0000 0.0122 
60.0000 0.3874 0.0626 6.0000 0.0183 
61.0000 0.3921 0.0658 4.0000 0.0194 
62.0000 0.3980 0.0660 4.0000 0.0354 
63.0000 0.4016 0.0904 10.0000 0.0160 
64.0000 0.4021 0.0646 7.0000 0.0210 
65.0000 0.4000 0.1237 12.0000 0.0183 
66.0000 0.4006 0.1470 11.0000 0.0202 
67.0000 0.3947 0.0275 9.0000 0.0170 
68.0000 0.3959 0.0527 8.0000 0.0193 
69.0000 0.3996 0.0884 6.0000 0.0124 
70.0000 0.3992 0.1227 12.0000 0.0197 