
1.0000 1.3514 0.1007 8.0000 0.0150 
2.0000 1.8519 0.0867 8.0000 0.0282 
3.0000 1.3100 0.1170 11.0000 0.0134 
4.0000 1.3841 0.1131 10.0000 0.0106 
5.0000 1.3158 0.0675 6.0000 0.0168 
7.0000 1.2346 0.0592 3.0000 0.0398 
7.0000 1.2346 0.0424 3.0000 0.0217 
8.0000 1.2085 0.0717 11.0000 0.0201 
9.0000 1.3235 0.0614 11.0000 0.0162 
10.0000 1.2788 0.0033 5.0000 0.0238 
12.0000 1.3245 0.0365 7.0000 0.0197 
12.0000 1.3245 0.0253 4.0000 0.0146 
13.0000 1.0046 0.0943 14.0000 0.0086 
14.0000 0.8088 0.0708 7.0000 0.0180 
15.0000 0.5719 0.1047 14.0000 0.0159 
16.0000 0.5479 0.0673 9.0000 0.0174 
17.0000 0.5334 0.0497 5.0000 0.0125 
18.0000 0.5576 0.1244 10.0000 0.0180 
19.0000 0.5660 0.0678 10.0000 0.0146 
20.0000 0.5896 0.0651 7.0000 0.0198 
21.0000 0.5942 0.0462 5.0000 0.0129 
22.0000 0.6154 0.1008 8.0000 0.0162 
23.0000 0.6186 0.0633 9.0000 0.0126 
24.0000 0.6378 0.0893 12.0000 0.0137 
25.0000 0.6425 0.0707 9.0000 0.0235 
27.0000 0.6789 0.0367 5.0000 0.0273 
27.0000 0.6789 0.0339 4.0000 0.0155 
28.0000 0.6745 0.1377 13.0000 0.0200 
29.0000 0.6833 0.0605 7.0000 0.0190 
30.0000 0.6445 0.0294 6.0000 0.0140 
32.0000 0.6187 0.0558 4.0000 0.0154 
32.0000 0.6187 0.0103 3.0000 0.0100 
33.0000 0.5724 0.0489 8.0000 0.0112 
34.0000 0.5277 0.0976 7.0000 0.0375 
36.0000 0.5265 0.0899 7.0000 0.0219 
36.0000 0.5265 0.0330 4.0000 0.0175 
37.0000 0.5330 0.1187 12.0000 0.0018 
39.0000 0.5548 0.0731 8.0000 0.0111 
39.0000 0.5548 0.0502 3.0000 0.0307 
40.0000 0.5392 0.0987 7.0000 0.0239 
41.0000 0.5415 0.0864 8.0000 0.0165 
43.0000 0.5626 0.0678 6.0000 0.0413 
43.0000 0.5626 0.0861 5.0000 0.0224 
44.0000 0.5685 0.1225 10.0000 0.0203 
45.0000 0.5134 0.1074 7.0000 0.0211 
46.0000 0.4758 0.0714 5.0000 0.0261 
47.0000 0.4628 0.1164 13.0000 0.0161 
48.0000 0.4714 0.1291 14.0000 0.0176 
49.0000 0.4795 0.0976 10.0000 0.0314 
50.0000 0.4876 0.1068 9.0000 0.0203 
51.0000 0.4894 0.0737 9.0000 0.0241 
52.0000 0.4938 0.0444 6.0000 0.0061 
53.0000 0.5028 0.0514 7.0000 0.0164 
54.0000 0.5108 0.0690 9.0000 0.0145 
55.0000 0.5174 0.0558 9.0000 0.0113 
56.0000 0.5253 0.1208 12.0000 0.0175 
57.0000 0.5150 0.0809 8.0000 0.0146 
58.0000 0.4809 0.0761 7.0000 0.0197 
59.0000 0.4684 0.1315 10.0000 0.0194 
60.0000 0.4590 0.0926 8.0000 0.0185 
61.0000 0.4502 0.0952 14.0000 0.0197 
62.0000 0.4558 0.0895 6.0000 0.0232 
63.0000 0.4556 0.0510 8.0000 0.0183 
64.0000 0.4525 0.0638 16.0000 0.0152 
65.0000 0.4502 0.0476 5.0000 0.0173 
66.0000 0.4468 0.0614 13.0000 0.0189 
67.0000 0.4405 0.1045 9.0000 0.0168 
68.0000 0.4446 0.0831 8.0000 0.0176 
69.0000 0.4385 0.0559 7.0000 0.0253 
70.0000 0.4430 0.0815 8.0000 0.0161 
71.0000 0.4188 0.0772 7.0000 0.0270 