
1.0000 0.2639 0.1092 8.0000 0.0280 
2.0000 0.4219 0.0516 7.0000 0.0260 
4.0000 0.7737 0.1201 6.0000 0.0256 
4.0000 0.7737 0.0284 3.0000 0.0167 
5.0000 0.8532 0.0959 8.0000 0.0232 
6.0000 0.8345 0.1349 9.0000 0.0285 
7.0000 0.9162 0.0858 12.0000 0.0202 
9.0000 1.0936 0.1548 8.0000 0.0341 
9.0000 1.0936 0.0686 4.0000 0.0285 
10.0000 1.1587 0.0789 6.0000 0.0128 
11.0000 1.1317 0.1264 11.0000 0.0201 
13.0000 1.1140 0.0662 5.0000 0.0238 
13.0000 1.1140 0.0386 3.0000 0.0263 
15.0000 0.9305 0.0627 7.0000 0.0340 
15.0000 0.9305 0.0596 4.0000 0.0261 
16.0000 0.8511 0.0973 5.0000 0.0216 
17.0000 0.6770 0.1180 9.0000 0.0241 
20.0000 0.7174 0.1088 9.0000 0.0140 
20.0000 0.7174 0.0180 3.0000 0.0101 
20.0000 0.7174 0.0227 3.0000 0.0153 
22.0000 0.7578 0.1365 7.0000 0.0266 
22.0000 0.7578 0.0296 4.0000 0.0094 
23.0000 0.7644 0.1541 9.0000 0.0256 
24.0000 0.7576 0.1601 12.0000 0.0031 
25.0000 0.7530 0.2090 13.0000 0.0259 
26.0000 0.7627 0.0829 7.0000 0.0276 
27.0000 0.7469 0.1693 9.0000 0.0257 
28.0000 0.7386 0.1404 10.0000 0.0179 
29.0000 0.7490 0.1034 12.0000 0.0226 
30.0000 0.7595 0.1425 12.0000 0.0156 
31.0000 0.7715 0.1310 8.0000 0.0279 
32.0000 0.7880 0.0446 5.0000 0.0121 
33.0000 0.8023 0.0993 15.0000 0.0244 
34.0000 0.8157 0.1341 10.0000 0.0214 
35.0000 0.8243 0.0785 9.0000 0.0328 
36.0000 0.8148 0.1384 9.0000 0.0203 
37.0000 0.7976 0.1564 12.0000 0.0162 
38.0000 0.8054 0.1545 8.0000 0.0284 
39.0000 0.8195 0.1194 7.0000 0.0254 
40.0000 0.8010 0.1111 7.0000 0.0389 
41.0000 0.8077 0.1294 7.0000 0.0377 
42.0000 0.8140 0.1382 11.0000 0.0190 
43.0000 0.8264 0.1003 10.0000 0.0233 
44.0000 0.8383 0.1288 10.0000 0.0179 
45.0000 0.8455 0.0949 8.0000 0.0223 
46.0000 0.8549 0.1435 9.0000 0.0259 
47.0000 0.8567 0.1386 10.0000 0.0154 
49.0000 0.8856 0.1492 9.0000 0.0284 
49.0000 0.8856 0.0671 3.0000 0.0287 
50.0000 0.8957 0.1151 7.0000 0.0199 
51.0000 0.9015 0.1430 11.0000 0.0245 
53.0000 0.9320 0.1384 8.0000 0.0270 
53.0000 0.9320 0.0549 3.0000 0.0315 
54.0000 0.9393 0.1562 9.0000 0.0359 
55.0000 0.9484 0.1543 11.0000 0.0228 
56.0000 0.9596 0.1205 9.0000 0.0255 
58.0000 0.9829 0.1176 8.0000 0.0304 
58.0000 0.9829 0.0390 3.0000 0.0325 
59.0000 0.9903 0.1381 7.0000 0.0331 
60.0000 0.9916 0.1515 7.0000 0.0406 
61.0000 0.9977 0.1144 8.0000 0.0268 
62.0000 1.0071 0.0783 7.0000 0.0258 
63.0000 1.0161 0.0581 4.0000 0.0272 
64.0000 1.0201 0.1382 11.0000 0.0203 
66.0000 1.0304 0.1442 8.0000 0.0191 
66.0000 1.0304 0.0756 4.0000 0.0334 
67.0000 1.0325 0.0737 5.0000 0.0253 
68.0000 1.0396 0.1352 8.0000 0.0263 
70.0000 1.0556 0.1011 7.0000 0.0295 
70.0000 1.0556 0.0393 6.0000 0.0325 
71.0000 1.0661 0.1143 9.0000 0.0208 
72.0000 1.0738 0.0535 4.0000 0.0229 
73.0000 1.0727 0.1723 10.0000 0.0353 
74.0000 1.0820 0.1517 9.0000 0.0241 
75.0000 1.0851 0.1699 12.0000 0.0283 
77.0000 1.1039 0.1108 7.0000 0.0290 
77.0000 1.1039 0.0324 4.0000 0.0130 
78.0000 1.1081 0.0563 8.0000 0.0211 
79.0000 1.1131 0.0503 6.0000 0.0167 
80.0000 1.1116 0.1606 9.0000 0.0350 
81.0000 1.0989 0.1223 9.0000 0.0214 
82.0000 1.1001 0.0475 5.0000 0.0177 
83.0000 1.1067 0.0435 5.0000 0.0137 
84.0000 1.1099 0.0524 6.0000 0.0184 
85.0000 1.1105 0.0743 7.0000 0.0143 
86.0000 1.1088 0.1277 10.0000 0.0110 
87.0000 1.1100 0.1430 7.0000 0.0271 
89.0000 1.1244 0.0572 6.0000 0.0482 
89.0000 1.1244 0.0337 3.0000 0.0268 
90.0000 1.1239 0.0846 7.0000 0.0236 
91.0000 1.1060 0.0777 7.0000 0.0145 
92.0000 1.0951 0.1991 9.0000 0.0235 
93.0000 1.0933 0.1468 9.0000 0.0208 
94.0000 1.1006 0.1344 8.0000 0.0333 
95.0000 1.1018 0.1301 10.0000 0.0174 
96.0000 1.1057 0.0645 7.0000 0.0266 
97.0000 1.1110 0.1377 10.0000 0.0372 
99.0000 1.1256 0.0961 4.0000 0.0264 
99.0000 1.1256 0.1571 10.0000 0.0451 
100.0000 1.1203 0.1129 10.0000 0.0414 
101.0000 1.0856 0.0711 7.0000 0.0272 
102.0000 1.0899 0.1604 8.0000 0.0313 
104.0000 1.1013 0.0980 5.0000 0.0339 
104.0000 1.1013 0.0945 5.0000 0.0382 
105.0000 1.1001 0.1349 9.0000 0.0201 
107.0000 1.1127 0.1577 6.0000 0.0437 
107.0000 1.1127 0.0751 6.0000 0.0203 
109.0000 1.1298 0.1192 9.0000 0.0263 
109.0000 1.1298 0.0591 3.0000 0.0292 
110.0000 1.1308 0.0957 7.0000 0.0261 
111.0000 1.1267 0.0707 5.0000 0.0178 
112.0000 1.1264 0.1273 9.0000 0.0276 
113.0000 1.1303 0.1206 7.0000 0.0287 
114.0000 1.1332 0.1175 11.0000 0.0284 
116.0000 1.1445 0.0670 3.0000 0.0334 
116.0000 1.1445 0.0287 3.0000 0.0139 
117.0000 1.1446 0.1176 8.0000 0.0321 
118.0000 1.1424 0.1339 11.0000 0.0278 
119.0000 1.1464 0.1427 9.0000 0.0193 
121.0000 1.1489 0.0897 9.0000 0.0293 
121.0000 1.1489 0.0385 4.0000 0.0207 
122.0000 1.1389 0.0746 11.0000 0.0157 
124.0000 1.1467 0.1295 8.0000 0.0369 
124.0000 1.1467 0.0601 4.0000 0.0382 
125.0000 1.1506 0.1527 8.0000 0.0559 
126.0000 1.1398 0.1321 6.0000 0.0265 
127.0000 1.1312 0.1255 9.0000 0.0223 
128.0000 1.1343 0.1072 8.0000 0.0275 
129.0000 1.1406 0.0953 9.0000 0.0346 
130.0000 1.1429 0.1345 11.0000 0.0346 
131.0000 1.1463 0.1425 9.0000 0.0323 
132.0000 1.1438 0.0889 10.0000 0.0217 
134.0000 1.1478 0.1101 6.0000 0.0276 
134.0000 1.1478 0.0472 3.0000 0.0240 
135.0000 1.1518 0.1482 10.0000 0.0760 
136.0000 1.1538 0.1610 7.0000 0.0284 
137.0000 1.1561 0.1516 11.0000 0.0289 
138.0000 1.1548 0.1125 6.0000 0.0481 
139.0000 1.1604 0.0673 5.0000 0.0251 
141.0000 1.1637 0.1314 8.0000 0.0336 
141.0000 1.1637 0.0881 3.0000 0.0577 
143.0000 1.1713 0.1536 8.0000 0.0365 
143.0000 1.1713 0.0569 3.0000 0.0407 
144.0000 1.1760 0.1460 6.0000 0.0422 
145.0000 1.1671 0.1122 7.0000 0.0257 
147.0000 1.1477 0.0759 7.0000 0.0304 
147.0000 1.1477 0.0699 3.0000 0.0343 
148.0000 1.1509 0.1000 7.0000 0.0239 
149.0000 1.1490 0.0582 5.0000 0.0139 
150.0000 1.1502 0.0904 10.0000 0.0349 
151.0000 1.1432 0.1319 10.0000 0.0304 
153.0000 1.1340 0.0640 5.0000 0.0210 
153.0000 1.1340 0.0312 3.0000 0.0212 
155.0000 1.1410 0.1373 7.0000 0.0420 
155.0000 1.1410 0.0347 4.0000 0.0020 
156.0000 1.1426 0.1030 6.0000 0.0203 
158.0000 1.1533 0.0970 6.0000 0.0162 
158.0000 1.1533 0.0310 3.0000 0.0273 
159.0000 1.1584 0.1117 7.0000 0.0217 
161.0000 1.1691 0.1026 4.0000 0.0528 
161.0000 1.1691 0.0862 3.0000 0.0414 
162.0000 1.1679 0.0924 11.0000 0.0499 
163.0000 1.1703 0.0807 7.0000 0.0328 
164.0000 1.1734 0.1020 11.0000 0.0232 
165.0000 1.1771 0.1016 9.0000 0.0153 
167.0000 1.1846 0.0797 7.0000 0.0327 
167.0000 1.1846 0.0527 4.0000 0.0239 
168.0000 1.1804 0.1367 9.0000 0.0169 
169.0000 1.1764 0.0936 9.0000 0.0161 
170.0000 1.1781 0.0662 5.0000 0.0211 
172.0000 1.1865 0.1279 7.0000 0.0597 
172.0000 1.1865 0.0965 5.0000 0.0350 
173.0000 1.1874 0.1498 8.0000 0.0341 
174.0000 1.1813 0.1454 13.0000 0.0211 
175.0000 1.1717 0.1259 11.0000 0.0213 
176.0000 1.1635 0.1278 7.0000 0.0289 
178.0000 1.1661 0.0491 6.0000 0.0177 
178.0000 1.1661 0.0281 3.0000 0.0192 
179.0000 1.1648 0.0886 11.0000 0.0215 
181.0000 1.1658 0.0880 6.0000 0.0195 
181.0000 1.1658 0.0358 4.0000 0.0245 
182.0000 1.1617 0.1370 10.0000 0.0196 
184.0000 1.1666 0.1404 6.0000 0.0326 
184.0000 1.1666 0.0611 3.0000 0.0325 
185.0000 1.1531 0.1291 6.0000 0.0295 
187.0000 1.1585 0.0988 5.0000 0.0260 
187.0000 1.1585 0.0660 4.0000 0.0303 
188.0000 1.1568 0.0644 9.0000 0.0169 
189.0000 1.1567 0.1041 9.0000 0.0171 
190.0000 1.1514 0.0725 4.0000 0.0337 
192.0000 1.1551 0.1561 8.0000 0.0316 
192.0000 1.1551 0.0792 4.0000 0.0341 
194.0000 1.1640 0.1347 7.0000 0.0716 
194.0000 1.1640 0.0539 3.0000 0.0425 
195.0000 1.1670 0.1412 8.0000 0.0188 
197.0000 1.1744 0.0833 3.0000 0.0380 
197.0000 1.1744 0.1682 10.0000 0.0410 
198.0000 1.1779 0.1440 9.0000 0.0286 
199.0000 1.1796 0.1182 7.0000 0.0159 