
1.0000 1.0000 0.0980 9.0000 0.0226 
2.0000 0.4435 0.1634 7.0000 0.0336 
3.0000 0.4552 0.1602 4.0000 0.0959 
4.0000 0.3490 0.0430 5.0000 0.0667 
5.0000 0.3038 0.0998 7.0000 0.0458 
6.0000 0.2298 0.1426 3.0000 0.0728 
7.0000 0.2405 0.1067 3.0000 0.0643 
9.0000 0.3079 0.1577 4.0000 0.0740 
9.0000 0.3079 0.1349 5.0000 0.0330 
10.0000 0.3357 0.0908 8.0000 0.0218 
12.0000 0.3894 0.0613 3.0000 0.0495 
12.0000 0.3894 0.1867 5.0000 0.0573 
20.0000 0.5977 0.1062 7.0000 0.0365 
20.0000 0.5977 0.1009 4.0000 0.0436 
20.0000 0.5977 0.1096 5.0000 0.0428 
20.0000 0.5977 0.1392 5.0000 0.0366 
20.0000 0.5977 0.1531 5.0000 0.0528 
20.0000 0.5977 0.1414 4.0000 0.0661 
20.0000 0.5977 0.1750 4.0000 0.0608 
20.0000 0.5977 0.1834 4.0000 0.0873 
23.0000 0.6702 0.2010 4.0000 0.1005 
23.0000 0.6702 0.1728 4.0000 0.0796 
23.0000 0.6702 0.1193 3.0000 0.0647 
25.0000 0.7244 0.1506 4.0000 0.0840 
25.0000 0.7244 0.1448 4.0000 0.0454 
27.0000 0.7763 0.1223 3.0000 0.0487 
27.0000 0.7763 0.1043 3.0000 0.0603 
29.0000 0.8171 0.0774 3.0000 0.0482 
29.0000 0.8171 0.1058 5.0000 0.0610 
36.0000 0.9920 0.0734 5.0000 0.0163 
36.0000 0.9920 0.0984 3.0000 0.0601 
36.0000 0.9920 0.0330 3.0000 0.0080 
36.0000 0.9920 0.1753 3.0000 0.1064 
36.0000 0.9920 0.1178 7.0000 0.0152 
36.0000 0.9920 0.0863 5.0000 0.0280 
36.0000 0.9920 0.0897 3.0000 0.0487 
37.0000 1.0168 0.1130 4.0000 0.0416 
39.0000 1.0555 0.0417 7.0000 0.0740 
39.0000 1.0555 0.0704 3.0000 0.0280 
40.0000 1.0689 0.0640 6.0000 0.0538 
42.0000 1.1123 0.1749 4.0000 0.0527 
42.0000 1.1123 0.1253 13.0000 0.0352 
44.0000 1.1524 0.1343 6.0000 0.0361 
44.0000 1.1524 0.0467 5.0000 0.0124 
49.0000 1.2698 0.0153 5.0000 0.0655 
49.0000 1.2698 0.0932 3.0000 0.0551 
49.0000 1.2698 0.1639 5.0000 0.0810 
49.0000 1.2698 0.1824 7.0000 0.0321 
49.0000 1.2698 0.1221 4.0000 0.0415 
50.0000 1.2913 0.0833 5.0000 0.0216 
51.0000 1.3050 0.1387 3.0000 0.0693 
57.0000 1.4478 0.0951 4.0000 0.0314 
57.0000 1.4478 0.1009 3.0000 0.0532 
57.0000 1.4478 0.1341 3.0000 0.0696 
57.0000 1.4478 0.0974 4.0000 0.0326 
57.0000 1.4478 0.1536 4.0000 0.0509 
57.0000 1.4478 0.0876 3.0000 0.0429 
60.0000 1.5079 0.1298 3.0000 0.0715 
60.0000 1.5079 0.1346 3.0000 0.0649 
60.0000 1.5079 0.1668 3.0000 0.0975 
62.0000 1.5331 0.1133 7.0000 0.0298 
62.0000 1.5331 0.0884 3.0000 0.0343 
63.0000 1.5536 0.0956 4.0000 0.0326 
64.0000 1.5740 0.0864 6.0000 0.0404 
92.0000 2.1642 0.1174 6.0000 0.0309 
92.0000 2.1642 0.0764 7.0000 0.0593 
92.0000 2.1642 0.1229 4.0000 0.0483 
92.0000 2.1642 0.1150 3.0000 0.0553 
92.0000 2.1642 0.1444 4.0000 0.0472 
92.0000 2.1642 0.0947 4.0000 0.0305 
92.0000 2.1642 0.1115 3.0000 0.0555 
92.0000 2.1642 0.1549 9.0000 0.0486 
92.0000 2.1642 0.1364 7.0000 0.0734 
92.0000 2.1642 0.0520 9.0000 0.0284 
92.0000 2.1642 0.0433 3.0000 0.0233 
92.0000 2.1642 0.0686 15.0000 0.0118 
92.0000 2.1642 0.1616 6.0000 0.0577 
92.0000 2.1642 0.1069 3.0000 0.0509 
92.0000 2.1642 0.0811 10.0000 0.0384 
92.0000 2.1642 0.1178 6.0000 0.0682 
92.0000 2.1642 0.0819 7.0000 0.0293 
92.0000 2.1642 0.1123 9.0000 0.0509 
92.0000 2.1642 0.0810 3.0000 0.0332 
92.0000 2.1642 0.0373 10.0000 0.0263 
92.0000 2.1642 0.1528 6.0000 0.0616 
92.0000 2.1642 0.0656 4.0000 0.0189 
92.0000 2.1642 0.1557 4.0000 0.0581 
92.0000 2.1642 0.1148 3.0000 0.0592 
92.0000 2.1642 0.1480 9.0000 0.0497 
92.0000 2.1642 0.0787 12.0000 0.0508 
92.0000 2.1642 0.0441 4.0000 0.0252 
92.0000 2.1642 0.1173 17.0000 0.0214 
100.0000 2.3267 0.0602 4.0000 0.0261 
100.0000 2.3267 0.1424 4.0000 0.0430 
100.0000 2.3267 0.0979 4.0000 0.0365 
100.0000 2.3267 0.1197 6.0000 0.0329 
100.0000 2.3267 0.1232 4.0000 0.0582 
100.0000 2.3267 0.1821 5.0000 0.0449 
100.0000 2.3267 0.1430 4.0000 0.0420 
100.0000 2.3267 0.1220 4.0000 0.0492 
108.0000 2.4686 0.1509 6.0000 0.0857 
108.0000 2.4686 0.0905 4.0000 0.0312 
108.0000 2.4686 0.1628 4.0000 0.0552 
108.0000 2.4686 0.1930 3.0000 0.1010 
108.0000 2.4686 0.1430 5.0000 0.0405 
108.0000 2.4686 0.1317 10.0000 0.0194 
108.0000 2.4686 0.1787 3.0000 0.0824 
108.0000 2.4686 0.1250 4.0000 0.0438 
110.0000 2.5011 0.1311 5.0000 0.0285 
110.0000 2.5011 0.1146 7.0000 0.0267 
113.0000 2.5514 0.1518 7.0000 0.0534 
113.0000 2.5514 0.1169 6.0000 0.0250 
113.0000 2.5514 0.0230 3.0000 0.0012 
114.0000 2.5498 0.0634 5.0000 0.0181 
132.0000 2.8947 0.1612 5.0000 0.0843 
132.0000 2.8947 0.1391 3.0000 0.0709 
132.0000 2.8947 0.0365 6.0000 0.0046 
132.0000 2.8947 0.1020 7.0000 0.0411 
132.0000 2.8947 0.1443 3.0000 0.0653 
132.0000 2.8947 0.1198 4.0000 0.0391 
132.0000 2.8947 0.0839 6.0000 0.1047 
132.0000 2.8947 0.0936 3.0000 0.0437 
132.0000 2.8947 0.0991 5.0000 0.0448 
132.0000 2.8947 0.0808 3.0000 0.0378 
132.0000 2.8947 0.1335 6.0000 0.0376 
132.0000 2.8947 0.2095 4.0000 0.1054 
132.0000 2.8947 0.0756 7.0000 0.0364 
132.0000 2.8947 0.0512 4.0000 0.0371 
132.0000 2.8947 0.1501 14.0000 0.0136 
132.0000 2.8947 0.1359 4.0000 0.0691 
132.0000 2.8947 0.0898 3.0000 0.0410 
132.0000 2.8947 0.1115 6.0000 0.0464 
133.0000 2.9027 0.1072 5.0000 0.0321 
135.0000 2.9139 0.1219 4.0000 0.0372 
135.0000 2.9139 0.1046 5.0000 0.0389 
141.0000 2.9962 0.1385 3.0000 0.0742 
141.0000 2.9962 0.1565 6.0000 0.0528 
141.0000 2.9962 0.1138 3.0000 0.0529 
141.0000 2.9962 0.1381 4.0000 0.0468 
141.0000 2.9962 0.1193 4.0000 0.0623 
141.0000 2.9962 0.2149 7.0000 0.0926 
143.0000 2.9699 0.1480 4.0000 0.0689 
143.0000 2.9699 0.1606 4.0000 0.0843 
148.0000 3.0484 0.1192 6.0000 0.0486 
148.0000 3.0484 0.1099 4.0000 0.0356 
148.0000 3.0484 0.1405 3.0000 0.0716 
148.0000 3.0484 0.1988 4.0000 0.1007 
148.0000 3.0484 0.1216 5.0000 0.0413 
150.0000 3.0813 0.0961 3.0000 0.0408 
150.0000 3.0813 0.1009 6.0000 0.0275 
152.0000 3.1109 0.0864 4.0000 0.0287 
152.0000 3.1109 0.1016 4.0000 0.0389 
154.0000 3.1250 0.0422 4.0000 0.0160 
154.0000 3.1250 0.1213 3.0000 0.0722 
156.0000 3.1509 0.0653 5.0000 0.0113 
156.0000 3.1509 0.0919 8.0000 0.0179 
168.0000 3.2647 0.1469 7.0000 0.0558 
168.0000 3.2647 0.1147 5.0000 0.0340 
168.0000 3.2647 0.1071 4.0000 0.0501 
168.0000 3.2647 0.1620 4.0000 0.0802 
168.0000 3.2647 0.1121 5.0000 0.0336 
168.0000 3.2647 0.1222 3.0000 0.0724 
168.0000 3.2647 0.1491 4.0000 0.0805 
168.0000 3.2647 0.1506 4.0000 0.0603 
168.0000 3.2647 0.1137 5.0000 0.0352 
168.0000 3.2647 0.1727 4.0000 0.0826 
168.0000 3.2647 0.1772 5.0000 0.0911 
168.0000 3.2647 0.1664 8.0000 0.0253 
169.0000 3.2682 0.1018 6.0000 0.0415 
171.0000 3.1826 0.1243 5.0000 0.0658 
171.0000 3.1826 0.0670 3.0000 0.0482 
173.0000 3.1936 0.1034 7.0000 0.0861 
173.0000 3.1936 0.1016 4.0000 0.0156 
175.0000 3.2157 0.0897 9.0000 0.0118 
175.0000 3.2157 0.0429 3.0000 0.0321 
176.0000 3.0953 0.0423 4.0000 0.0198 
177.0000 2.8893 0.0825 5.0000 0.0245 
178.0000 2.8627 0.0803 5.0000 0.0220 
179.0000 2.7450 0.0494 9.0000 0.0183 
180.0000 2.6611 0.0964 6.0000 0.0271 
181.0000 2.5315 0.0548 9.0000 0.0112 
182.0000 2.4036 0.0681 7.0000 0.0157 
183.0000 2.3203 0.1164 7.0000 0.0279 
184.0000 2.3165 0.0567 8.0000 0.0223 
185.0000 2.2941 0.0504 6.0000 0.0192 
186.0000 2.2672 0.0922 7.0000 0.0326 
187.0000 2.2406 0.1003 6.0000 0.0303 
189.0000 2.2391 0.0392 3.0000 0.0263 
189.0000 2.2391 0.0584 3.0000 0.0262 
191.0000 2.2214 0.0768 7.0000 0.0639 
191.0000 2.2214 0.0699 15.0000 0.0212 
192.0000 2.2186 0.0617 5.0000 0.0224 
193.0000 2.1006 0.0684 3.0000 0.0298 
194.0000 2.0588 0.0758 8.0000 0.0246 
195.0000 2.0427 0.0989 8.0000 0.0145 
196.0000 2.0020 0.0588 8.0000 0.0225 
198.0000 2.0016 0.0792 7.0000 0.0202 
198.0000 2.0016 0.0763 6.0000 0.0252 
199.0000 2.0095 0.0123 4.0000 0.0296 
202.0000 2.0164 0.0366 4.0000 0.0152 
202.0000 2.0164 0.0210 3.0000 0.0087 
202.0000 2.0164 0.0136 3.0000 0.0117 
203.0000 2.0073 0.1053 11.0000 0.0119 
205.0000 2.0090 0.0241 3.0000 0.0062 
205.0000 2.0090 0.0430 3.0000 0.0252 
206.0000 2.0047 0.1414 7.0000 0.0586 
207.0000 2.0054 0.0656 9.0000 0.0128 
208.0000 2.0071 0.0965 8.0000 0.0334 
209.0000 2.0141 0.1095 7.0000 0.0213 
211.0000 2.0161 0.0575 8.0000 0.0533 
211.0000 2.0161 0.0918 3.0000 0.0412 
215.0000 2.0362 0.0833 13.0000 0.0344 
215.0000 2.0362 0.1338 23.0000 0.0931 
215.0000 2.0362 0.1220 6.0000 0.0424 
215.0000 2.0362 0.1926 11.0000 0.0394 
217.0000 2.0483 0.1132 8.0000 0.0443 
217.0000 2.0483 0.0514 4.0000 0.0040 
218.0000 2.0429 0.0460 4.0000 0.0120 
219.0000 2.0502 0.1045 6.0000 0.0362 
220.0000 2.0477 0.0870 5.0000 0.0388 
222.0000 2.0540 0.0774 8.0000 0.0345 
222.0000 2.0540 0.0403 4.0000 0.0022 
230.0000 2.0978 0.0742 10.0000 0.0480 
230.0000 2.0978 0.1567 8.0000 0.0334 
230.0000 2.0978 0.1415 3.0000 0.0697 
230.0000 2.0978 0.1603 17.0000 0.0687 
230.0000 2.0978 0.1377 5.0000 0.0848 
230.0000 2.0978 0.1158 4.0000 0.0470 
230.0000 2.0978 0.1388 17.0000 0.0176 
230.0000 2.0978 0.0538 3.0000 0.0110 
234.0000 2.1157 0.1398 5.0000 0.0397 
234.0000 2.1157 0.1197 4.0000 0.0386 
234.0000 2.1157 0.1507 4.0000 0.0862 
234.0000 2.1157 0.1420 4.0000 0.0739 
238.0000 2.1434 0.0291 4.0000 0.0118 
238.0000 2.1434 0.1036 5.0000 0.0477 
238.0000 2.1434 0.1758 7.0000 0.0501 
238.0000 2.1434 0.0720 17.0000 0.0103 
240.0000 2.1488 0.1191 7.0000 0.0384 
240.0000 2.1488 0.0588 4.0000 0.0159 
245.0000 2.1869 0.1128 4.0000 0.0595 
245.0000 2.1869 0.1380 5.0000 0.0417 
245.0000 2.1869 0.1299 5.0000 0.0265 
245.0000 2.1869 0.1339 4.0000 0.0770 
245.0000 2.1869 0.0401 5.0000 0.0117 
247.0000 2.1934 0.1392 8.0000 0.0700 
247.0000 2.1934 0.1059 3.0000 0.0346 
251.0000 2.2107 0.1977 7.0000 0.0658 
251.0000 2.2107 0.1945 5.0000 0.0925 
251.0000 2.2107 0.1310 7.0000 0.0229 
251.0000 2.2107 0.0824 3.0000 0.0521 
252.0000 2.2134 0.1043 7.0000 0.0198 
257.0000 2.2430 0.0380 8.0000 0.0305 
257.0000 2.2430 0.0982 5.0000 0.0283 
257.0000 2.2430 0.1245 3.0000 0.0607 
257.0000 2.2430 0.1179 5.0000 0.0637 
257.0000 2.2430 0.1103 8.0000 0.0671 
259.0000 2.2306 0.0684 5.0000 0.0154 
259.0000 2.2306 0.0725 3.0000 0.0450 
261.0000 2.2450 0.1760 9.0000 0.0274 
261.0000 2.2450 0.0629 4.0000 0.0006 
262.0000 2.2480 0.0805 3.0000 0.0372 
278.0000 2.3488 0.0093 7.0000 0.0959 
278.0000 2.3488 0.1867 6.0000 0.0651 
278.0000 2.3488 0.1455 6.0000 0.0393 
278.0000 2.3488 0.1335 4.0000 0.0482 
278.0000 2.3488 0.0951 6.0000 0.0181 
278.0000 2.3488 0.0870 5.0000 0.0321 
278.0000 2.3488 0.1103 3.0000 0.0624 
278.0000 2.3488 0.1229 31.0000 0.0251 
278.0000 2.3488 0.1420 7.0000 0.0393 
278.0000 2.3488 0.1297 4.0000 0.0580 
278.0000 2.3488 0.1761 11.0000 0.0268 
278.0000 2.3488 0.1274 4.0000 0.0385 
278.0000 2.3488 0.1527 5.0000 0.0396 
278.0000 2.3488 0.1210 6.0000 0.0652 
278.0000 2.3488 0.1291 5.0000 0.0637 
278.0000 2.3488 0.1355 11.0000 0.0570 
282.0000 2.3713 0.1278 14.0000 0.0998 
282.0000 2.3713 0.0967 4.0000 0.0352 
282.0000 2.3713 0.0943 9.0000 0.0126 
282.0000 2.3713 0.0923 7.0000 0.0160 
284.0000 2.3846 0.1361 6.0000 0.0449 
284.0000 2.3846 0.0730 4.0000 0.0108 
286.0000 2.3788 0.1148 12.0000 0.0260 
286.0000 2.3788 0.0644 3.0000 0.0218 
287.0000 2.0879 0.0412 4.0000 0.0186 
289.0000 1.9215 0.2375 10.0000 0.0593 
289.0000 1.9215 0.0995 4.0000 0.0151 