
1.0000 0.7874 0.2135 6.0000 0.0496 
2.0000 0.6042 0.1725 10.0000 0.0230 
3.0000 0.6438 0.0701 3.0000 0.0174 
4.0000 0.6957 0.1522 10.0000 0.0236 
5.0000 0.6766 0.1307 8.0000 0.0200 
6.0000 0.6036 0.1271 6.0000 0.0288 
7.0000 0.6228 0.0863 7.0000 0.0575 
8.0000 0.5195 0.1587 10.0000 0.0208 
9.0000 0.4854 0.1718 7.0000 0.0311 
10.0000 0.4941 0.2089 10.0000 0.0247 
12.0000 0.4983 0.1395 6.0000 0.0387 
12.0000 0.4983 0.0154 4.0000 0.0029 
13.0000 0.4887 0.1089 8.0000 0.0188 
14.0000 0.4980 0.0546 3.0000 0.0298 
15.0000 0.5018 0.1615 6.0000 0.0376 
16.0000 0.5195 0.0798 4.0000 0.0252 
17.0000 0.5376 0.1437 9.0000 0.0166 
18.0000 0.5372 0.0467 5.0000 0.0191 
19.0000 0.5653 0.1117 7.0000 0.0209 
20.0000 0.5147 0.1662 7.0000 0.0358 
21.0000 0.5092 0.0825 4.0000 0.0148 
22.0000 0.5210 0.1967 7.0000 0.0366 
24.0000 0.5510 0.1370 6.0000 0.0348 
24.0000 0.5510 0.0353 5.0000 0.0143 
25.0000 0.5395 0.2452 10.0000 0.0408 
26.0000 0.5511 0.1967 6.0000 0.0435 
27.0000 0.5449 0.1418 5.0000 0.0386 
28.0000 0.5573 0.1721 7.0000 0.0525 
29.0000 0.5668 0.1904 6.0000 0.0433 
31.0000 0.6033 0.1588 5.0000 0.0323 
31.0000 0.6033 0.0212 4.0000 0.0069 
32.0000 0.5998 0.1290 8.0000 0.0389 
33.0000 0.5753 0.1270 5.0000 0.0353 
34.0000 0.5884 0.1484 7.0000 0.0327 
35.0000 0.6015 0.1756 11.0000 0.0199 
36.0000 0.5773 0.1455 8.0000 0.0224 
37.0000 0.5864 0.1551 7.0000 0.0469 
38.0000 0.5964 0.1155 7.0000 0.0199 
39.0000 0.5698 0.0648 4.0000 0.0412 
40.0000 0.5590 0.1717 7.0000 0.0338 
41.0000 0.5481 0.0987 5.0000 0.0438 
42.0000 0.5542 0.1253 8.0000 0.0147 
43.0000 0.5255 0.0943 4.0000 0.0370 
44.0000 0.5202 0.1649 6.0000 0.0333 
45.0000 0.5274 0.1571 6.0000 0.0341 
46.0000 0.5236 0.1553 7.0000 0.0354 
47.0000 0.5299 0.0835 6.0000 0.0267 
48.0000 0.5313 0.0868 7.0000 0.0208 
49.0000 0.5301 0.1599 7.0000 0.0296 
50.0000 0.5098 0.1525 5.0000 0.0417 
51.0000 0.5187 0.1205 5.0000 0.0588 
52.0000 0.5188 0.1300 7.0000 0.0250 
53.0000 0.5236 0.0738 15.0000 0.0319 
54.0000 0.4967 0.1353 10.0000 0.0167 
55.0000 0.4995 0.1578 9.0000 0.0288 
56.0000 0.5017 0.1911 8.0000 0.0393 
57.0000 0.5059 0.1351 7.0000 0.0234 
58.0000 0.5138 0.0689 3.0000 0.0150 
59.0000 0.5220 0.1572 8.0000 0.0231 
60.0000 0.5237 0.1831 11.0000 0.0259 
61.0000 0.5246 0.1855 7.0000 0.0334 
62.0000 0.5269 0.1282 4.0000 0.0514 
63.0000 0.5210 0.1298 6.0000 0.0376 
64.0000 0.5111 0.1231 8.0000 0.0199 
65.0000 0.5136 0.1049 3.0000 0.0346 
66.0000 0.5180 0.1529 6.0000 0.0361 
68.0000 0.5265 0.0863 3.0000 0.0460 
68.0000 0.5265 0.1034 5.0000 0.0283 
69.0000 0.5331 0.1526 7.0000 0.0402 
70.0000 0.5346 0.1135 5.0000 0.0244 
71.0000 0.5359 0.0926 7.0000 0.0266 
72.0000 0.5383 0.1189 6.0000 0.0261 
73.0000 0.5307 0.1054 7.0000 0.0210 
74.0000 0.5273 0.1052 5.0000 0.0293 
76.0000 0.5253 0.1144 6.0000 0.0251 
76.0000 0.5253 0.0395 5.0000 0.0245 
77.0000 0.5287 0.1212 8.0000 0.0231 
78.0000 0.5326 0.1291 6.0000 0.0411 
79.0000 0.5264 0.1932 8.0000 0.0432 