
1.0000 0.5714 0.1803 14.0000 0.0228 
2.0000 1.0152 0.1477 10.0000 0.0192 
3.0000 0.9464 0.1475 11.0000 0.0127 
4.0000 0.6279 0.1742 12.0000 0.0164 
5.0000 0.7205 0.1318 10.0000 0.0050 
6.0000 0.7168 0.1420 12.0000 0.0296 
8.0000 0.8630 0.0403 3.0000 0.0192 
8.0000 0.8630 0.0754 10.0000 0.0102 
9.0000 0.8738 0.1577 12.0000 0.0177 
11.0000 0.8047 0.1484 9.0000 0.0197 
11.0000 0.8047 0.0212 4.0000 0.0104 
12.0000 0.7828 0.0984 13.0000 0.0180 
13.0000 0.6849 0.1059 13.0000 0.0204 
14.0000 0.7028 0.1502 11.0000 0.0180 
15.0000 0.6000 0.1628 13.0000 0.0260 
16.0000 0.6364 0.1207 10.0000 0.0221 
17.0000 0.6654 0.1442 11.0000 0.0170 
18.0000 0.6630 0.1564 13.0000 0.0208 
19.0000 0.6750 0.1715 10.0000 0.0244 
20.0000 0.6959 0.1357 11.0000 0.0152 
21.0000 0.7033 0.1339 12.0000 0.0152 
22.0000 0.7088 0.1347 8.0000 0.0212 
23.0000 0.7185 0.1308 10.0000 0.0211 
24.0000 0.7277 0.1438 14.0000 0.0139 
25.0000 0.7519 0.1108 8.0000 0.0159 
26.0000 0.7528 0.1127 11.0000 0.0146 
27.0000 0.7599 0.1327 11.0000 0.0141 
28.0000 0.7661 0.1396 9.0000 0.0181 
29.0000 0.7750 0.1244 9.0000 0.0170 
30.0000 0.7800 0.1227 10.0000 0.0242 
32.0000 0.8103 0.1457 10.0000 0.0199 
32.0000 0.8103 0.0184 3.0000 0.0143 
33.0000 0.8300 0.0973 9.0000 0.0174 
34.0000 0.8498 0.1077 12.0000 0.0134 
35.0000 0.8499 0.1585 10.0000 0.0186 
36.0000 0.8594 0.1826 13.0000 0.0186 
37.0000 0.8583 0.1323 9.0000 0.0161 
39.0000 0.8931 0.1697 25.0000 0.0090 
39.0000 0.8931 0.0993 7.0000 0.0159 
40.0000 0.9105 0.0883 9.0000 0.0142 
42.0000 0.9329 0.1858 7.0000 0.0290 
42.0000 0.9329 0.0181 3.0000 0.0156 
43.0000 0.9480 0.1694 11.0000 0.0186 
44.0000 0.9420 0.1711 12.0000 0.0189 
45.0000 0.9474 0.1797 10.0000 0.0227 
46.0000 0.9436 0.1746 11.0000 0.0191 
47.0000 0.9430 0.1946 14.0000 0.0180 
48.0000 0.9528 0.1298 9.0000 0.0171 
49.0000 0.9598 0.1887 16.0000 0.0189 
50.0000 0.9686 0.1631 10.0000 0.0177 
51.0000 0.9677 0.1572 12.0000 0.0177 
52.0000 0.9705 0.1333 9.0000 0.0213 
53.0000 0.9686 0.1596 13.0000 0.0168 
54.0000 0.9735 0.1422 9.0000 0.0133 
55.0000 0.9693 0.1756 17.0000 0.0145 
56.0000 0.9826 0.1233 9.0000 0.0137 
57.0000 0.9816 0.1867 11.0000 0.0201 
58.0000 0.9906 0.1569 13.0000 0.0175 
59.0000 0.9959 0.1563 9.0000 0.0199 
60.0000 1.0032 0.1808 11.0000 0.0274 
62.0000 1.0321 0.1490 9.0000 0.0245 
62.0000 1.0321 0.0337 4.0000 0.0150 
63.0000 1.0304 0.1166 8.0000 0.0167 
64.0000 1.0119 0.2000 12.0000 0.0217 
65.0000 0.9988 0.1750 10.0000 0.0191 
66.0000 1.0040 0.1447 7.0000 0.0236 
67.0000 1.0028 0.1377 8.0000 0.0199 
68.0000 1.0009 0.1428 8.0000 0.0215 
69.0000 1.0061 0.1116 8.0000 0.0185 
70.0000 1.0036 0.1485 10.0000 0.0184 
71.0000 1.0094 0.1443 12.0000 0.0158 
72.0000 1.0078 0.1652 10.0000 0.0239 
73.0000 0.9984 0.1894 10.0000 0.0255 
74.0000 0.9727 0.1889 11.0000 0.0270 
75.0000 0.9835 0.1416 8.0000 0.0196 
76.0000 0.9841 0.1521 9.0000 0.0199 
77.0000 0.9800 0.1442 11.0000 0.0158 
78.0000 0.9731 0.1718 11.0000 0.0250 
79.0000 0.9644 0.1327 11.0000 0.0168 
80.0000 0.9581 0.1968 12.0000 0.0188 
81.0000 0.9586 0.1249 9.0000 0.0163 
82.0000 0.9405 0.2222 17.0000 0.0239 
83.0000 0.9485 0.2124 9.0000 0.0329 
85.0000 0.9277 0.2168 13.0000 0.0267 
85.0000 0.9277 0.1823 11.0000 0.0254 
86.0000 0.9265 0.2030 12.0000 0.0288 
87.0000 0.9107 0.1961 10.0000 0.0213 
88.0000 0.9040 0.1787 9.0000 0.0339 
89.0000 0.8746 0.2108 11.0000 0.0236 
90.0000 0.8823 0.2182 9.0000 0.0178 
91.0000 0.8849 0.2154 11.0000 0.0229 
92.0000 0.8832 0.2016 9.0000 0.0274 
93.0000 0.8811 0.2233 10.0000 0.0287 
94.0000 0.8836 0.2639 14.0000 0.0254 
95.0000 0.8899 0.1758 9.0000 0.0256 
96.0000 0.8887 0.1967 9.0000 0.0282 
97.0000 0.8884 0.2103 12.0000 0.0244 
98.0000 0.8902 0.1411 8.0000 0.0248 
99.0000 0.8913 0.1489 13.0000 0.0228 
100.0000 0.8986 0.1486 9.0000 0.0230 
101.0000 0.8975 0.1671 12.0000 0.0191 
102.0000 0.8872 0.1673 13.0000 0.0185 
103.0000 0.8861 0.1621 10.0000 0.0211 
104.0000 0.8908 0.1449 8.0000 0.0235 
105.0000 0.8916 0.2092 9.0000 0.0283 
106.0000 0.8927 0.2376 12.0000 0.0274 
107.0000 0.8949 0.2628 16.0000 0.0278 
108.0000 0.8963 0.2171 10.0000 0.0282 
109.0000 0.8941 0.2060 9.0000 0.0378 
110.0000 0.8732 0.1703 16.0000 0.0120 
111.0000 0.8268 0.1955 9.0000 0.0254 
112.0000 0.8285 0.2347 11.0000 0.0323 
113.0000 0.8252 0.1733 9.0000 0.0346 
114.0000 0.8188 0.1978 13.0000 0.0195 
115.0000 0.8165 0.1952 9.0000 0.0363 
116.0000 0.8153 0.2185 10.0000 0.0235 
117.0000 0.8103 0.1742 11.0000 0.0197 
118.0000 0.8159 0.1328 8.0000 0.0196 
119.0000 0.8173 0.1385 11.0000 0.0195 
120.0000 0.8127 0.1549 15.0000 0.0148 
121.0000 0.8087 0.1828 15.0000 0.0195 
122.0000 0.8031 0.1631 13.0000 0.0179 
123.0000 0.8013 0.1461 16.0000 0.0199 