
1.0000 0.4425 0.1666 10.0000 0.0253 
2.0000 0.1239 0.0645 6.0000 0.0169 
3.0000 0.1224 0.0618 7.0000 0.0256 
4.0000 0.1293 0.1365 10.0000 0.0223 
5.0000 0.1443 0.1443 12.0000 0.0270 
6.0000 0.1327 0.1607 18.0000 0.0190 
7.0000 0.1544 0.1080 8.0000 0.0211 
8.0000 0.1743 0.1390 6.0000 0.0430 
9.0000 0.1924 0.1649 10.0000 0.0245 
10.0000 0.2096 0.1128 7.0000 0.0255 
11.0000 0.2137 0.0907 7.0000 0.0186 
12.0000 0.2174 0.1713 14.0000 0.0211 
13.0000 0.2003 0.1667 12.0000 0.0187 
15.0000 0.2289 0.1442 10.0000 0.0262 
15.0000 0.2289 0.0433 5.0000 0.0159 
16.0000 0.2256 0.1649 12.0000 0.0221 
17.0000 0.2124 0.1284 8.0000 0.0221 
18.0000 0.2059 0.1638 11.0000 0.0199 
19.0000 0.2160 0.1251 9.0000 0.0185 
20.0000 0.2102 0.2034 11.0000 0.0276 
21.0000 0.1963 0.2112 13.0000 0.0254 
22.0000 0.2042 0.1425 8.0000 0.0269 
23.0000 0.2000 0.1386 10.0000 0.0178 
24.0000 0.1972 0.0996 7.0000 0.0168 
25.0000 0.2030 0.1214 9.0000 0.0192 
27.0000 0.2019 0.0625 5.0000 0.0186 
27.0000 0.2019 0.0212 4.0000 0.0126 
28.0000 0.2092 0.1258 7.0000 0.0248 
29.0000 0.1945 0.1813 12.0000 0.0277 
30.0000 0.1911 0.1960 15.0000 0.0258 
31.0000 0.1971 0.1212 12.0000 0.0158 
32.0000 0.2018 0.1208 10.0000 0.0174 
33.0000 0.2050 0.1702 12.0000 0.0207 
34.0000 0.2077 0.1517 7.0000 0.0337 
35.0000 0.2073 0.1433 12.0000 0.0190 
36.0000 0.2040 0.1660 12.0000 0.0180 
37.0000 0.2061 0.1358 10.0000 0.0140 