
1.0000 1.4493 0.1534 12.0000 0.0191 
2.0000 1.2500 0.1360 13.0000 0.0122 
3.0000 0.9804 0.0874 7.0000 0.0187 
4.0000 0.8032 0.1172 12.0000 0.0186 
5.0000 0.7800 0.1275 13.0000 0.0138 
6.0000 0.7255 0.0535 6.0000 0.0132 
7.0000 0.8304 0.1443 11.0000 0.0171 
8.0000 0.7124 0.1230 13.0000 0.0191 
9.0000 0.7792 0.1411 8.0000 0.0308 
10.0000 0.8203 0.0884 8.0000 0.0190 
11.0000 0.8333 0.1608 11.0000 0.0216 
12.0000 0.7609 0.0993 8.0000 0.0198 
13.0000 0.7985 0.1179 10.0000 0.0219 
14.0000 0.7705 0.1369 11.0000 0.0192 
15.0000 0.7808 0.0759 11.0000 0.0169 
16.0000 0.7526 0.1154 11.0000 0.0282 
17.0000 0.7948 0.1509 11.0000 0.0190 
18.0000 0.8230 0.1339 8.0000 0.0294 
19.0000 0.8403 0.1332 10.0000 0.0192 
20.0000 0.8372 0.0949 10.0000 0.0151 
21.0000 0.8417 0.0928 9.0000 0.0205 
22.0000 0.8723 0.1184 14.0000 0.0266 
23.0000 0.8908 0.1003 8.0000 0.0219 
24.0000 0.8671 0.1183 9.0000 0.0199 
25.0000 0.8708 0.1226 9.0000 0.0194 
26.0000 0.8606 0.0929 14.0000 0.0232 
27.0000 0.8475 0.1156 9.0000 0.0200 
28.0000 0.8328 0.0282 10.0000 0.0199 
29.0000 0.8588 0.1036 10.0000 0.0203 
30.0000 0.8829 0.1294 9.0000 0.0261 
31.0000 0.8705 0.1526 14.0000 0.0165 
32.0000 0.8377 0.1181 10.0000 0.0173 
33.0000 0.8459 0.1030 10.0000 0.0243 
34.0000 0.8558 0.0782 8.0000 0.0296 
35.0000 0.8549 0.1208 9.0000 0.0219 
36.0000 0.8533 0.1111 11.0000 0.0193 
37.0000 0.8716 0.1566 11.0000 0.0199 
38.0000 0.8700 0.1319 10.0000 0.0172 
39.0000 0.8661 0.0915 9.0000 0.0192 
40.0000 0.8624 0.1366 12.0000 0.0251 
41.0000 0.8542 0.1408 12.0000 0.0176 
42.0000 0.8642 0.1528 11.0000 0.0215 
43.0000 0.8515 0.1357 11.0000 0.0181 
44.0000 0.8392 0.1877 14.0000 0.0210 
45.0000 0.8554 0.1330 10.0000 0.0242 
46.0000 0.8674 0.1159 9.0000 0.0164 
47.0000 0.8699 0.0834 10.0000 0.0140 
48.0000 0.8627 0.1521 12.0000 0.0190 
49.0000 0.8510 0.1142 11.0000 0.0141 
50.0000 0.8079 0.1277 10.0000 0.0206 
51.0000 0.8197 0.1428 11.0000 0.0179 
52.0000 0.8275 0.1345 12.0000 0.0171 
53.0000 0.8258 0.1224 8.0000 0.0236 
54.0000 0.8308 0.1131 11.0000 0.0175 
55.0000 0.8169 0.0760 7.0000 0.0235 
56.0000 0.8299 0.1020 10.0000 0.0166 
57.0000 0.8309 0.0706 10.0000 0.0135 
58.0000 0.8232 0.1466 12.0000 0.0182 
59.0000 0.8232 0.1243 8.0000 0.0288 
60.0000 0.8253 0.1419 10.0000 0.0220 
61.0000 0.8245 0.0942 7.0000 0.0201 
62.0000 0.8077 0.0654 8.0000 0.0171 
63.0000 0.8112 0.0705 12.0000 0.0133 
64.0000 0.8145 0.0975 13.0000 0.0181 
65.0000 0.7666 0.1569 10.0000 0.0233 
67.0000 0.7848 0.0544 7.0000 0.0142 
67.0000 0.7848 0.0269 3.0000 0.0239 
68.0000 0.7827 0.1406 9.0000 0.0259 
69.0000 0.7852 0.1210 12.0000 0.0161 
70.0000 0.7881 0.1397 10.0000 0.0189 
71.0000 0.7857 0.1240 11.0000 0.0151 
72.0000 0.7763 0.0938 9.0000 0.0176 
73.0000 0.7750 0.0938 13.0000 0.0129 
74.0000 0.7738 0.0823 9.0000 0.0182 
75.0000 0.7752 0.0484 8.0000 0.0166 
76.0000 0.7842 0.1007 11.0000 0.0169 
78.0000 0.8028 0.0485 7.0000 0.0112 
78.0000 0.8028 0.0333 3.0000 0.0164 
79.0000 0.7906 0.1140 10.0000 0.0154 
80.0000 0.7622 0.1312 10.0000 0.0183 
81.0000 0.7534 0.1425 12.0000 0.0172 
82.0000 0.7549 0.1507 14.0000 0.0171 
83.0000 0.7462 0.0799 9.0000 0.0155 
84.0000 0.7450 0.1166 14.0000 0.0184 
85.0000 0.7511 0.0781 8.0000 0.0184 
86.0000 0.7126 0.1095 8.0000 0.0237 
87.0000 0.6941 0.1132 10.0000 0.0141 
88.0000 0.6948 0.0235 8.0000 0.0243 
89.0000 0.6764 0.0952 6.0000 0.0233 
90.0000 0.6828 0.0935 7.0000 0.0212 
91.0000 0.6892 0.1724 9.0000 0.0287 
92.0000 0.6934 0.1263 9.0000 0.0188 
93.0000 0.6984 0.1313 11.0000 0.0200 
94.0000 0.6892 0.1139 13.0000 0.0169 
95.0000 0.6715 0.0734 12.0000 0.0139 
96.0000 0.6718 0.1072 11.0000 0.0151 
97.0000 0.6738 0.1476 12.0000 0.0219 
98.0000 0.6738 0.1200 10.0000 0.0324 
99.0000 0.6784 0.0795 14.0000 0.0166 
100.0000 0.6836 0.0787 19.0000 0.0219 
101.0000 0.6888 0.1749 13.0000 0.0222 
102.0000 0.6921 0.1024 9.0000 0.0227 
103.0000 0.6852 0.0649 8.0000 0.0137 
104.0000 0.6852 0.1545 18.0000 0.0161 
105.0000 0.6816 0.0841 10.0000 0.0170 
106.0000 0.6768 0.1082 10.0000 0.0141 
107.0000 0.6798 0.0893 13.0000 0.0229 
108.0000 0.6854 0.0443 7.0000 0.0148 
109.0000 0.6908 0.0851 11.0000 0.0151 
110.0000 0.6890 0.0985 7.0000 0.0214 
111.0000 0.6864 0.0172 8.0000 0.0100 
112.0000 0.6913 0.0447 7.0000 0.0087 
113.0000 0.6967 0.0902 10.0000 0.0195 
114.0000 0.6951 0.0645 9.0000 0.0168 
115.0000 0.6974 0.1189 8.0000 0.0198 
116.0000 0.6955 0.0451 10.0000 0.0094 
117.0000 0.7000 0.1293 11.0000 0.0228 
118.0000 0.7027 0.1093 7.0000 0.0234 
119.0000 0.7073 0.1409 10.0000 0.0230 
120.0000 0.6949 0.0443 8.0000 0.0100 
121.0000 0.6986 0.0781 13.0000 0.0128 
122.0000 0.6964 0.1371 16.0000 0.0189 
123.0000 0.7004 0.0921 11.0000 0.0173 
124.0000 0.7038 0.0662 16.0000 0.0146 
125.0000 0.7058 0.1191 8.0000 0.0221 
126.0000 0.7096 0.0983 14.0000 0.0197 
127.0000 0.7129 0.1159 10.0000 0.0172 
128.0000 0.7142 0.1568 12.0000 0.0227 
129.0000 0.7173 0.1131 11.0000 0.0344 
130.0000 0.7219 0.1339 11.0000 0.0293 
131.0000 0.7256 0.1027 13.0000 0.0156 
132.0000 0.7294 0.0739 9.0000 0.0163 
133.0000 0.7327 0.0734 13.0000 0.0202 
134.0000 0.7326 0.0384 11.0000 0.0176 
135.0000 0.7372 0.0257 11.0000 0.0140 
136.0000 0.7398 0.1145 11.0000 0.0165 
137.0000 0.7427 0.1573 11.0000 0.0200 
138.0000 0.7457 0.1284 12.0000 0.0188 
139.0000 0.7485 0.0719 12.0000 0.0148 
140.0000 0.7524 0.0596 10.0000 0.0177 
141.0000 0.7559 0.0873 8.0000 0.0170 
142.0000 0.7594 0.1416 14.0000 0.0181 