
1.0000 0.0633 0.0982 8.0000 0.0216 
2.0000 0.1168 0.1389 10.0000 0.0306 
3.0000 0.1298 0.0632 4.0000 0.0218 
4.0000 0.1666 0.1124 8.0000 0.0251 
5.0000 0.1117 0.0654 8.0000 0.0329 
6.0000 0.1158 0.1103 8.0000 0.0234 
7.0000 0.1298 0.0916 7.0000 0.0204 
8.0000 0.1451 0.0776 4.0000 0.0323 
9.0000 0.1452 0.1130 14.0000 0.0150 
10.0000 0.1482 0.1639 10.0000 0.0144 
11.0000 0.1546 0.1554 6.0000 0.0333 
13.0000 0.1790 0.1316 6.0000 0.0316 
13.0000 0.1790 0.0280 3.0000 0.0040 
14.0000 0.1902 0.1084 7.0000 0.0264 
15.0000 0.2011 0.0940 7.0000 0.0222 
16.0000 0.2079 0.0934 7.0000 0.0315 
17.0000 0.2190 0.0838 6.0000 0.0188 
19.0000 0.2307 0.0751 5.0000 0.0364 
19.0000 0.2307 0.0278 4.0000 0.0153 
20.0000 0.2388 0.0746 6.0000 0.0232 
21.0000 0.2439 0.0675 6.0000 0.0365 
22.0000 0.2475 0.0908 7.0000 0.0224 
24.0000 0.2688 0.1208 5.0000 0.0372 
24.0000 0.2688 0.0403 4.0000 0.0135 
25.0000 0.2791 0.1198 8.0000 0.0329 
27.0000 0.2942 0.0542 3.0000 0.0267 
27.0000 0.2942 0.0198 5.0000 0.0116 
29.0000 0.3107 0.0200 3.0000 0.0068 
29.0000 0.3107 0.1075 6.0000 0.0268 
30.0000 0.3158 0.0820 8.0000 0.0215 
31.0000 0.3216 0.0953 8.0000 0.0196 
32.0000 0.3299 0.0712 9.0000 0.0172 
33.0000 0.3357 0.1107 8.0000 0.0193 
34.0000 0.3414 0.0916 8.0000 0.0191 
35.0000 0.3502 0.1407 8.0000 0.0324 
36.0000 0.3578 0.1361 9.0000 0.0200 
37.0000 0.3645 0.1665 8.0000 0.0317 
38.0000 0.3719 0.1313 8.0000 0.0238 
39.0000 0.3807 0.1371 5.0000 0.0441 
40.0000 0.3822 0.0310 5.0000 0.0437 
41.0000 0.3881 0.0874 4.0000 0.0327 
42.0000 0.3947 0.1263 8.0000 0.0216 
44.0000 0.4046 0.0950 7.0000 0.0235 
44.0000 0.4046 0.0658 3.0000 0.0406 
45.0000 0.4079 0.1234 6.0000 0.0362 
46.0000 0.4156 0.0626 5.0000 0.0173 
47.0000 0.4231 0.1165 7.0000 0.0435 
49.0000 0.4389 0.1341 8.0000 0.0255 
49.0000 0.4389 0.1347 14.0000 0.0238 
50.0000 0.4465 0.1034 6.0000 0.0272 
51.0000 0.4478 0.1155 8.0000 0.0181 
52.0000 0.4530 0.0976 8.0000 0.0281 
53.0000 0.4599 0.1233 7.0000 0.0240 
55.0000 0.4724 0.1069 6.0000 0.0222 
55.0000 0.4724 0.0131 3.0000 0.0053 
56.0000 0.4771 0.1377 8.0000 0.0303 
58.0000 0.4906 0.0584 4.0000 0.0227 
58.0000 0.4906 0.0450 5.0000 0.0207 
60.0000 0.4879 0.0864 3.0000 0.0382 
60.0000 0.4879 0.1205 6.0000 0.0328 
61.0000 0.4802 0.0999 7.0000 0.0263 
62.0000 0.4642 0.0835 6.0000 0.0161 
63.0000 0.4499 0.1030 4.0000 0.0388 
64.0000 0.4531 0.0764 4.0000 0.0379 
65.0000 0.4586 0.0988 5.0000 0.0552 
66.0000 0.4638 0.0096 6.0000 0.0250 
68.0000 0.4750 0.0466 3.0000 0.0168 
68.0000 0.4750 0.0590 3.0000 0.0320 
69.0000 0.4749 0.1185 8.0000 0.0220 
70.0000 0.4808 0.1471 6.0000 0.0427 
71.0000 0.4838 0.0968 7.0000 0.0166 
72.0000 0.4880 0.1263 9.0000 0.0190 
73.0000 0.4923 0.0922 7.0000 0.0221 
74.0000 0.4976 0.1217 10.0000 0.0165 
75.0000 0.4993 0.0904 4.0000 0.0393 
76.0000 0.5040 0.0850 6.0000 0.0361 
77.0000 0.5037 0.0493 3.0000 0.0168 
78.0000 0.5073 0.1099 5.0000 0.0274 
79.0000 0.5120 0.0773 5.0000 0.0324 
80.0000 0.5073 0.1375 4.0000 0.0419 
81.0000 0.5084 0.0667 3.0000 0.0254 
82.0000 0.5111 0.0661 7.0000 0.0205 
83.0000 0.5163 0.0891 6.0000 0.0192 
84.0000 0.5078 0.1118 8.0000 0.0195 
85.0000 0.4997 0.1289 6.0000 0.0383 