
1.0000 1.4286 0.1615 5.0000 0.0708 
2.0000 1.0204 0.1111 8.0000 0.0239 
3.0000 0.9585 0.1511 8.0000 0.0251 
4.0000 0.5618 0.1571 7.0000 0.0481 
6.0000 0.8219 0.0285 7.0000 0.0839 
6.0000 0.8219 0.1000 4.0000 0.0297 
11.0000 1.3317 0.0585 6.0000 0.0584 
11.0000 1.3317 0.1343 3.0000 0.0807 
11.0000 1.3317 0.1696 3.0000 0.0889 
11.0000 1.3317 0.1533 4.0000 0.0696 
11.0000 1.3317 0.0659 5.0000 0.0070 
12.0000 1.0042 0.2267 9.0000 0.0316 
13.0000 1.0543 0.1430 8.0000 0.0405 
14.0000 0.9957 0.0168 10.0000 0.0148 
16.0000 0.9019 0.1082 7.0000 0.0241 
16.0000 0.9019 0.0379 3.0000 0.0309 
17.0000 0.7216 0.0800 7.0000 0.0194 
19.0000 0.7483 0.1375 8.0000 0.0408 
19.0000 0.7483 0.0553 3.0000 0.0303 
20.0000 0.7231 0.0496 5.0000 0.0178 
21.0000 0.7282 0.0901 4.0000 0.0224 
22.0000 0.6082 0.0670 6.0000 0.0283 
23.0000 0.6294 0.1375 7.0000 0.0538 
24.0000 0.6219 0.1444 10.0000 0.0271 
25.0000 0.6425 0.0916 10.0000 0.0276 
26.0000 0.6549 0.1204 6.0000 0.0440 
27.0000 0.6483 0.0669 11.0000 0.0198 
28.0000 0.6675 0.1490 10.0000 0.0216 
29.0000 0.6697 0.1464 8.0000 0.0293 
30.0000 0.6254 0.1257 8.0000 0.0255 
31.0000 0.6373 0.1467 6.0000 0.0351 
32.0000 0.6461 0.1106 9.0000 0.0262 
33.0000 0.6643 0.0710 7.0000 0.0407 
34.0000 0.6010 0.0707 7.0000 0.0432 
35.0000 0.5650 0.0609 4.0000 0.0395 
36.0000 0.5527 0.0846 5.0000 0.0344 
37.0000 0.5602 0.1199 11.0000 0.0209 
38.0000 0.5717 0.1410 6.0000 0.0483 
39.0000 0.5312 0.0750 8.0000 0.0165 
40.0000 0.5274 0.1663 12.0000 0.0254 
41.0000 0.5336 0.0548 5.0000 0.0182 
42.0000 0.5393 0.0456 7.0000 0.0326 
43.0000 0.5512 0.0421 4.0000 0.0208 
50.0000 0.6340 0.1101 6.0000 0.0846 
50.0000 0.6340 0.0827 4.0000 0.0516 
50.0000 0.6340 0.1542 9.0000 0.0238 
50.0000 0.6340 0.0510 3.0000 0.0364 
50.0000 0.6340 0.1454 24.0000 0.0398 
50.0000 0.6340 0.1434 8.0000 0.0293 
50.0000 0.6340 0.1030 4.0000 0.0338 
51.0000 0.6459 0.0876 5.0000 0.0305 
53.0000 0.6668 0.1130 7.0000 0.0494 
53.0000 0.6668 0.0805 5.0000 0.0146 
54.0000 0.6739 0.1725 11.0000 0.0258 
55.0000 0.6617 0.1062 7.0000 0.0205 
56.0000 0.6718 0.1232 9.0000 0.0227 
57.0000 0.6557 0.1018 7.0000 0.0390 
58.0000 0.5263 0.0708 7.0000 0.0211 
59.0000 0.5302 0.0410 5.0000 0.0137 
61.0000 0.5359 0.1116 10.0000 0.0181 
61.0000 0.5359 0.0441 3.0000 0.0279 
62.0000 0.5418 0.1224 7.0000 0.0244 
63.0000 0.5486 0.1308 11.0000 0.0123 
64.0000 0.5562 0.1274 8.0000 0.0243 
65.0000 0.5577 0.1068 8.0000 0.0037 
66.0000 0.5588 0.1320 8.0000 0.0489 
67.0000 0.5654 0.1650 7.0000 0.0517 
68.0000 0.5715 0.1450 5.0000 0.0406 
70.0000 0.5818 0.2259 10.0000 0.0659 
70.0000 0.5818 0.1407 3.0000 0.0775 
71.0000 0.5841 0.1020 7.0000 0.0234 
72.0000 0.5405 0.1178 9.0000 0.0170 
74.0000 0.5448 0.0411 4.0000 0.0240 
74.0000 0.5448 0.1314 4.0000 0.0502 
75.0000 0.5397 0.0614 7.0000 0.0132 
76.0000 0.5333 0.1157 5.0000 0.0348 
77.0000 0.5081 0.0809 5.0000 0.0229 
78.0000 0.5142 0.0631 7.0000 0.0232 
83.0000 0.5450 0.1248 10.0000 0.0186 
83.0000 0.5450 0.1402 11.0000 0.0248 
83.0000 0.5450 0.1059 5.0000 0.0308 
83.0000 0.5450 0.0326 3.0000 0.0209 
83.0000 0.5450 0.0937 17.0000 0.0149 
84.0000 0.5504 0.0788 7.0000 0.0205 
85.0000 0.5521 0.1183 6.0000 0.0207 
86.0000 0.5520 0.1637 10.0000 0.0252 
89.0000 0.5697 0.0718 4.0000 0.0252 
89.0000 0.5697 0.0938 8.0000 0.0176 
89.0000 0.5697 0.1524 6.0000 0.0410 
90.0000 0.5757 0.1657 10.0000 0.0241 
92.0000 0.5871 0.1506 4.0000 0.0706 
92.0000 0.5871 0.0733 5.0000 0.0245 
93.0000 0.5927 0.1399 6.0000 0.0416 
94.0000 0.5974 0.1551 8.0000 0.0255 
95.0000 0.6009 0.1420 9.0000 0.0223 
96.0000 0.6050 0.1316 9.0000 0.0156 
97.0000 0.6102 0.1660 7.0000 0.0505 
98.0000 0.6117 0.1262 8.0000 0.0262 
99.0000 0.6147 0.1130 7.0000 0.0277 
100.0000 0.6176 0.1272 9.0000 0.0165 
103.0000 0.5954 0.0867 4.0000 0.0292 
103.0000 0.5954 0.0706 4.0000 0.0257 
103.0000 0.5954 0.0558 4.0000 0.0250 