
1.0000 0.4673 0.0928 6.0000 0.0149 
2.0000 0.7299 0.0984 7.0000 0.0303 
3.0000 0.4747 0.1099 7.0000 0.0301 
4.0000 0.4069 0.0710 7.0000 0.0221 
5.0000 0.2894 0.1249 9.0000 0.0208 
6.0000 0.3198 0.1431 9.0000 0.0232 
8.0000 0.3880 0.1119 5.0000 0.0303 
8.0000 0.3880 0.0424 5.0000 0.0174 
9.0000 0.4176 0.1468 12.0000 0.0276 
10.0000 0.4373 0.1593 10.0000 0.0265 
11.0000 0.4561 0.1393 9.0000 0.0248 
12.0000 0.4806 0.1325 6.0000 0.0412 
13.0000 0.5118 0.0640 6.0000 0.0242 
14.0000 0.5337 0.1434 9.0000 0.0252 
15.0000 0.5474 0.1429 9.0000 0.0214 
16.0000 0.5376 0.1717 12.0000 0.0191 
18.0000 0.5935 0.1030 6.0000 0.0201 
18.0000 0.5935 0.0110 4.0000 0.0044 
19.0000 0.5994 0.1554 8.0000 0.0282 
20.0000 0.6107 0.1510 10.0000 0.0198 
21.0000 0.5635 0.1595 9.0000 0.0296 
22.0000 0.5571 0.0913 5.0000 0.0313 
23.0000 0.5573 0.1411 10.0000 0.0198 
24.0000 0.5602 0.1429 10.0000 0.0206 
25.0000 0.5794 0.1352 10.0000 0.0229 
26.0000 0.5967 0.0981 7.0000 0.0171 
27.0000 0.6076 0.1037 5.0000 0.0446 
28.0000 0.6180 0.1364 7.0000 0.0284 
29.0000 0.6147 0.1635 10.0000 0.0303 
30.0000 0.6159 0.1140 8.0000 0.0316 
31.0000 0.5987 0.1155 6.0000 0.0346 
32.0000 0.6095 0.0707 6.0000 0.0219 
33.0000 0.6239 0.1220 8.0000 0.0284 
34.0000 0.6336 0.1114 5.0000 0.0557 
35.0000 0.6475 0.1328 7.0000 0.0355 
36.0000 0.6407 0.1688 8.0000 0.0337 
37.0000 0.6329 0.0685 8.0000 0.0131 
38.0000 0.6379 0.1149 7.0000 0.0342 
39.0000 0.6462 0.1318 9.0000 0.0204 
40.0000 0.6483 0.1361 9.0000 0.0207 
41.0000 0.6497 0.1617 9.0000 0.0324 
42.0000 0.6518 0.1327 10.0000 0.0148 
43.0000 0.6614 0.1516 10.0000 0.0217 
44.0000 0.6650 0.1797 10.0000 0.0283 
45.0000 0.6628 0.1530 9.0000 0.0244 
46.0000 0.6500 0.1338 10.0000 0.0180 
47.0000 0.6553 0.1531 11.0000 0.0197 
48.0000 0.6607 0.1433 9.0000 0.0347 
49.0000 0.6621 0.1324 7.0000 0.0434 
50.0000 0.6680 0.1456 9.0000 0.0212 
51.0000 0.6696 0.1128 6.0000 0.0466 
52.0000 0.6692 0.0892 7.0000 0.0132 
53.0000 0.6730 0.0986 6.0000 0.0470 
54.0000 0.6798 0.1050 8.0000 0.0132 
55.0000 0.6810 0.1271 10.0000 0.0239 
56.0000 0.6794 0.1074 4.0000 0.0558 
57.0000 0.6821 0.0939 5.0000 0.0302 
58.0000 0.6757 0.1045 8.0000 0.0227 
59.0000 0.6772 0.1077 7.0000 0.0317 
61.0000 0.6983 0.1130 6.0000 0.0414 
61.0000 0.6983 0.0113 3.0000 0.0078 
62.0000 0.6926 0.1049 8.0000 0.0186 
63.0000 0.7008 0.1054 9.0000 0.0172 
64.0000 0.7091 0.1246 9.0000 0.0270 
66.0000 0.7233 0.0752 4.0000 0.0253 
66.0000 0.7233 0.0416 4.0000 0.0217 
67.0000 0.7167 0.0824 7.0000 0.0209 
68.0000 0.7133 0.1192 10.0000 0.0151 
69.0000 0.6836 0.1194 9.0000 0.0190 
70.0000 0.6826 0.1377 8.0000 0.0387 
71.0000 0.6884 0.1163 9.0000 0.0252 
72.0000 0.6911 0.1248 8.0000 0.0217 
73.0000 0.6988 0.1132 10.0000 0.0245 
74.0000 0.7053 0.1319 7.0000 0.0211 
75.0000 0.7020 0.1628 10.0000 0.0195 
76.0000 0.7051 0.1189 7.0000 0.0241 
78.0000 0.7115 0.1280 7.0000 0.0246 
78.0000 0.7115 0.0295 4.0000 0.0170 
80.0000 0.7082 0.1253 6.0000 0.0236 
80.0000 0.7082 0.0172 3.0000 0.0145 
81.0000 0.7064 0.1224 7.0000 0.0206 
82.0000 0.7080 0.1442 8.0000 0.0278 
83.0000 0.7047 0.1027 9.0000 0.0205 
84.0000 0.6880 0.1482 7.0000 0.0296 
85.0000 0.6877 0.1466 8.0000 0.0333 
86.0000 0.6949 0.1350 7.0000 0.0296 
87.0000 0.6955 0.1076 7.0000 0.0292 
88.0000 0.6936 0.1010 6.0000 0.0317 
89.0000 0.6799 0.1783 7.0000 0.0376 
90.0000 0.6581 0.1553 6.0000 0.0443 
91.0000 0.6596 0.1854 10.0000 0.0294 
92.0000 0.6578 0.1056 5.0000 0.0360 
94.0000 0.6707 0.0034 3.0000 0.0033 
94.0000 0.6707 0.0476 9.0000 0.0337 
95.0000 0.6687 0.1527 9.0000 0.0231 
96.0000 0.6645 0.1480 8.0000 0.0236 
97.0000 0.6610 0.1822 9.0000 0.0294 
98.0000 0.6552 0.1310 8.0000 0.0244 
99.0000 0.6554 0.1463 9.0000 0.0213 
100.0000 0.6586 0.1141 8.0000 0.0255 
101.0000 0.6411 0.0991 7.0000 0.0271 
102.0000 0.6443 0.1433 10.0000 0.0193 
103.0000 0.6430 0.1479 8.0000 0.0277 
104.0000 0.6470 0.0870 5.0000 0.0298 
105.0000 0.6462 0.1715 8.0000 0.0274 
106.0000 0.6474 0.1059 6.0000 0.0236 
107.0000 0.6521 0.1574 9.0000 0.0227 
108.0000 0.6530 0.1324 6.0000 0.0346 
109.0000 0.6496 0.1680 9.0000 0.0319 
110.0000 0.6492 0.1470 7.0000 0.0479 
111.0000 0.6468 0.1458 12.0000 0.0198 
112.0000 0.6422 0.1246 11.0000 0.0149 
113.0000 0.6237 0.1396 7.0000 0.0241 
114.0000 0.6241 0.1514 8.0000 0.0220 
115.0000 0.6239 0.1620 10.0000 0.0158 
116.0000 0.6279 0.0895 8.0000 0.0216 
117.0000 0.6291 0.1255 9.0000 0.0189 
118.0000 0.6297 0.0980 8.0000 0.0188 