
1.0000 0.6711 0.1265 5.0000 0.0367 
2.0000 0.6873 0.1169 8.0000 0.0200 
3.0000 0.9009 0.0971 6.0000 0.0191 
4.0000 0.9434 0.0974 6.0000 0.0258 
5.0000 1.1013 0.1152 6.0000 0.0318 
6.0000 1.1952 0.0580 5.0000 0.0200 
7.0000 1.2090 0.1062 6.0000 0.0285 
9.0000 1.2839 0.0851 6.0000 0.0144 
9.0000 1.2839 0.0337 3.0000 0.0273 
10.0000 1.2771 0.1377 9.0000 0.0183 
11.0000 1.1996 0.1107 8.0000 0.0186 
12.0000 1.1583 0.0885 6.0000 0.0256 
13.0000 1.2381 0.0859 7.0000 0.0196 
14.0000 1.2951 0.1232 9.0000 0.0188 
15.0000 1.1664 0.0797 4.0000 0.0303 
16.0000 1.2030 0.1185 7.0000 0.0210 
17.0000 1.1192 0.0975 8.0000 0.0249 
18.0000 1.1531 0.1057 9.0000 0.0238 
19.0000 1.1494 0.0945 12.0000 0.0185 
20.0000 1.1648 0.0860 9.0000 0.0146 
22.0000 1.2297 0.0296 4.0000 0.0136 
22.0000 1.2297 0.0225 5.0000 0.0084 
23.0000 1.2446 0.1431 8.0000 0.0270 
24.0000 1.2314 0.0746 8.0000 0.0208 
25.0000 1.2633 0.0776 6.0000 0.0245 
26.0000 1.2821 0.0469 5.0000 0.0252 
27.0000 1.2640 0.0992 8.0000 0.0199 
28.0000 1.2975 0.1073 7.0000 0.0195 
29.0000 1.3303 0.1443 8.0000 0.0259 
30.0000 1.3612 0.1005 7.0000 0.0270 
31.0000 1.3939 0.1219 7.0000 0.0293 
32.0000 1.4103 0.1013 5.0000 0.0242 
33.0000 1.4398 0.0737 6.0000 0.0104 
35.0000 1.4944 0.1114 7.0000 0.0227 
35.0000 1.4944 0.0457 4.0000 0.0224 
36.0000 1.4833 0.0524 5.0000 0.0220 
37.0000 1.4431 0.1345 9.0000 0.0223 
38.0000 1.4515 0.0883 6.0000 0.0264 
39.0000 1.4795 0.1302 7.0000 0.0223 
40.0000 1.4711 0.1084 6.0000 0.0363 
41.0000 1.4796 0.1045 5.0000 0.0280 
42.0000 1.4727 0.0930 6.0000 0.0190 
43.0000 1.4483 0.1377 7.0000 0.0326 
44.0000 1.4013 0.1293 8.0000 0.0199 
45.0000 1.4080 0.1123 5.0000 0.0271 
46.0000 1.4299 0.1243 8.0000 0.0185 
47.0000 1.3603 0.1413 8.0000 0.0247 
48.0000 1.3722 0.0435 4.0000 0.0220 
49.0000 1.3585 0.1335 8.0000 0.0189 
50.0000 1.3702 0.0707 5.0000 0.0255 
51.0000 1.3908 0.1060 9.0000 0.0202 
52.0000 1.3878 0.0883 7.0000 0.0240 
53.0000 1.3788 0.1192 9.0000 0.0195 
54.0000 1.3800 0.0801 7.0000 0.0195 
55.0000 1.3610 0.1346 7.0000 0.0281 
56.0000 1.3679 0.0486 5.0000 0.0180 
57.0000 1.3718 0.0713 7.0000 0.0158 
58.0000 1.3529 0.0958 7.0000 0.0216 
59.0000 1.3648 0.1301 7.0000 0.0247 
61.0000 1.3975 0.1578 6.0000 0.0424 
61.0000 1.3975 0.0197 3.0000 0.0115 
62.0000 1.4107 0.1027 8.0000 0.0174 
64.0000 1.4369 0.1036 7.0000 0.0166 
64.0000 1.4369 0.0386 3.0000 0.0233 
65.0000 1.4211 0.1175 7.0000 0.0260 
66.0000 1.4200 0.0871 8.0000 0.0126 
67.0000 1.4082 0.1425 9.0000 0.0222 
68.0000 1.4178 0.1078 7.0000 0.0208 
69.0000 1.3953 0.1001 8.0000 0.0167 
70.0000 1.4068 0.0860 9.0000 0.0209 
71.0000 1.3620 0.1164 8.0000 0.0180 
72.0000 1.3552 0.1169 7.0000 0.0187 
73.0000 1.3554 0.1158 8.0000 0.0184 
74.0000 1.3353 0.0493 4.0000 0.0209 
75.0000 1.3405 0.0603 3.0000 0.0241 
76.0000 1.3506 0.0654 5.0000 0.0394 
77.0000 1.3518 0.0757 5.0000 0.0197 
78.0000 1.3582 0.1288 9.0000 0.0201 
79.0000 1.3708 0.1300 8.0000 0.0256 
80.0000 1.3841 0.1408 9.0000 0.0310 
81.0000 1.3987 0.1283 9.0000 0.0243 
82.0000 1.3840 0.1096 7.0000 0.0211 
83.0000 1.3938 0.1109 8.0000 0.0218 
84.0000 1.3928 0.0901 6.0000 0.0206 
85.0000 1.4036 0.1051 7.0000 0.0204 
86.0000 1.4011 0.1097 6.0000 0.0286 
87.0000 1.4064 0.1440 6.0000 0.0246 
88.0000 1.4094 0.1476 11.0000 0.0195 
90.0000 1.4320 0.0980 4.0000 0.0386 
90.0000 1.4320 0.0300 3.0000 0.0272 
91.0000 1.4381 0.1119 4.0000 0.0357 
92.0000 1.4463 0.1218 9.0000 0.0196 
93.0000 1.4437 0.0879 7.0000 0.0199 
94.0000 1.4479 0.0696 6.0000 0.0242 
95.0000 1.4305 0.1103 7.0000 0.0263 
96.0000 1.4365 0.1735 9.0000 0.0234 
97.0000 1.4288 0.1062 3.0000 0.0457 
98.0000 1.4275 0.1187 7.0000 0.0246 
99.0000 1.4222 0.1159 8.0000 0.0213 
101.0000 1.4302 0.1384 7.0000 0.0292 
101.0000 1.4302 0.0444 3.0000 0.0335 
102.0000 1.4336 0.1224 7.0000 0.0246 
103.0000 1.4367 0.1100 7.0000 0.0212 
104.0000 1.4249 0.1238 8.0000 0.0217 
105.0000 1.4249 0.1071 8.0000 0.0218 
107.0000 1.4426 0.1006 7.0000 0.0179 
107.0000 1.4426 0.0345 3.0000 0.0208 
108.0000 1.4487 0.0623 4.0000 0.0238 
109.0000 1.4352 0.0589 5.0000 0.0107 
110.0000 1.4288 0.1246 8.0000 0.0175 
111.0000 1.4258 0.1258 10.0000 0.0160 
112.0000 1.4183 0.1066 5.0000 0.0408 
114.0000 1.3525 0.0678 5.0000 0.0174 
114.0000 1.3525 0.0325 3.0000 0.0266 
115.0000 1.3609 0.1104 9.0000 0.0254 
116.0000 1.3570 0.1362 11.0000 0.0186 
117.0000 1.3598 0.0665 6.0000 0.0191 
118.0000 1.3563 0.1399 11.0000 0.0330 
119.0000 1.3302 0.0620 9.0000 0.0296 
120.0000 1.3255 0.1331 12.0000 0.0179 
122.0000 1.3215 0.1133 10.0000 0.0142 
122.0000 1.3215 0.0183 3.0000 0.0117 
123.0000 1.3095 0.1221 12.0000 0.0204 
125.0000 1.3143 0.0568 7.0000 0.0305 
125.0000 1.3143 0.0614 3.0000 0.0421 
126.0000 1.3057 0.0754 7.0000 0.0248 
127.0000 1.3056 0.1069 12.0000 0.0244 
128.0000 1.3053 0.0978 9.0000 0.0141 
130.0000 1.3225 0.0820 9.0000 0.0221 
130.0000 1.3225 0.0448 3.0000 0.0217 
131.0000 1.3145 0.1045 10.0000 0.0142 
133.0000 1.3256 0.0903 7.0000 0.0171 
133.0000 1.3256 0.0259 4.0000 0.0122 
134.0000 1.3288 0.1091 11.0000 0.0108 
135.0000 1.3281 0.0833 9.0000 0.0195 
136.0000 1.3178 0.0807 5.0000 0.0316 
137.0000 1.3086 0.1195 5.0000 0.0350 
138.0000 1.3115 0.0808 6.0000 0.0224 
139.0000 1.3189 0.1275 7.0000 0.0204 
140.0000 1.3235 0.1171 9.0000 0.0222 