
1.0000 2.1277 0.0868 5.0000 0.0267 
2.0000 1.9608 0.1379 7.0000 0.0315 
3.0000 2.5862 0.1630 7.0000 0.0321 
4.0000 1.4440 0.1453 7.0000 0.0263 
5.0000 1.6181 0.1792 7.0000 0.0308 
6.0000 1.7391 0.1942 7.0000 0.0409 
7.0000 1.8229 0.1550 7.0000 0.0410 
8.0000 1.6807 0.0986 4.0000 0.0410 
9.0000 1.4975 0.1038 7.0000 0.0198 
10.0000 1.4793 0.1703 6.0000 0.0413 
11.0000 1.5299 0.1594 7.0000 0.0090 
12.0000 1.4371 0.1243 6.0000 0.0284 
13.0000 1.2897 0.0884 5.0000 0.0244 
14.0000 1.1735 0.1394 10.0000 0.0190 
15.0000 1.1719 0.1509 6.0000 0.0389 
16.0000 1.1603 0.0919 5.0000 0.0360 
17.0000 1.1557 0.1531 9.0000 0.0258 
18.0000 1.1229 0.0814 5.0000 0.0199 
19.0000 1.1743 0.0438 7.0000 0.0268 
21.0000 1.2582 0.1278 5.0000 0.0429 
21.0000 1.2582 0.0592 4.0000 0.0195 
22.0000 1.2850 0.1249 6.0000 0.0288 
23.0000 1.2721 0.1480 9.0000 0.0198 
25.0000 1.3492 0.0808 4.0000 0.0348 
25.0000 1.3492 0.0244 3.0000 0.0154 
27.0000 1.2102 0.1533 4.0000 0.0681 
27.0000 1.2102 0.0709 3.0000 0.0467 
28.0000 1.2048 0.1439 8.0000 0.0354 
29.0000 1.2195 0.1621 8.0000 0.0252 
30.0000 1.2305 0.1354 8.0000 0.0170 
31.0000 1.2586 0.1708 9.0000 0.0254 
33.0000 1.3069 0.1067 6.0000 0.0210 
33.0000 1.3069 0.0503 3.0000 0.0435 
34.0000 1.3318 0.0880 10.0000 0.0224 
35.0000 1.2910 0.1558 9.0000 0.0204 
36.0000 1.3115 0.1471 9.0000 0.0235 
37.0000 1.2933 0.1471 9.0000 0.0199 
38.0000 1.3099 0.1525 6.0000 0.0304 
39.0000 1.2978 0.1368 6.0000 0.0281 
40.0000 1.3141 0.0867 8.0000 0.0168 
41.0000 1.3256 0.1913 8.0000 0.0362 
42.0000 1.3514 0.1335 8.0000 0.0228 
43.0000 1.3659 0.1165 7.0000 0.0257 
44.0000 1.3656 0.0860 6.0000 0.0213 
45.0000 1.3825 0.0670 5.0000 0.0317 
46.0000 1.3914 0.1460 10.0000 0.0215 
47.0000 1.4068 0.1217 7.0000 0.0273 
48.0000 1.4043 0.1478 7.0000 0.0257 
49.0000 1.3940 0.1805 8.0000 0.0319 
50.0000 1.3691 0.1893 10.0000 0.0254 
51.0000 1.3604 0.1397 8.0000 0.0309 
53.0000 1.3918 0.1761 7.0000 0.0388 
53.0000 1.3918 0.0340 4.0000 0.0113 
54.0000 1.3592 0.0791 7.0000 0.0159 
55.0000 1.3421 0.1014 9.0000 0.0381 
57.0000 1.3287 0.1090 12.0000 0.0319 
57.0000 1.3287 0.0383 3.0000 0.0279 
58.0000 1.3479 0.0621 6.0000 0.0152 
59.0000 1.3670 0.0451 4.0000 0.0228 
60.0000 1.3351 0.1212 7.0000 0.0235 
61.0000 1.3466 0.1701 8.0000 0.0278 
62.0000 1.3472 0.1457 8.0000 0.0230 
63.0000 1.3595 0.0938 9.0000 0.0197 
64.0000 1.3516 0.0878 5.0000 0.0240 
65.0000 1.3604 0.1569 8.0000 0.0253 
66.0000 1.3693 0.1463 8.0000 0.0287 
67.0000 1.3481 0.1073 4.0000 0.0363 
68.0000 1.3600 0.1559 7.0000 0.0324 
69.0000 1.3693 0.1681 8.0000 0.0281 
70.0000 1.3640 0.1482 8.0000 0.0255 
71.0000 1.3675 0.1718 6.0000 0.0356 
72.0000 1.3706 0.1495 9.0000 0.0255 
73.0000 1.3686 0.1919 6.0000 0.0473 
74.0000 1.3783 0.1851 9.0000 0.0341 
75.0000 1.3879 0.1502 8.0000 0.0373 
76.0000 1.3869 0.1971 9.0000 0.0396 
77.0000 1.3997 0.1964 9.0000 0.0346 
79.0000 1.4296 0.1269 6.0000 0.0323 
79.0000 1.4296 0.0526 3.0000 0.0223 
80.0000 1.4293 0.1888 10.0000 0.0209 
81.0000 1.4428 0.1664 8.0000 0.0462 
82.0000 1.4404 0.1682 8.0000 0.0336 
83.0000 1.4493 0.1717 8.0000 0.0268 
84.0000 1.4614 0.1635 7.0000 0.0545 
85.0000 1.4663 0.1057 6.0000 0.0261 
86.0000 1.4681 0.1456 9.0000 0.0243 
87.0000 1.4773 0.1272 9.0000 0.0201 
88.0000 1.4672 0.1258 6.0000 0.0275 
89.0000 1.4439 0.1440 9.0000 0.0206 
90.0000 1.4551 0.1358 7.0000 0.0288 
91.0000 1.4659 0.1050 6.0000 0.0233 
92.0000 1.4774 0.1339 10.0000 0.0279 
93.0000 1.4878 0.1476 6.0000 0.0324 
94.0000 1.4831 0.0916 6.0000 0.0203 
95.0000 1.4904 0.1628 11.0000 0.0181 
96.0000 1.4851 0.0931 8.0000 0.0279 
97.0000 1.4958 0.1440 7.0000 0.0322 
98.0000 1.4985 0.0579 5.0000 0.0206 
99.0000 1.5119 0.1036 5.0000 0.0158 
100.0000 1.5181 0.0795 7.0000 0.0321 
101.0000 1.5298 0.0978 7.0000 0.0468 
102.0000 1.5371 0.1664 9.0000 0.0237 
103.0000 1.5357 0.0555 3.0000 0.0351 
104.0000 1.5283 0.0560 4.0000 0.0228 
105.0000 1.4875 0.1238 6.0000 0.0362 
106.0000 1.4469 0.0482 3.0000 0.0097 
107.0000 1.4339 0.0924 5.0000 0.0178 
108.0000 1.4288 0.1620 6.0000 0.0745 
109.0000 1.4310 0.1541 7.0000 0.0285 
111.0000 1.4514 0.1496 5.0000 0.0486 
111.0000 1.4514 0.0472 3.0000 0.0226 
112.0000 1.4580 0.0424 4.0000 0.0216 
113.0000 1.4675 0.0565 5.0000 0.0137 
114.0000 1.4702 0.0754 5.0000 0.0157 
115.0000 1.4802 0.1180 7.0000 0.0324 
116.0000 1.4887 0.0737 4.0000 0.0272 
117.0000 1.4594 0.0970 4.0000 0.0297 
118.0000 1.4633 0.1435 9.0000 0.0200 
119.0000 1.4688 0.1610 7.0000 0.0285 
120.0000 1.4686 0.1822 6.0000 0.0357 
121.0000 1.4744 0.0409 3.0000 0.0090 
122.0000 1.4616 0.1020 5.0000 0.0225 
123.0000 1.4688 0.1077 8.0000 0.0226 
124.0000 1.4744 0.1061 7.0000 0.0257 
125.0000 1.4749 0.0873 5.0000 0.0332 
126.0000 1.4721 0.1243 6.0000 0.0265 
127.0000 1.4578 0.1457 7.0000 0.0295 
128.0000 1.4602 0.1490 8.0000 0.0331 
129.0000 1.4637 0.1481 8.0000 0.0309 
131.0000 1.4819 0.0940 6.0000 0.0228 
131.0000 1.4819 0.0333 4.0000 0.0177 
132.0000 1.4893 0.0811 5.0000 0.0296 
133.0000 1.4910 0.1691 7.0000 0.0353 
134.0000 1.4959 0.1516 6.0000 0.0356 
135.0000 1.4920 0.1180 9.0000 0.0157 
136.0000 1.4960 0.1573 9.0000 0.0225 
138.0000 1.5112 0.1495 6.0000 0.0467 
138.0000 1.5112 0.0493 4.0000 0.0258 
140.0000 1.5226 0.1283 6.0000 0.0303 
140.0000 1.5226 0.0487 4.0000 0.0206 
141.0000 1.5265 0.1309 6.0000 0.0410 
142.0000 1.5231 0.0630 4.0000 0.0299 
143.0000 1.5299 0.1199 6.0000 0.0192 
144.0000 1.5147 0.1571 6.0000 0.0493 
145.0000 1.5142 0.1447 6.0000 0.0299 
146.0000 1.5153 0.1514 9.0000 0.0223 
147.0000 1.4989 0.1456 6.0000 0.0322 
148.0000 1.4998 0.1216 9.0000 0.0268 
150.0000 1.5141 0.1396 8.0000 0.0280 
150.0000 1.5141 0.1547 11.0000 0.0280 
151.0000 1.5219 0.1941 11.0000 0.0288 
152.0000 1.5260 0.1626 7.0000 0.0341 
153.0000 1.5263 0.1444 8.0000 0.0387 
154.0000 1.4933 0.1226 6.0000 0.0287 
155.0000 1.4948 0.1913 18.0000 0.0278 
156.0000 1.4961 0.1695 10.0000 0.0298 
157.0000 1.5002 0.1352 9.0000 0.0255 
158.0000 1.4971 0.1702 7.0000 0.0314 
159.0000 1.5020 0.1345 9.0000 0.0198 
160.0000 1.5056 0.1186 6.0000 0.0296 
161.0000 1.5052 0.0580 3.0000 0.0420 
162.0000 1.5118 0.1935 11.0000 0.0277 
163.0000 1.5166 0.1628 9.0000 0.0293 
164.0000 1.5208 0.1667 7.0000 0.0365 
165.0000 1.5240 0.1535 8.0000 0.0268 
166.0000 1.5288 0.1933 8.0000 0.0359 
167.0000 1.5315 0.1675 7.0000 0.0401 
168.0000 1.5320 0.1443 7.0000 0.0328 
169.0000 1.5373 0.1930 9.0000 0.0265 
170.0000 1.5443 0.1974 9.0000 0.0318 
171.0000 1.5423 0.1499 7.0000 0.0329 
172.0000 1.5455 0.1569 8.0000 0.0365 
173.0000 1.5475 0.1710 7.0000 0.0314 
174.0000 1.5469 0.1324 9.0000 0.0231 
176.0000 1.5626 0.1565 10.0000 0.0253 
176.0000 1.5626 0.0229 3.0000 0.0115 
178.0000 1.5751 0.0907 3.0000 0.0641 
178.0000 1.5751 0.0608 5.0000 0.0213 
180.0000 1.5848 0.1469 5.0000 0.0416 
180.0000 1.5848 0.0343 3.0000 0.0215 
181.0000 1.5893 0.1793 9.0000 0.0295 
182.0000 1.5944 0.0601 4.0000 0.0383 
183.0000 1.5985 0.1151 7.0000 0.0197 
184.0000 1.6020 0.2012 11.0000 0.0243 
185.0000 1.6049 0.1472 9.0000 0.0280 
186.0000 1.6105 0.0992 5.0000 0.0271 
187.0000 1.6149 0.1397 9.0000 0.0206 
189.0000 1.6290 0.0683 6.0000 0.0364 
189.0000 1.6290 0.0744 4.0000 0.0292 
190.0000 1.6334 0.1637 9.0000 0.0247 
191.0000 1.6385 0.1643 10.0000 0.0207 
193.0000 1.6517 0.1362 9.0000 0.0273 
193.0000 1.6517 0.0298 4.0000 0.0154 
194.0000 1.6435 0.1536 7.0000 0.0269 
195.0000 1.6421 0.1353 9.0000 0.0236 
196.0000 1.6378 0.1111 8.0000 0.0240 
197.0000 1.6166 0.1477 10.0000 0.0170 
198.0000 1.6180 0.1013 7.0000 0.0252 
199.0000 1.6187 0.1519 7.0000 0.0430 
200.0000 1.6200 0.0672 5.0000 0.0219 
201.0000 1.6254 0.1021 6.0000 0.0268 
202.0000 1.6119 0.0492 6.0000 0.0232 
203.0000 1.6039 0.0864 5.0000 0.0318 
204.0000 1.5839 0.1515 9.0000 0.0231 
205.0000 1.5853 0.0912 6.0000 0.0213 
206.0000 1.5890 0.1123 7.0000 0.0405 
207.0000 1.5775 0.1248 9.0000 0.0189 
208.0000 1.5826 0.0995 7.0000 0.0306 
209.0000 1.5738 0.1119 9.0000 0.0146 
210.0000 1.5692 0.1217 5.0000 0.0281 
211.0000 1.5619 0.1205 7.0000 0.0262 
212.0000 1.5583 0.1268 8.0000 0.0229 
213.0000 1.5448 0.1114 5.0000 0.0235 
216.0000 1.5478 0.1603 6.0000 0.0462 
216.0000 1.5478 0.0508 3.0000 0.0325 
216.0000 1.5478 0.0594 3.0000 0.0287 
217.0000 1.5522 0.1963 9.0000 0.0300 
218.0000 1.5565 0.1526 8.0000 0.0334 
219.0000 1.5576 0.1016 7.0000 0.0259 
220.0000 1.5601 0.1662 7.0000 0.0453 
221.0000 1.5460 0.0780 4.0000 0.0220 
222.0000 1.5185 0.1649 9.0000 0.0241 
223.0000 1.5211 0.1989 8.0000 0.0248 
224.0000 1.5117 0.1392 6.0000 0.0331 
225.0000 1.4831 0.0860 4.0000 0.0337 
226.0000 1.4866 0.1969 8.0000 0.0351 
227.0000 1.4868 0.0612 5.0000 0.0110 
229.0000 1.4941 0.1045 6.0000 0.0296 
229.0000 1.4941 0.0690 4.0000 0.0275 
230.0000 1.4965 0.0742 8.0000 0.0145 
231.0000 1.4873 0.1874 11.0000 0.0268 
232.0000 1.4885 0.1285 8.0000 0.0219 
233.0000 1.4805 0.1244 6.0000 0.0246 
234.0000 1.4733 0.0975 6.0000 0.0239 
235.0000 1.4546 0.0981 7.0000 0.0227 
237.0000 1.4511 0.1455 7.0000 0.0380 
237.0000 1.4511 0.0691 4.0000 0.0326 
238.0000 1.4524 0.1705 7.0000 0.0374 
239.0000 1.4552 0.0891 5.0000 0.0219 
241.0000 1.4608 0.1492 6.0000 0.0419 
241.0000 1.4608 0.0567 4.0000 0.0224 
242.0000 1.4653 0.1695 8.0000 0.0272 
243.0000 1.4620 0.1686 5.0000 0.0500 
244.0000 1.4647 0.2093 8.0000 0.0363 
245.0000 1.4676 0.2089 8.0000 0.0346 
246.0000 1.4710 0.2014 7.0000 0.0424 
247.0000 1.4745 0.1214 6.0000 0.0233 
249.0000 1.4794 0.1191 4.0000 0.0491 
249.0000 1.4794 0.0466 3.0000 0.0310 
250.0000 1.4833 0.1485 7.0000 0.0285 
251.0000 1.4861 0.1384 8.0000 0.0200 
252.0000 1.4901 0.1668 10.0000 0.0220 
253.0000 1.4937 0.1803 7.0000 0.0369 
254.0000 1.4961 0.1614 9.0000 0.0248 
255.0000 1.4992 0.0624 4.0000 0.0300 
256.0000 1.5009 0.1746 9.0000 0.0321 
257.0000 1.5042 0.1029 5.0000 0.0431 
258.0000 1.4976 0.1437 8.0000 0.0224 
259.0000 1.5013 0.0840 8.0000 0.0266 
260.0000 1.5043 0.1502 7.0000 0.0289 
261.0000 1.4936 0.0786 6.0000 0.0171 
262.0000 1.4980 0.1921 9.0000 0.0303 
263.0000 1.4849 0.0902 7.0000 0.0210 
264.0000 1.4893 0.1086 9.0000 0.0134 
265.0000 1.4756 0.0973 7.0000 0.0359 
267.0000 1.4856 0.0531 3.0000 0.0140 
267.0000 1.4856 0.1652 8.0000 0.0340 