
1.0000 1.8519 0.0250 6.0000 0.0493 
2.0000 2.3256 0.1163 9.0000 0.0186 
3.0000 1.2658 0.0893 9.0000 0.0140 
4.0000 0.6633 0.0828 7.0000 0.0250 
5.0000 0.7194 0.1141 10.0000 0.0205 
6.0000 0.8264 0.1005 7.0000 0.0285 
7.0000 0.8929 0.0853 9.0000 0.0169 
8.0000 0.9988 0.0876 7.0000 0.0188 
9.0000 1.1043 0.1074 10.0000 0.0206 
10.0000 1.2005 0.0242 8.0000 0.0246 
11.0000 1.1828 0.1071 7.0000 0.0214 
12.0000 1.2474 0.0846 8.0000 0.0237 
13.0000 1.2795 0.0791 11.0000 0.0114 
14.0000 1.2785 0.0503 8.0000 0.0177 
15.0000 1.3514 0.1061 9.0000 0.0205 
16.0000 1.4184 0.1088 9.0000 0.0135 
17.0000 1.3900 0.1289 9.0000 0.0223 
18.0000 1.4241 0.1274 10.0000 0.0179 
19.0000 1.4493 0.1264 9.0000 0.0242 
20.0000 1.4914 0.1036 7.0000 0.0176 
21.0000 1.4716 0.1298 9.0000 0.0201 
22.0000 1.4139 0.1336 7.0000 0.0246 
24.0000 1.4688 0.0950 8.0000 0.0166 
24.0000 1.4688 0.0317 4.0000 0.0172 
25.0000 1.4221 0.1470 7.0000 0.0314 
26.0000 1.3279 0.0823 8.0000 0.0197 
28.0000 1.1098 0.0635 6.0000 0.0387 
28.0000 1.1098 0.0306 3.0000 0.0213 
29.0000 1.1333 0.1472 5.0000 0.0436 
30.0000 1.1346 0.0891 3.0000 0.0395 
31.0000 1.1641 0.1111 7.0000 0.0195 
32.0000 1.1747 0.1039 5.0000 0.0319 
33.0000 1.0268 0.0801 6.0000 0.0214 
34.0000 0.9956 0.1072 8.0000 0.0271 
35.0000 1.0139 0.2015 12.0000 0.0316 
36.0000 1.0348 0.0549 6.0000 0.0349 
37.0000 1.0520 0.1280 10.0000 0.0189 
38.0000 1.0579 0.1003 8.0000 0.0088 
39.0000 1.0199 0.1197 6.0000 0.0323 
40.0000 1.0142 0.1284 8.0000 0.0307 
41.0000 1.0237 0.1086 9.0000 0.0159 
42.0000 1.0404 0.1359 7.0000 0.0299 
43.0000 1.0583 0.1189 7.0000 0.0201 
44.0000 1.0664 0.1282 7.0000 0.0204 
45.0000 1.0804 0.1081 7.0000 0.0400 
46.0000 1.0229 0.1097 10.0000 0.0130 
48.0000 1.0206 0.0538 7.0000 0.0299 
48.0000 1.0206 0.0410 4.0000 0.0332 
49.0000 1.0279 0.0970 8.0000 0.0185 
50.0000 1.0456 0.0652 6.0000 0.0170 
51.0000 1.0634 0.0562 7.0000 0.0269 
52.0000 0.9527 0.1102 8.0000 0.0176 
53.0000 0.9686 0.1232 8.0000 0.0197 
54.0000 0.9733 0.0765 8.0000 0.0218 
55.0000 0.9656 0.0661 5.0000 0.0108 
56.0000 0.9224 0.0935 7.0000 0.0136 
57.0000 0.9255 0.0961 5.0000 0.0376 
58.0000 0.9283 0.0463 9.0000 0.0264 
59.0000 0.9302 0.1536 10.0000 0.0273 
60.0000 0.9437 0.1166 10.0000 0.0321 
61.0000 0.9382 0.0451 4.0000 0.0165 
62.0000 0.9319 0.0727 4.0000 0.0177 
63.0000 0.9368 0.1227 9.0000 0.0172 
64.0000 0.9267 0.0610 4.0000 0.0160 
65.0000 0.9338 0.0609 4.0000 0.0207 
66.0000 0.9120 0.0961 6.0000 0.0240 
68.0000 0.8906 0.0840 5.0000 0.0344 
68.0000 0.8906 0.0478 3.0000 0.0226 
70.0000 0.8974 0.0659 11.0000 0.0327 
70.0000 0.8974 0.1149 4.0000 0.0330 
71.0000 0.9038 0.1403 10.0000 0.0204 
72.0000 0.8902 0.1494 6.0000 0.0630 
73.0000 0.8942 0.2027 10.0000 0.0327 
74.0000 0.8991 0.1655 6.0000 0.0425 
76.0000 0.9187 0.1425 7.0000 0.0347 
76.0000 0.9187 0.0469 3.0000 0.0272 
77.0000 0.9232 0.1267 7.0000 0.0330 
78.0000 0.9259 0.1262 8.0000 0.0221 
79.0000 0.9250 0.1214 8.0000 0.0206 
80.0000 0.9152 0.1062 7.0000 0.0211 
81.0000 0.9234 0.1420 10.0000 0.0202 
82.0000 0.9296 0.0646 7.0000 0.0222 
83.0000 0.9308 0.1113 7.0000 0.0211 
84.0000 0.9391 0.1716 9.0000 0.0368 
85.0000 0.9461 0.0866 4.0000 0.0335 
86.0000 0.9378 0.1264 9.0000 0.0157 
87.0000 0.9400 0.1266 10.0000 0.0136 
88.0000 0.9450 0.1316 8.0000 0.0201 
90.0000 0.9610 0.1267 8.0000 0.0242 
90.0000 0.9610 0.0600 4.0000 0.0288 
91.0000 0.9059 0.1207 8.0000 0.0187 
92.0000 0.8898 0.1170 9.0000 0.0128 
93.0000 0.8932 0.0931 3.0000 0.0401 
94.0000 0.8920 0.1130 8.0000 0.0188 
95.0000 0.8910 0.0547 6.0000 0.0089 
96.0000 0.8991 0.1441 7.0000 0.0275 
97.0000 0.8642 0.0563 3.0000 0.0212 
98.0000 0.8703 0.1293 9.0000 0.0178 
100.0000 0.8836 0.0890 7.0000 0.0490 
100.0000 0.8836 0.0279 5.0000 0.0115 
101.0000 0.8888 0.1167 7.0000 0.0230 
102.0000 0.8902 0.0994 8.0000 0.0349 
103.0000 0.8893 0.1425 9.0000 0.0208 
104.0000 0.8945 0.1644 11.0000 0.0180 
105.0000 0.8984 0.1214 10.0000 0.0266 
106.0000 0.9047 0.1672 10.0000 0.0274 
107.0000 0.9086 0.0929 8.0000 0.0168 
108.0000 0.9077 0.1092 9.0000 0.0179 
109.0000 0.9108 0.0763 7.0000 0.0087 
110.0000 0.9148 0.1688 8.0000 0.0330 
111.0000 0.9203 0.1112 11.0000 0.0136 
113.0000 0.9238 0.0382 4.0000 0.0194 
113.0000 0.9238 0.0249 3.0000 0.0148 
114.0000 0.9280 0.0684 7.0000 0.0142 
115.0000 0.9297 0.1221 8.0000 0.0302 
116.0000 0.9330 0.0454 7.0000 0.0241 
117.0000 0.9371 0.1395 9.0000 0.0196 
118.0000 0.9379 0.1249 9.0000 0.0184 
119.0000 0.9241 0.1239 11.0000 0.0143 
120.0000 0.8634 0.1884 8.0000 0.0446 
121.0000 0.8312 0.1391 6.0000 0.0410 
122.0000 0.8344 0.1130 5.0000 0.0300 
123.0000 0.8299 0.0759 4.0000 0.0318 
124.0000 0.8289 0.0687 9.0000 0.0157 
125.0000 0.8289 0.0428 5.0000 0.0081 
127.0000 0.8245 0.1230 5.0000 0.0432 
127.0000 0.8245 0.1068 4.0000 0.0453 
128.0000 0.7996 0.0984 4.0000 0.0405 
130.0000 0.8027 0.1054 7.0000 0.0340 
130.0000 0.8027 0.0894 3.0000 0.0126 
133.0000 0.8050 0.0882 6.0000 0.0446 
133.0000 0.8050 0.0936 3.0000 0.0492 
133.0000 0.8050 0.0480 5.0000 0.0171 
135.0000 0.8154 0.0661 4.0000 0.0325 
135.0000 0.8154 0.1116 3.0000 0.0547 
136.0000 0.8186 0.0609 11.0000 0.0061 
137.0000 0.8157 0.1101 9.0000 0.0236 
138.0000 0.8202 0.0536 4.0000 0.0262 
139.0000 0.8252 0.0841 12.0000 0.0268 
141.0000 0.8307 0.0703 4.0000 0.0333 
141.0000 0.8307 0.0267 3.0000 0.0217 
142.0000 0.8350 0.0959 8.0000 0.0193 
143.0000 0.8392 0.1367 7.0000 0.0305 
144.0000 0.8443 0.0897 6.0000 0.0188 
145.0000 0.8481 0.0712 6.0000 0.0278 