
1.0000 1.6667 0.0764 9.0000 0.0141 
2.0000 0.4926 0.1135 9.0000 0.0132 
3.0000 0.6048 0.0898 8.0000 0.0151 
4.0000 0.6270 0.0812 8.0000 0.0131 
5.0000 0.6188 0.0858 9.0000 0.0133 
7.0000 0.7692 0.1192 6.0000 0.0393 
7.0000 0.7692 0.0298 5.0000 0.0071 
8.0000 0.7835 0.0837 7.0000 0.0182 
9.0000 0.8403 0.0880 11.0000 0.0118 
10.0000 0.8418 0.1087 7.0000 0.0194 
11.0000 0.8786 0.0577 7.0000 0.0191 
12.0000 0.8658 0.1154 7.0000 0.0244 
13.0000 0.8713 0.1042 7.0000 0.0205 
14.0000 0.8454 0.1067 6.0000 0.0317 
15.0000 0.8489 0.0481 7.0000 0.0167 
17.0000 0.9209 0.0611 6.0000 0.0156 
17.0000 0.9209 0.0299 3.0000 0.0230 
18.0000 0.9322 0.0530 7.0000 0.0105 
19.0000 0.9491 0.1095 9.0000 0.0235 
20.0000 0.9615 0.0942 6.0000 0.0218 
21.0000 0.9239 0.0895 8.0000 0.0176 
22.0000 0.9232 0.1124 7.0000 0.0210 
24.0000 0.9670 0.0708 7.0000 0.0220 
24.0000 0.9670 0.0370 3.0000 0.0228 
25.0000 0.9679 0.1192 8.0000 0.0208 
26.0000 0.9520 0.0716 5.0000 0.0194 
27.0000 0.9326 0.1183 10.0000 0.0169 
28.0000 0.9189 0.1016 7.0000 0.0196 
29.0000 0.9040 0.1137 8.0000 0.0228 
30.0000 0.9083 0.0773 8.0000 0.0184 
31.0000 0.9004 0.1219 9.0000 0.0209 
32.0000 0.9017 0.0993 8.0000 0.0148 
33.0000 0.9156 0.1151 7.0000 0.0242 
34.0000 0.9209 0.1165 8.0000 0.0250 
35.0000 0.9172 0.0954 8.0000 0.0192 
38.0000 0.9878 0.0549 3.0000 0.0301 
38.0000 0.9878 0.0515 5.0000 0.0215 
38.0000 0.9878 0.0377 3.0000 0.0210 
39.0000 0.9858 0.0749 6.0000 0.0171 
40.0000 0.9823 0.0728 8.0000 0.0160 
42.0000 0.9917 0.0844 5.0000 0.0230 
42.0000 0.9917 0.0326 5.0000 0.0111 
43.0000 0.9838 0.1059 9.0000 0.0142 
44.0000 0.9675 0.0990 7.0000 0.0207 
45.0000 0.9780 0.1002 7.0000 0.0200 
46.0000 0.9783 0.1261 10.0000 0.0160 
47.0000 0.9729 0.0977 8.0000 0.0163 
49.0000 1.0086 0.0695 7.0000 0.0208 
49.0000 1.0086 0.0263 5.0000 0.0112 
50.0000 1.0119 0.0946 7.0000 0.0205 
51.0000 1.0165 0.0879 9.0000 0.0132 
52.0000 1.0186 0.1226 10.0000 0.0180 
53.0000 1.0222 0.1067 7.0000 0.0189 
54.0000 1.0292 0.0914 8.0000 0.0145 
55.0000 1.0329 0.1116 7.0000 0.0320 
56.0000 1.0363 0.1011 7.0000 0.0201 
57.0000 1.0417 0.1115 7.0000 0.0230 
58.0000 1.0517 0.0847 6.0000 0.0165 
59.0000 1.0619 0.1064 10.0000 0.0171 
60.0000 1.0510 0.0940 11.0000 0.0130 
61.0000 1.0627 0.0977 9.0000 0.0214 
62.0000 1.0616 0.1459 10.0000 0.0195 
63.0000 1.0653 0.0936 10.0000 0.0154 
64.0000 1.0577 0.0817 7.0000 0.0155 
65.0000 1.0562 0.0964 8.0000 0.0164 
66.0000 1.0548 0.1136 9.0000 0.0149 
67.0000 1.0530 0.1039 9.0000 0.0195 
68.0000 1.0557 0.1023 6.0000 0.0220 
70.0000 1.0756 0.0228 3.0000 0.0159 
70.0000 1.0756 0.0749 6.0000 0.0178 
71.0000 1.0735 0.0862 7.0000 0.0185 
72.0000 1.0811 0.1234 7.0000 0.0211 
73.0000 1.0915 0.1173 10.0000 0.0204 
74.0000 1.0927 0.1354 9.0000 0.0184 
75.0000 1.0941 0.0408 7.0000 0.0158 
76.0000 1.0909 0.1019 9.0000 0.0146 
78.0000 1.1094 0.0584 7.0000 0.0171 
78.0000 1.1094 0.0280 3.0000 0.0208 
79.0000 1.1169 0.0575 8.0000 0.0127 
80.0000 1.1176 0.0932 10.0000 0.0099 
82.0000 1.1403 0.0666 7.0000 0.0266 
82.0000 1.1403 0.0167 3.0000 0.0137 
83.0000 1.1474 0.1036 8.0000 0.0208 
86.0000 1.1779 0.0501 3.0000 0.0226 
86.0000 1.1779 0.0240 3.0000 0.0138 
86.0000 1.1779 0.0211 4.0000 0.0098 
87.0000 1.1808 0.1383 9.0000 0.0188 
88.0000 1.1780 0.0848 7.0000 0.0171 
89.0000 1.1857 0.1289 8.0000 0.0183 
91.0000 1.2032 0.0801 4.0000 0.0286 
91.0000 1.2032 0.0849 5.0000 0.0226 
92.0000 1.1973 0.1097 13.0000 0.0145 
93.0000 1.1995 0.0979 10.0000 0.0127 
95.0000 1.2228 0.1044 8.0000 0.0219 
95.0000 1.2228 0.0424 3.0000 0.0252 
96.0000 1.2287 0.1376 11.0000 0.0127 
97.0000 1.2325 0.0923 10.0000 0.0181 
98.0000 1.2426 0.1028 7.0000 0.0184 
99.0000 1.2503 0.0636 8.0000 0.0227 
100.0000 1.2542 0.0731 8.0000 0.0125 
102.0000 1.2635 0.0952 7.0000 0.0146 
102.0000 1.2635 0.0433 6.0000 0.0132 
103.0000 1.2619 0.1284 9.0000 0.0197 
104.0000 1.2627 0.0984 8.0000 0.0151 
105.0000 1.2620 0.0955 8.0000 0.0166 
106.0000 1.2646 0.0954 8.0000 0.0193 
107.0000 1.2625 0.1076 11.0000 0.0130 
108.0000 1.2646 0.0824 7.0000 0.0205 
109.0000 1.2560 0.0979 8.0000 0.0224 
110.0000 1.2564 0.1119 7.0000 0.0252 
111.0000 1.2538 0.0590 8.0000 0.0173 
112.0000 1.2496 0.1146 8.0000 0.0212 
113.0000 1.2508 0.0929 7.0000 0.0231 
114.0000 1.2440 0.1019 9.0000 0.0143 
115.0000 1.2459 0.0766 9.0000 0.0222 
116.0000 1.2293 0.0884 11.0000 0.0026 
117.0000 1.2200 0.0521 5.0000 0.0259 
118.0000 1.2172 0.1043 7.0000 0.0163 
119.0000 1.2032 0.0598 9.0000 0.0114 
120.0000 1.2023 0.0996 9.0000 0.0166 
121.0000 1.2043 0.0755 8.0000 0.0169 
122.0000 1.2011 0.0960 8.0000 0.0110 
124.0000 1.2094 0.0936 8.0000 0.0138 
124.0000 1.2094 0.0212 3.0000 0.0081 
125.0000 1.2042 0.0646 7.0000 0.0217 
127.0000 1.2047 0.0553 7.0000 0.0167 
127.0000 1.2047 0.0302 5.0000 0.0187 
129.0000 1.2025 0.0589 4.0000 0.0294 
129.0000 1.2025 0.0565 5.0000 0.0147 
130.0000 1.2099 0.0585 9.0000 0.0132 
131.0000 1.1948 0.0942 9.0000 0.0185 
132.0000 1.1848 0.0520 6.0000 0.0155 
133.0000 1.1760 0.0760 5.0000 0.0209 
134.0000 1.1706 0.1085 7.0000 0.0198 
135.0000 1.0995 0.0709 5.0000 0.0126 
136.0000 1.1051 0.1002 7.0000 0.0253 
137.0000 1.0548 0.0815 6.0000 0.0235 
139.0000 1.0506 0.0552 6.0000 0.0192 
139.0000 1.0506 0.0854 6.0000 0.0202 
140.0000 1.0493 0.0868 10.0000 0.0100 
141.0000 1.0504 0.0692 7.0000 0.0157 
142.0000 1.0425 0.0853 7.0000 0.0196 
143.0000 1.0381 0.0903 9.0000 0.0166 
144.0000 1.0348 0.0557 10.0000 0.0119 
145.0000 1.0250 0.0234 7.0000 0.0302 
147.0000 1.0354 0.1019 5.0000 0.0284 
147.0000 1.0354 0.0347 5.0000 0.0077 
150.0000 1.0411 0.0364 3.0000 0.0180 
150.0000 1.0411 0.0931 4.0000 0.0291 
150.0000 1.0411 0.0229 3.0000 0.0179 
151.0000 1.0384 0.0506 6.0000 0.0147 
152.0000 1.0369 0.0644 8.0000 0.0175 
153.0000 1.0392 0.0833 8.0000 0.0133 
154.0000 1.0320 0.1275 8.0000 0.0285 
155.0000 1.0273 0.0817 10.0000 0.0052 
157.0000 1.0386 0.0679 6.0000 0.0322 
157.0000 1.0386 0.0258 4.0000 0.0163 
158.0000 1.0126 0.0907 9.0000 0.0186 
159.0000 1.0125 0.1459 10.0000 0.0193 
160.0000 1.0116 0.1350 10.0000 0.0186 
161.0000 1.0109 0.1069 9.0000 0.0184 
162.0000 1.0141 0.0666 9.0000 0.0157 
163.0000 1.0179 0.0825 8.0000 0.0146 
164.0000 1.0211 0.0681 8.0000 0.0183 
165.0000 1.0259 0.0662 7.0000 0.0159 
166.0000 1.0289 0.0802 7.0000 0.0148 
167.0000 1.0318 0.0955 9.0000 0.0252 
168.0000 1.0347 0.1148 8.0000 0.0369 
169.0000 1.0359 0.0692 6.0000 0.0220 
170.0000 1.0361 0.1147 9.0000 0.0123 