
1.0000 4.5455 0.0608 7.0000 0.0111 
3.0000 1.7544 0.0453 4.0000 0.0160 
3.0000 1.7544 0.0222 4.0000 0.0127 
4.0000 0.8493 0.0510 10.0000 0.0207 
5.0000 0.8757 0.0568 8.0000 0.0246 
6.0000 0.9036 0.0501 7.0000 0.0113 
7.0000 0.4284 0.0451 10.0000 0.0128 
8.0000 0.2508 0.0575 9.0000 0.0125 
9.0000 0.2475 0.0787 9.0000 0.0130 
10.0000 0.2459 0.0873 8.0000 0.0235 
11.0000 0.1788 0.0897 9.0000 0.0166 
12.0000 0.1603 0.0202 7.0000 0.0186 
13.0000 0.1721 0.0899 13.0000 0.0145 
14.0000 0.1699 0.0449 12.0000 0.0117 
15.0000 0.1797 0.0724 13.0000 0.0192 
16.0000 0.1888 0.0925 11.0000 0.0373 
17.0000 0.1659 0.0778 12.0000 0.0206 
18.0000 0.1698 0.0464 11.0000 0.0150 
19.0000 0.1775 0.1162 13.0000 0.0240 
20.0000 0.1763 0.0761 13.0000 0.0252 
21.0000 0.1832 0.0503 11.0000 0.0133 
22.0000 0.1885 0.0488 8.0000 0.0218 
23.0000 0.1935 0.0374 8.0000 0.0147 
24.0000 0.1981 0.0720 9.0000 0.0180 
26.0000 0.2005 0.0524 7.0000 0.0129 
26.0000 0.2005 0.0269 3.0000 0.0216 
27.0000 0.2032 0.0319 6.0000 0.0215 
28.0000 0.2103 0.0538 7.0000 0.0182 
29.0000 0.2042 0.0674 9.0000 0.0199 
30.0000 0.2078 0.0504 8.0000 0.0149 