
1.0000 0.8403 0.0613 6.0000 0.0205 
2.0000 0.3030 0.0630 9.0000 0.0253 
3.0000 0.3090 0.0686 5.0000 0.0344 
4.0000 0.2855 0.0933 10.0000 0.0161 
5.0000 0.2884 0.0859 11.0000 0.0253 
6.0000 0.2907 0.0949 8.0000 0.0177 
7.0000 0.2572 0.0902 8.0000 0.0179 
8.0000 0.2128 0.1072 9.0000 0.0202 
10.0000 0.2376 0.0154 3.0000 0.0141 
10.0000 0.2376 0.1116 4.0000 0.0638 
11.0000 0.2395 0.0963 6.0000 0.0149 
13.0000 0.2695 0.0501 5.0000 0.0248 
13.0000 0.2695 0.0371 3.0000 0.0229 
14.0000 0.2511 0.0429 5.0000 0.0136 
15.0000 0.2488 0.0684 6.0000 0.0220 
16.0000 0.2353 0.0753 7.0000 0.0160 
17.0000 0.2373 0.0946 7.0000 0.0195 
18.0000 0.2442 0.0769 7.0000 0.0220 
19.0000 0.2478 0.0737 8.0000 0.0285 
21.0000 0.2673 0.0828 5.0000 0.0237 
21.0000 0.2673 0.0326 4.0000 0.0165 
22.0000 0.2519 0.0793 6.0000 0.0224 
23.0000 0.1973 0.1062 7.0000 0.0315 
24.0000 0.1960 0.0951 7.0000 0.0173 
25.0000 0.1862 0.0903 6.0000 0.0218 
26.0000 0.1865 0.0549 6.0000 0.0160 
27.0000 0.1837 0.1117 7.0000 0.0222 
28.0000 0.1798 0.0948 6.0000 0.0239 
29.0000 0.1834 0.0870 7.0000 0.0156 
30.0000 0.1794 0.1064 8.0000 0.0264 
31.0000 0.1835 0.0682 8.0000 0.0193 
32.0000 0.1831 0.0983 7.0000 0.0220 