
1.0000 2.9412 0.0429 9.0000 0.0102 
2.0000 2.9412 0.0760 8.0000 0.0139 
3.0000 3.2967 0.0916 8.0000 0.0206 
4.0000 2.2472 0.0962 10.0000 0.0157 
5.0000 2.2026 0.0842 8.0000 0.0243 
6.0000 2.4194 0.1058 7.0000 0.0179 
7.0000 1.7857 0.1420 10.0000 0.0161 
8.0000 1.3605 0.0583 8.0000 0.0113 
10.0000 1.2422 0.0740 12.0000 0.0180 
10.0000 1.2422 0.1396 11.0000 0.0214 
11.0000 1.3382 0.1056 15.0000 0.0101 
12.0000 1.4085 0.1191 10.0000 0.0167 
13.0000 1.3013 0.0557 7.0000 0.0154 
15.0000 1.2275 0.0512 6.0000 0.0137 
15.0000 1.2275 0.0340 4.0000 0.0203 
18.0000 1.4274 0.0367 10.0000 0.0058 
18.0000 1.4274 0.0294 6.0000 0.0126 
18.0000 1.4274 0.0227 4.0000 0.0067 
19.0000 1.4890 0.0501 7.0000 0.0281 
20.0000 1.2255 0.0557 8.0000 0.0095 
21.0000 1.2174 0.0870 6.0000 0.0216 
22.0000 1.2636 0.0729 6.0000 0.0220 
24.0000 1.2658 0.0652 5.0000 0.0189 
24.0000 1.2658 0.0246 4.0000 0.0136 
26.0000 1.1883 0.1025 11.0000 0.0113 
26.0000 1.1883 0.0167 4.0000 0.0103 
27.0000 1.1297 0.1270 10.0000 0.0146 
28.0000 1.0467 0.0861 8.0000 0.0172 
29.0000 1.0781 0.0458 7.0000 0.0136 
30.0000 1.1078 0.0660 9.0000 0.0155 
31.0000 1.1036 0.0801 10.0000 0.0127 
32.0000 1.1228 0.0684 7.0000 0.0137 
33.0000 1.1317 0.0661 8.0000 0.0148 
34.0000 1.1475 0.0876 10.0000 0.0146 
35.0000 1.1250 0.0753 8.0000 0.0212 
36.0000 1.1494 0.1012 9.0000 0.0188 
38.0000 1.1692 0.0983 7.0000 0.0349 
38.0000 1.1692 0.0377 3.0000 0.0254 
39.0000 1.1590 0.0915 8.0000 0.0162 
40.0000 1.0983 0.0951 8.0000 0.0185 
42.0000 1.1348 0.0927 6.0000 0.0246 
42.0000 1.1348 0.0208 3.0000 0.0168 
43.0000 1.1382 0.0884 8.0000 0.0203 
45.0000 1.1728 0.0727 8.0000 0.0112 
45.0000 1.1728 0.0190 3.0000 0.0167 
46.0000 1.1908 0.0286 10.0000 0.0114 
48.0000 1.2254 0.0549 10.0000 0.0137 
48.0000 1.2254 0.0471 5.0000 0.0143 
50.0000 1.2687 0.0391 5.0000 0.0160 
50.0000 1.2687 0.0492 4.0000 0.0217 
52.0000 1.3135 0.0337 3.0000 0.0209 
52.0000 1.3135 0.0285 6.0000 0.0080 
53.0000 1.3070 0.0679 4.0000 0.0172 
54.0000 1.3242 0.0793 8.0000 0.0148 
55.0000 1.3218 0.1205 8.0000 0.0279 
56.0000 1.2966 0.0678 6.0000 0.0136 
57.0000 1.2972 0.0851 8.0000 0.0157 
58.0000 1.3078 0.0329 5.0000 0.0113 
59.0000 1.2821 0.0553 6.0000 0.0147 
60.0000 1.2993 0.0637 6.0000 0.0187 
61.0000 1.2669 0.1091 8.0000 0.0188 
62.0000 1.2676 0.0899 12.0000 0.0115 
63.0000 1.2577 0.0561 6.0000 0.0218 
64.0000 1.2613 0.0801 10.0000 0.0141 
65.0000 1.2558 0.1034 7.0000 0.0211 
66.0000 1.2441 0.0816 9.0000 0.0116 
67.0000 1.2495 0.0495 6.0000 0.0201 
68.0000 1.2644 0.0626 9.0000 0.0160 
69.0000 1.2626 0.0587 8.0000 0.0150 
70.0000 1.2774 0.0954 8.0000 0.0216 
71.0000 1.2642 0.0629 7.0000 0.0189 
72.0000 1.2775 0.0545 8.0000 0.0105 
74.0000 1.2395 0.0610 5.0000 0.0244 
74.0000 1.2395 0.0398 3.0000 0.0238 
76.0000 1.1286 0.0512 5.0000 0.0282 
76.0000 1.1286 0.0217 3.0000 0.0179 
77.0000 1.0945 0.0730 9.0000 0.0135 
78.0000 1.0955 0.0730 5.0000 0.0178 
79.0000 1.0925 0.1087 9.0000 0.0070 
80.0000 1.0983 0.1238 11.0000 0.0154 
81.0000 1.1061 0.1019 7.0000 0.0254 
82.0000 1.1163 0.1418 12.0000 0.0181 
83.0000 1.1111 0.1059 9.0000 0.0121 
84.0000 1.1116 0.0673 7.0000 0.0154 
85.0000 1.1206 0.0837 10.0000 0.0136 
86.0000 1.1308 0.0794 9.0000 0.0129 
87.0000 1.1407 0.1145 15.0000 0.0156 
88.0000 1.1409 0.0513 5.0000 0.0214 
89.0000 1.1384 0.0692 7.0000 0.0166 
90.0000 1.1414 0.0744 11.0000 0.0118 
91.0000 1.1409 0.0585 9.0000 0.0147 
92.0000 1.0941 0.0486 9.0000 0.0089 
93.0000 1.0940 0.0801 9.0000 0.0176 
94.0000 1.0667 0.0856 7.0000 0.0142 
95.0000 1.0683 0.0642 8.0000 0.0118 
96.0000 1.0533 0.0704 7.0000 0.0205 
97.0000 1.0497 0.0565 7.0000 0.0215 
98.0000 1.0551 0.0836 8.0000 0.0218 
99.0000 1.0611 0.1173 10.0000 0.0250 
101.0000 1.0785 0.0456 6.0000 0.0172 
101.0000 1.0785 0.0356 3.0000 0.0221 
102.0000 1.0840 0.0973 9.0000 0.0269 
103.0000 1.0886 0.0655 8.0000 0.0143 
104.0000 1.0909 0.0571 6.0000 0.0308 
105.0000 1.0855 0.0441 7.0000 0.0160 
106.0000 1.0936 0.0202 8.0000 0.0262 
107.0000 1.0994 0.0429 6.0000 0.0135 
108.0000 1.0910 0.0694 9.0000 0.0116 
109.0000 1.0878 0.0488 8.0000 0.0130 
111.0000 1.1061 0.0883 8.0000 0.0131 
111.0000 1.1061 0.0141 3.0000 0.0093 
112.0000 1.1120 0.0573 8.0000 0.0114 
113.0000 1.1201 0.0937 8.0000 0.0134 
114.0000 1.1236 0.0528 7.0000 0.0172 
115.0000 1.1309 0.0471 10.0000 0.0085 
116.0000 1.1361 0.0823 9.0000 0.0093 
117.0000 1.1399 0.0408 8.0000 0.0089 
119.0000 1.1504 0.0758 6.0000 0.0296 
119.0000 1.1504 0.0302 4.0000 0.0106 
120.0000 1.1505 0.0844 7.0000 0.0160 
121.0000 1.1502 0.0565 6.0000 0.0159 
122.0000 1.1543 0.0451 8.0000 0.0097 
123.0000 1.1496 0.0609 9.0000 0.0097 
124.0000 1.1405 0.0674 7.0000 0.0189 
125.0000 1.1243 0.0609 8.0000 0.0190 
127.0000 1.1336 0.0419 6.0000 0.0140 
127.0000 1.1336 0.0262 4.0000 0.0131 
128.0000 1.1403 0.0802 8.0000 0.0134 
129.0000 1.1390 0.1003 8.0000 0.0174 
131.0000 1.1395 0.0559 6.0000 0.0167 
131.0000 1.1395 0.0360 5.0000 0.0140 
132.0000 1.1275 0.0828 7.0000 0.0257 
133.0000 1.1323 0.0934 10.0000 0.0178 
134.0000 1.1365 0.0923 9.0000 0.0145 
135.0000 1.1379 0.0686 7.0000 0.0160 
136.0000 1.1339 0.0749 7.0000 0.0149 
137.0000 1.1406 0.0398 8.0000 0.0182 
139.0000 1.1527 0.0310 3.0000 0.0190 
139.0000 1.1527 0.0134 6.0000 0.0049 
140.0000 1.1576 0.0677 8.0000 0.0255 
141.0000 1.1640 0.0733 12.0000 0.0149 
143.0000 1.1752 0.0568 6.0000 0.0180 
143.0000 1.1752 0.0294 4.0000 0.0161 
144.0000 1.1756 0.0941 7.0000 0.0181 
145.0000 1.1575 0.0583 8.0000 0.0102 
146.0000 1.1476 0.0472 4.0000 0.0198 
147.0000 1.1408 0.0657 8.0000 0.0227 
148.0000 1.1357 0.0577 6.0000 0.0285 
149.0000 1.1364 0.0863 7.0000 0.0204 
150.0000 1.1010 0.0868 6.0000 0.0228 
151.0000 1.1013 0.0537 7.0000 0.0140 
153.0000 1.1077 0.0691 10.0000 0.0139 
153.0000 1.1077 0.0289 3.0000 0.0142 
154.0000 1.1035 0.0789 7.0000 0.0225 
155.0000 1.0869 0.0684 8.0000 0.0147 
156.0000 1.0911 0.0649 9.0000 0.0142 
157.0000 1.0948 0.0682 9.0000 0.0114 
158.0000 1.0983 0.0955 9.0000 0.0200 
159.0000 1.0964 0.0939 8.0000 0.0132 
160.0000 1.0978 0.1138 9.0000 0.0193 
161.0000 1.1024 0.1109 9.0000 0.0200 
162.0000 1.0930 0.0683 5.0000 0.0219 
163.0000 1.0985 0.0609 9.0000 0.0199 
164.0000 1.1039 0.0824 9.0000 0.0121 
165.0000 1.1096 0.0740 9.0000 0.0166 
166.0000 1.1151 0.1174 9.0000 0.0222 
167.0000 1.1121 0.0770 7.0000 0.0186 
169.0000 1.1211 0.0774 8.0000 0.0168 
169.0000 1.1211 0.0472 3.0000 0.0294 
171.0000 1.1270 0.0907 6.0000 0.0228 
171.0000 1.1270 0.0499 4.0000 0.0251 
177.0000 1.1493 0.0967 15.0000 0.0297 
177.0000 1.1493 0.0891 11.0000 0.0055 
177.0000 1.1493 0.0815 13.0000 0.0115 
177.0000 1.1493 0.0992 25.0000 0.0307 
177.0000 1.1493 0.0740 11.0000 0.0181 
177.0000 1.1493 0.0695 12.0000 0.0163 
178.0000 1.1540 0.1440 15.0000 0.0235 
179.0000 1.1595 0.1237 7.0000 0.0204 
180.0000 1.1647 0.1566 9.0000 0.0286 
181.0000 1.1694 0.1852 9.0000 0.0316 
182.0000 1.1725 0.1231 11.0000 0.0175 
183.0000 1.1598 0.1237 9.0000 0.0242 
184.0000 1.1650 0.0662 7.0000 0.0112 
186.0000 1.1761 0.0706 7.0000 0.0137 
186.0000 1.1761 0.0354 4.0000 0.0135 
187.0000 1.1791 0.0770 8.0000 0.0105 
188.0000 1.1757 0.0860 7.0000 0.0076 
189.0000 1.1811 0.0551 6.0000 0.0129 
190.0000 1.1864 0.0832 8.0000 0.0166 
191.0000 1.1871 0.1354 10.0000 0.0184 
192.0000 1.1921 0.1146 8.0000 0.0274 
193.0000 1.1972 0.1093 7.0000 0.0208 
194.0000 1.2024 0.0998 7.0000 0.0182 
195.0000 1.2067 0.1692 13.0000 0.0127 
196.0000 1.2108 0.1512 9.0000 0.0199 
197.0000 1.2122 0.0874 6.0000 0.0249 
198.0000 1.2160 0.1351 11.0000 0.0202 
199.0000 1.2212 0.0830 8.0000 0.0222 
201.0000 1.2325 0.0583 6.0000 0.0179 
201.0000 1.2325 0.0352 3.0000 0.0221 
202.0000 1.2355 0.0945 8.0000 0.0189 
204.0000 1.2466 0.0820 6.0000 0.0218 
204.0000 1.2466 0.0551 5.0000 0.0178 
205.0000 1.2508 0.1289 11.0000 0.0154 
206.0000 1.2553 0.1839 7.0000 0.0560 
207.0000 1.2582 0.1662 7.0000 0.0382 
208.0000 1.2435 0.0737 7.0000 0.0131 
209.0000 1.2484 0.0618 10.0000 0.0141 
210.0000 1.2531 0.1247 11.0000 0.0171 
211.0000 1.2577 0.1248 10.0000 0.0142 
212.0000 1.2599 0.0584 7.0000 0.0181 
213.0000 1.2646 0.0752 8.0000 0.0165 
214.0000 1.2693 0.0770 10.0000 0.0138 
215.0000 1.2740 0.1030 9.0000 0.0083 
216.0000 1.2783 0.1135 11.0000 0.0099 
217.0000 1.2830 0.0881 9.0000 0.0207 
218.0000 1.2878 0.0926 7.0000 0.0199 
219.0000 1.2920 0.1054 11.0000 0.0123 
220.0000 1.2966 0.0211 9.0000 0.0125 
221.0000 1.3011 0.1126 8.0000 0.0229 
222.0000 1.3056 0.1278 11.0000 0.0174 
223.0000 1.3099 0.1100 8.0000 0.0208 
224.0000 1.3140 0.1182 10.0000 0.0198 
225.0000 1.3060 0.0982 6.0000 0.0221 
226.0000 1.3108 0.0642 7.0000 0.0160 
227.0000 1.3147 0.1360 10.0000 0.0274 
228.0000 1.3192 0.1218 8.0000 0.0177 
229.0000 1.3226 0.1379 12.0000 0.0285 
230.0000 1.3264 0.0984 9.0000 0.0219 
231.0000 1.3305 0.1419 12.0000 0.0142 
232.0000 1.3329 0.0970 9.0000 0.0231 
234.0000 1.3404 0.0683 5.0000 0.0159 
234.0000 1.3404 0.0337 5.0000 0.0107 
236.0000 1.3427 0.1329 5.0000 0.0345 
236.0000 1.3427 0.0412 5.0000 0.0137 
237.0000 1.3437 0.1213 10.0000 0.0322 
238.0000 1.3482 0.1092 9.0000 0.0144 
239.0000 1.3520 0.0728 9.0000 0.0166 
240.0000 1.3514 0.1539 10.0000 0.0191 