
1.0000 2.5641 0.0718 5.0000 0.0187 
2.0000 0.5464 0.1444 7.0000 0.0257 
3.0000 0.6160 0.0766 12.0000 0.0234 
4.0000 0.5814 0.1288 9.0000 0.0189 
5.0000 0.5643 0.2255 12.0000 0.0310 
6.0000 0.5190 0.1616 10.0000 0.0232 
7.0000 0.4965 0.1796 7.0000 0.0413 
8.0000 0.5242 0.1453 9.0000 0.0220 
9.0000 0.5236 0.1559 11.0000 0.0199 
10.0000 0.5053 0.1968 12.0000 0.0285 
11.0000 0.5273 0.1326 8.0000 0.0269 
12.0000 0.5432 0.1167 9.0000 0.0170 
13.0000 0.5589 0.1953 11.0000 0.0291 
14.0000 0.5757 0.1437 11.0000 0.0177 
15.0000 0.5531 0.1544 9.0000 0.0275 
16.0000 0.5577 0.1776 8.0000 0.0366 
17.0000 0.5763 0.1110 8.0000 0.0281 
19.0000 0.6306 0.0468 4.0000 0.0171 
19.0000 0.6306 0.1043 6.0000 0.0308 
20.0000 0.6361 0.1438 8.0000 0.0322 
21.0000 0.6589 0.1501 9.0000 0.0280 
22.0000 0.6873 0.1860 8.0000 0.0363 
23.0000 0.7055 0.1763 10.0000 0.0292 
24.0000 0.6787 0.1125 7.0000 0.0233 
25.0000 0.6921 0.1291 6.0000 0.0299 
26.0000 0.7172 0.1359 9.0000 0.0211 
27.0000 0.7299 0.0917 5.0000 0.0218 
28.0000 0.7545 0.1554 8.0000 0.0295 
29.0000 0.7616 0.0917 6.0000 0.0181 
30.0000 0.7827 0.1578 9.0000 0.0236 
31.0000 0.7896 0.1613 10.0000 0.0216 
32.0000 0.8052 0.1619 10.0000 0.0236 
33.0000 0.8213 0.1583 10.0000 0.0213 
34.0000 0.8376 0.1972 9.0000 0.0328 
35.0000 0.8337 0.1202 8.0000 0.0186 
36.0000 0.8310 0.1517 8.0000 0.0306 
37.0000 0.8400 0.1719 10.0000 0.0235 
38.0000 0.8532 0.1663 10.0000 0.0234 
39.0000 0.8690 0.1529 9.0000 0.0257 
40.0000 0.8846 0.1884 10.0000 0.0262 
41.0000 0.8966 0.1623 9.0000 0.0260 
42.0000 0.9115 0.1836 11.0000 0.0236 
43.0000 0.9235 0.1340 9.0000 0.0238 
44.0000 0.9392 0.2046 12.0000 0.0310 
45.0000 0.9472 0.1299 7.0000 0.0270 
46.0000 0.9536 0.1593 10.0000 0.0245 
47.0000 0.9663 0.1495 11.0000 0.0176 
48.0000 0.9808 0.1917 11.0000 0.0255 
49.0000 0.9873 0.1438 6.0000 0.0320 
50.0000 0.9703 0.2026 20.0000 0.0522 
51.0000 0.9605 0.1547 10.0000 0.0204 
52.0000 0.9451 0.2294 18.0000 0.0398 
53.0000 0.9543 0.1435 9.0000 0.0220 
54.0000 0.9645 0.1530 9.0000 0.0275 
55.0000 0.9678 0.1328 9.0000 0.0201 
56.0000 0.9741 0.0864 5.0000 0.0249 
57.0000 0.9831 0.1348 8.0000 0.0238 
58.0000 0.9809 0.1566 9.0000 0.0263 
59.0000 0.9879 0.1556 7.0000 0.0347 
60.0000 0.9972 0.1044 9.0000 0.0159 
61.0000 1.0058 0.1484 9.0000 0.0243 
62.0000 0.9827 0.1333 9.0000 0.0214 
63.0000 0.9867 0.1188 11.0000 0.0161 
64.0000 0.9863 0.1451 10.0000 0.0284 
65.0000 0.9641 0.1241 8.0000 0.0117 
66.0000 0.9615 0.2212 15.0000 0.0263 
67.0000 0.9638 0.1975 14.0000 0.0319 
68.0000 0.9727 0.1590 14.0000 0.0242 
69.0000 0.9761 0.0599 3.0000 0.0228 
70.0000 0.9689 0.1407 13.0000 0.0283 
71.0000 0.9735 0.2066 13.0000 0.0232 
72.0000 0.9657 0.1820 16.0000 0.0335 
74.0000 0.9822 0.1589 14.0000 0.0411 
74.0000 0.9822 0.1358 19.0000 0.0210 
75.0000 0.9821 0.1703 18.0000 0.0196 
76.0000 0.9837 0.1570 14.0000 0.0308 
77.0000 0.9483 0.1644 10.0000 0.0236 
78.0000 0.9409 0.1153 9.0000 0.0158 
79.0000 0.9372 0.1458 10.0000 0.0198 
80.0000 0.9380 0.1415 10.0000 0.0209 
81.0000 0.9445 0.1240 9.0000 0.0184 
82.0000 0.9422 0.1419 8.0000 0.0232 
83.0000 0.8397 0.0622 7.0000 0.0150 
84.0000 0.8357 0.1203 10.0000 0.0170 
85.0000 0.8419 0.0573 11.0000 0.0255 
86.0000 0.8182 0.0961 6.0000 0.0263 
87.0000 0.7963 0.1463 10.0000 0.0198 
88.0000 0.7935 0.1312 9.0000 0.0240 
89.0000 0.8001 0.1402 9.0000 0.0226 
90.0000 0.7955 0.1166 7.0000 0.0249 
91.0000 0.8021 0.1439 7.0000 0.0306 
92.0000 0.7961 0.1518 9.0000 0.0214 
93.0000 0.8017 0.1844 8.0000 0.0334 
94.0000 0.8065 0.1300 13.0000 0.0229 
95.0000 0.8062 0.1558 10.0000 0.0223 
96.0000 0.8113 0.1788 9.0000 0.0276 
97.0000 0.8166 0.1560 7.0000 0.0347 
98.0000 0.8203 0.1265 8.0000 0.0198 
99.0000 0.8243 0.1342 6.0000 0.0355 
100.0000 0.8285 0.1733 9.0000 0.0275 
101.0000 0.8337 0.0833 5.0000 0.0210 
102.0000 0.8392 0.1159 7.0000 0.0244 
103.0000 0.8387 0.1316 7.0000 0.0288 
104.0000 0.8396 0.1450 9.0000 0.0244 
105.0000 0.8447 0.1596 10.0000 0.0208 
106.0000 0.8492 0.1445 8.0000 0.0286 
107.0000 0.8388 0.1164 7.0000 0.0236 
108.0000 0.8418 0.1549 10.0000 0.0197 
109.0000 0.8469 0.1497 7.0000 0.0328 
110.0000 0.8516 0.1530 9.0000 0.0245 
111.0000 0.8570 0.1057 7.0000 0.0191 
112.0000 0.8621 0.1444 9.0000 0.0198 
113.0000 0.8645 0.1877 11.0000 0.0250 
114.0000 0.8696 0.1513 8.0000 0.0242 
115.0000 0.8749 0.1803 10.0000 0.0242 
116.0000 0.8801 0.1426 9.0000 0.0223 
117.0000 0.8736 0.1226 8.0000 0.0279 
118.0000 0.8745 0.1766 12.0000 0.0209 
119.0000 0.8527 0.1817 11.0000 0.0233 
120.0000 0.8577 0.1167 8.0000 0.0209 
121.0000 0.8549 0.1215 7.0000 0.0259 
122.0000 0.8570 0.1335 8.0000 0.0258 
123.0000 0.8586 0.1559 8.0000 0.0298 
124.0000 0.8615 0.1098 9.0000 0.0192 
125.0000 0.8647 0.1143 7.0000 0.0246 
126.0000 0.8661 0.1576 9.0000 0.0292 
127.0000 0.8620 0.1399 9.0000 0.0217 
128.0000 0.8649 0.1116 9.0000 0.0185 
129.0000 0.8684 0.1593 10.0000 0.0236 
130.0000 0.8696 0.1692 10.0000 0.0222 
131.0000 0.8710 0.1033 8.0000 0.0176 
132.0000 0.8716 0.1378 10.0000 0.0205 
133.0000 0.8706 0.1720 11.0000 0.0250 
134.0000 0.8709 0.1314 9.0000 0.0197 
135.0000 0.8728 0.1181 9.0000 0.0175 
136.0000 0.8597 0.1318 9.0000 0.0203 
137.0000 0.8483 0.0843 8.0000 0.0172 
138.0000 0.8470 0.1272 8.0000 0.0210 
140.0000 0.8457 0.1199 8.0000 0.0240 
140.0000 0.8457 0.1738 8.0000 0.0320 
141.0000 0.8469 0.1560 10.0000 0.0224 
142.0000 0.8234 0.1197 7.0000 0.0305 
143.0000 0.8264 0.1145 8.0000 0.0224 
144.0000 0.8299 0.0646 5.0000 0.0239 
145.0000 0.8063 0.1183 8.0000 0.0206 
146.0000 0.8073 0.1011 6.0000 0.0264 
147.0000 0.8014 0.2112 12.0000 0.0255 
148.0000 0.8006 0.1591 7.0000 0.0354 
149.0000 0.8044 0.1869 10.0000 0.0308 
150.0000 0.8090 0.1382 11.0000 0.0231 
151.0000 0.7936 0.1034 8.0000 0.0167 
152.0000 0.7939 0.1660 10.0000 0.0228 
153.0000 0.7942 0.1392 7.0000 0.0327 
154.0000 0.7978 0.1213 7.0000 0.0273 
155.0000 0.8008 0.1582 9.0000 0.0251 
156.0000 0.8021 0.1471 10.0000 0.0204 
157.0000 0.8054 0.1487 10.0000 0.0206 
158.0000 0.8057 0.1678 10.0000 0.0275 
159.0000 0.8061 0.1489 10.0000 0.0211 
160.0000 0.8045 0.1309 8.0000 0.0213 
161.0000 0.7977 0.0794 11.0000 0.0336 
162.0000 0.8015 0.1522 18.0000 0.0218 
163.0000 0.7998 0.0808 11.0000 0.0313 