
1.0000 1.1765 0.2020 12.0000 0.0277 
2.0000 1.3333 0.1863 8.0000 0.0415 
3.0000 0.9119 0.1796 13.0000 0.0205 
5.0000 1.3369 0.1800 9.0000 0.0348 
5.0000 1.3369 0.0324 5.0000 0.0133 
7.0000 1.4374 0.1440 11.0000 0.0042 
7.0000 1.4374 0.0221 3.0000 0.0183 
8.0000 1.3865 0.1497 9.0000 0.0329 
9.0000 1.3534 0.1490 10.0000 0.0211 
10.0000 1.3736 0.1674 11.0000 0.0264 
11.0000 1.4474 0.1955 12.0000 0.0253 
12.0000 1.3986 0.1380 7.0000 0.0357 
13.0000 1.3402 0.1467 10.0000 0.0306 
14.0000 1.1976 0.2103 10.0000 0.0366 
15.0000 1.2336 0.2198 11.0000 0.0339 
16.0000 1.2232 0.1968 13.0000 0.0225 
17.0000 1.2744 0.1674 13.0000 0.0257 
18.0000 1.2354 0.1252 7.0000 0.0328 
19.0000 1.2219 0.1286 8.0000 0.0241 
20.0000 1.1962 0.1849 12.0000 0.0247 
21.0000 1.1858 0.1902 10.0000 0.0300 
22.0000 1.1464 0.1633 10.0000 0.0299 
23.0000 1.1369 0.2073 14.0000 0.0211 
24.0000 1.1445 0.1815 13.0000 0.0218 
25.0000 1.1759 0.1985 15.0000 0.0207 
26.0000 1.1474 0.1998 10.0000 0.0326 
27.0000 1.1538 0.1489 10.0000 0.0195 
28.0000 1.1286 0.2407 13.0000 0.0342 
29.0000 1.1490 0.1373 7.0000 0.0281 
30.0000 1.1596 0.1561 8.0000 0.0354 
31.0000 1.1606 0.1766 11.0000 0.0244 
32.0000 1.1869 0.1512 9.0000 0.0237 
33.0000 1.2031 0.1641 11.0000 0.0233 
34.0000 1.2221 0.2015 13.0000 0.0237 
35.0000 1.2324 0.1958 12.0000 0.0243 
36.0000 1.2535 0.2060 11.0000 0.0272 
37.0000 1.2471 0.2060 13.0000 0.0256 
38.0000 1.2422 0.2201 10.0000 0.0365 
39.0000 1.2464 0.1906 12.0000 0.0241 
40.0000 1.2555 0.1476 7.0000 0.0318 
41.0000 1.2264 0.1308 11.0000 0.0167 
42.0000 1.2349 0.1945 11.0000 0.0275 
43.0000 1.2431 0.1675 12.0000 0.0201 
44.0000 1.2543 0.1900 12.0000 0.0252 
45.0000 1.2452 0.1572 8.0000 0.0380 
46.0000 1.2534 0.1880 12.0000 0.0237 
47.0000 1.2557 0.1652 10.0000 0.0269 
48.0000 1.2416 0.2097 11.0000 0.0330 
49.0000 1.2497 0.1990 11.0000 0.0285 
50.0000 1.2484 0.1535 9.0000 0.0200 
51.0000 1.2469 0.1900 12.0000 0.0228 
52.0000 1.2603 0.1586 9.0000 0.0272 
53.0000 1.2456 0.1613 11.0000 0.0197 
54.0000 1.2382 0.1725 12.0000 0.0222 
55.0000 1.2540 0.1657 10.0000 0.0247 
56.0000 1.2428 0.1816 11.0000 0.0294 
57.0000 1.2362 0.1344 9.0000 0.0163 
59.0000 1.2680 0.1414 7.0000 0.0303 
59.0000 1.2680 0.0473 3.0000 0.0275 
60.0000 1.2840 0.1546 9.0000 0.0238 
61.0000 1.2842 0.1727 10.0000 0.0273 
62.0000 1.2836 0.1922 8.0000 0.0450 
63.0000 1.2907 0.1721 10.0000 0.0240 
64.0000 1.2937 0.1287 7.0000 0.0263 
65.0000 1.3060 0.1538 11.0000 0.0194 
66.0000 1.3153 0.2038 13.0000 0.0245 
67.0000 1.3012 0.1929 11.0000 0.0287 
68.0000 1.2799 0.1564 9.0000 0.0273 
69.0000 1.2644 0.1964 12.0000 0.0220 
70.0000 1.2681 0.1623 11.0000 0.0210 
71.0000 1.2613 0.1931 12.0000 0.0285 
72.0000 1.2459 0.1875 12.0000 0.0274 
73.0000 1.2549 0.0663 5.0000 0.0163 
74.0000 1.2658 0.1607 11.0000 0.0196 
75.0000 1.2751 0.1525 13.0000 0.0302 
76.0000 1.2864 0.1915 11.0000 0.0268 
77.0000 1.2985 0.1836 11.0000 0.0295 
78.0000 1.2981 0.1910 8.0000 0.0357 
79.0000 1.3051 0.1639 10.0000 0.0315 
80.0000 1.3008 0.1244 9.0000 0.0232 
81.0000 1.3037 0.1798 11.0000 0.0261 
82.0000 1.3133 0.1545 10.0000 0.0221 
83.0000 1.3173 0.1374 10.0000 0.0216 
84.0000 1.3174 0.1234 11.0000 0.0256 
85.0000 1.3182 0.1809 13.0000 0.0218 
86.0000 1.3140 0.1373 12.0000 0.0162 
87.0000 1.3098 0.1660 10.0000 0.0256 
88.0000 1.3138 0.2171 13.0000 0.0229 
89.0000 1.3207 0.0982 8.0000 0.0312 
90.0000 1.3040 0.1612 10.0000 0.0242 
91.0000 1.3077 0.1587 13.0000 0.0217 
92.0000 1.3083 0.1749 10.0000 0.0232 
93.0000 1.3084 0.1667 10.0000 0.0272 
94.0000 1.3116 0.1980 10.0000 0.0313 
95.0000 1.3140 0.1450 10.0000 0.0203 
96.0000 1.3083 0.1424 11.0000 0.0188 
97.0000 1.3128 0.1429 9.0000 0.0219 
98.0000 1.3109 0.1831 10.0000 0.0335 
99.0000 1.3130 0.1304 10.0000 0.0245 
100.0000 1.3041 0.0644 7.0000 0.0198 
101.0000 1.3014 0.1302 10.0000 0.0242 
102.0000 1.2840 0.1489 10.0000 0.0216 
103.0000 1.2891 0.1770 10.0000 0.0220 
104.0000 1.2884 0.1534 11.0000 0.0266 
105.0000 1.2934 0.1780 11.0000 0.0272 
106.0000 1.3008 0.1580 10.0000 0.0318 
107.0000 1.3012 0.1175 9.0000 0.0207 
108.0000 1.3070 0.1427 7.0000 0.0296 
109.0000 1.3034 0.1526 10.0000 0.0194 
110.0000 1.2976 0.1484 10.0000 0.0190 
111.0000 1.2943 0.1036 9.0000 0.0169 
112.0000 1.2745 0.1388 10.0000 0.0176 
113.0000 1.2711 0.1599 9.0000 0.0244 
114.0000 1.2654 0.1148 11.0000 0.0169 
115.0000 1.2716 0.1445 11.0000 0.0320 
116.0000 1.2704 0.1725 10.0000 0.0317 
117.0000 1.2759 0.1533 10.0000 0.0232 
118.0000 1.2775 0.1169 11.0000 0.0180 
119.0000 1.2695 0.1587 10.0000 0.0226 
120.0000 1.2731 0.1780 10.0000 0.0325 
121.0000 1.2764 0.1456 11.0000 0.0232 
122.0000 1.2774 0.1712 10.0000 0.0288 
123.0000 1.2818 0.0906 10.0000 0.0245 
124.0000 1.2868 0.1309 11.0000 0.0303 
125.0000 1.2823 0.1607 10.0000 0.0298 
126.0000 1.2879 0.0576 9.0000 0.0146 
127.0000 1.2910 0.1626 11.0000 0.0213 
128.0000 1.2741 0.1428 9.0000 0.0218 
129.0000 1.2648 0.1640 11.0000 0.0252 
130.0000 1.2231 0.1777 10.0000 0.0245 
131.0000 1.2217 0.1480 9.0000 0.0250 
133.0000 1.2370 0.1384 8.0000 0.0280 
133.0000 1.2370 0.0501 5.0000 0.0186 
134.0000 1.2294 0.1099 11.0000 0.0160 
135.0000 1.2330 0.1905 12.0000 0.0271 
136.0000 1.2339 0.1622 9.0000 0.0254 
137.0000 1.2398 0.1899 12.0000 0.0225 
138.0000 1.2438 0.1600 10.0000 0.0216 
139.0000 1.2485 0.1556 9.0000 0.0259 
140.0000 1.2518 0.1456 11.0000 0.0170 
141.0000 1.2570 0.1283 8.0000 0.0211 
142.0000 1.2542 0.1807 9.0000 0.0325 
143.0000 1.2571 0.1610 12.0000 0.0229 
144.0000 1.2574 0.1765 10.0000 0.0212 
145.0000 1.2537 0.1342 9.0000 0.0274 
146.0000 1.2565 0.1604 11.0000 0.0224 
147.0000 1.2529 0.1157 10.0000 0.0200 
148.0000 1.2519 0.1441 11.0000 0.0213 
149.0000 1.2512 0.1182 7.0000 0.0269 
150.0000 1.2425 0.1511 10.0000 0.0248 
151.0000 1.2453 0.1036 9.0000 0.0191 
152.0000 1.2492 0.1620 10.0000 0.0259 
153.0000 1.2544 0.1794 13.0000 0.0194 
154.0000 1.2573 0.1341 10.0000 0.0212 
155.0000 1.2594 0.1228 8.0000 0.0229 
156.0000 1.2617 0.1686 10.0000 0.0224 
157.0000 1.2553 0.1455 9.0000 0.0242 
158.0000 1.2538 0.1100 8.0000 0.0234 
159.0000 1.2445 0.1350 9.0000 0.0264 
160.0000 1.2449 0.1487 9.0000 0.0265 
161.0000 1.2474 0.1552 11.0000 0.0244 
162.0000 1.2462 0.2172 13.0000 0.0265 
163.0000 1.2471 0.1343 9.0000 0.0240 
164.0000 1.2481 0.0671 9.0000 0.0178 
165.0000 1.2383 0.1441 9.0000 0.0253 
166.0000 1.2304 0.1010 22.0000 0.0386 
167.0000 1.2307 0.1692 18.0000 0.0196 
168.0000 1.2369 0.1200 9.0000 0.0228 
169.0000 1.2398 0.1624 11.0000 0.0253 
170.0000 1.2435 0.1531 7.0000 0.0312 
171.0000 1.2484 0.2056 11.0000 0.0280 
172.0000 1.2515 0.1599 9.0000 0.0338 
173.0000 1.2564 0.2237 10.0000 0.0319 
174.0000 1.2576 0.1730 9.0000 0.0301 
175.0000 1.2600 0.1693 12.0000 0.0206 
176.0000 1.2630 0.1640 11.0000 0.0207 
177.0000 1.2610 0.1708 10.0000 0.0241 
178.0000 1.2624 0.1600 12.0000 0.0167 
179.0000 1.2649 0.1678 10.0000 0.0287 
180.0000 1.2676 0.1831 10.0000 0.0289 
181.0000 1.2707 0.1225 8.0000 0.0243 
182.0000 1.2746 0.1733 12.0000 0.0214 
183.0000 1.2781 0.1700 12.0000 0.0282 
184.0000 1.2776 0.1625 11.0000 0.0226 
185.0000 1.2792 0.1522 9.0000 0.0265 
186.0000 1.2816 0.1659 10.0000 0.0237 
187.0000 1.2810 0.2156 13.0000 0.0287 
188.0000 1.2831 0.1876 11.0000 0.0255 
189.0000 1.2872 0.1670 11.0000 0.0231 
190.0000 1.2865 0.1516 11.0000 0.0173 
191.0000 1.2871 0.1781 10.0000 0.0290 
192.0000 1.2881 0.1680 12.0000 0.0201 
193.0000 1.2894 0.2235 13.0000 0.0281 
194.0000 1.2920 0.1810 13.0000 0.0224 
195.0000 1.2935 0.1888 11.0000 0.0366 
196.0000 1.2922 0.1362 9.0000 0.0204 
197.0000 1.2961 0.1592 10.0000 0.0263 
198.0000 1.2979 0.1910 13.0000 0.0254 
199.0000 1.3011 0.1500 9.0000 0.0389 
200.0000 1.3058 0.1742 12.0000 0.0240 
201.0000 1.3071 0.1916 10.0000 0.0306 
202.0000 1.3044 0.1918 13.0000 0.0216 
203.0000 1.3046 0.1959 12.0000 0.0315 
204.0000 1.3031 0.1076 10.0000 0.0163 
205.0000 1.3067 0.1772 11.0000 0.0243 
206.0000 1.3056 0.1795 12.0000 0.0220 
207.0000 1.3041 0.1287 9.0000 0.0238 
208.0000 1.3060 0.1952 13.0000 0.0255 
209.0000 1.3043 0.1922 12.0000 0.0221 
210.0000 1.3075 0.1651 12.0000 0.0249 
211.0000 1.3095 0.1639 10.0000 0.0248 
212.0000 1.3061 0.1531 12.0000 0.0211 
213.0000 1.3028 0.1510 12.0000 0.0189 
214.0000 1.3004 0.1246 9.0000 0.0273 
215.0000 1.3054 0.1690 8.0000 0.0363 
216.0000 1.3062 0.1820 10.0000 0.0343 
217.0000 1.3072 0.1269 10.0000 0.0166 
218.0000 1.3099 0.1438 10.0000 0.0238 
219.0000 1.3121 0.1938 14.0000 0.0187 
220.0000 1.3134 0.1619 10.0000 0.0283 
221.0000 1.3143 0.1416 10.0000 0.0211 
222.0000 1.3112 0.1553 12.0000 0.0184 
223.0000 1.3118 0.1328 10.0000 0.0237 
224.0000 1.3146 0.1539 9.0000 0.0235 
225.0000 1.3127 0.1622 11.0000 0.0215 
226.0000 1.3140 0.1970 11.0000 0.0299 
227.0000 1.3175 0.1361 6.0000 0.0281 
228.0000 1.3218 0.1494 9.0000 0.0203 
229.0000 1.3223 0.1405 10.0000 0.0186 
230.0000 1.3247 0.1333 11.0000 0.0269 
231.0000 1.3228 0.1377 9.0000 0.0220 
232.0000 1.3253 0.1419 8.0000 0.0294 
233.0000 1.3283 0.1405 9.0000 0.0227 
234.0000 1.3306 0.1694 10.0000 0.0296 
235.0000 1.3347 0.1620 11.0000 0.0256 
236.0000 1.3333 0.1446 9.0000 0.0214 
237.0000 1.3330 0.1777 11.0000 0.0251 
238.0000 1.3342 0.1175 14.0000 0.0181 
239.0000 1.3345 0.1822 10.0000 0.0311 
240.0000 1.3347 0.1194 7.0000 0.0359 
241.0000 1.3336 0.2049 12.0000 0.0337 
242.0000 1.3355 0.1311 12.0000 0.0202 