
2.0000 7.1429 0.1329 7.0000 0.0444 
2.0000 7.1429 0.0454 3.0000 0.0308 
4.0000 7.0175 0.1019 4.0000 0.0459 
4.0000 7.0175 0.0808 4.0000 0.0357 
5.0000 5.6180 0.1804 9.0000 0.0378 
6.0000 4.8780 0.1152 9.0000 0.0297 
8.0000 5.3333 0.1896 7.0000 0.0319 
8.0000 5.3333 0.0171 4.0000 0.0075 
9.0000 4.4335 0.2397 17.0000 0.0325 
10.0000 2.7027 0.1219 9.0000 0.0187 
11.0000 2.4775 0.0634 8.0000 0.0152 
12.0000 2.4341 0.1326 12.0000 0.0288 
14.0000 2.6975 0.1924 10.0000 0.0306 
14.0000 2.6975 0.0528 3.0000 0.0213 
15.0000 2.2321 0.1734 10.0000 0.0357 
16.0000 2.1769 0.1943 17.0000 0.0295 
18.0000 2.3196 0.1389 5.0000 0.0713 
18.0000 2.3196 0.0400 5.0000 0.0179 
19.0000 2.3002 0.1767 10.0000 0.0248 
20.0000 1.5349 0.1916 12.0000 0.0222 
21.0000 1.2478 0.2117 12.0000 0.0228 
22.0000 1.0521 0.0705 3.0000 0.0156 
23.0000 1.0875 0.1980 10.0000 0.0362 
24.0000 1.0989 0.1921 9.0000 0.0338 
25.0000 0.9720 0.1920 10.0000 0.0255 
26.0000 0.9359 0.1665 8.0000 0.0451 
28.0000 0.9838 0.1796 9.0000 0.0229 
28.0000 0.9838 0.2011 10.0000 0.0314 
29.0000 0.8706 0.1849 13.0000 0.0259 
31.0000 0.7708 0.1856 9.0000 0.0470 
31.0000 0.7708 0.0647 4.0000 0.0314 
32.0000 0.5845 0.1928 14.0000 0.0253 
33.0000 0.4808 0.1494 13.0000 0.0248 
34.0000 0.4075 0.2130 9.0000 0.0660 
36.0000 0.4279 0.0621 3.0000 0.0136 
36.0000 0.4279 0.1335 10.0000 0.0359 
37.0000 0.4204 0.1243 8.0000 0.0196 
38.0000 0.4200 0.2224 11.0000 0.0317 
39.0000 0.3933 0.2124 11.0000 0.0271 
40.0000 0.3759 0.2203 15.0000 0.0257 
41.0000 0.3662 0.2401 9.0000 0.0515 
42.0000 0.3598 0.0930 8.0000 0.0252 
43.0000 0.3441 0.1709 10.0000 0.0239 
44.0000 0.3328 0.1675 9.0000 0.0222 
45.0000 0.3399 0.1922 8.0000 0.0373 
46.0000 0.3350 0.1049 7.0000 0.0210 
47.0000 0.3351 0.1610 9.0000 0.0327 
48.0000 0.3171 0.2561 13.0000 0.0339 
49.0000 0.3139 0.2053 10.0000 0.0341 
50.0000 0.3128 0.0819 7.0000 0.0194 
51.0000 0.3107 0.1679 9.0000 0.0346 
52.0000 0.3044 0.1528 11.0000 0.0302 
53.0000 0.2980 0.1833 10.0000 0.0289 
55.0000 0.3073 0.2008 9.0000 0.0318 
55.0000 0.3073 0.0267 3.0000 0.0086 