
1.0000 0.5952 0.1307 12.0000 0.0125 
2.0000 0.6849 0.1131 11.0000 0.0301 
3.0000 0.5941 0.1342 12.0000 0.0182 
4.0000 0.5698 0.1519 11.0000 0.0195 
5.0000 0.6974 0.1542 9.0000 0.0258 
6.0000 0.3654 0.0370 8.0000 0.0148 
7.0000 0.4005 0.0552 7.0000 0.0234 
8.0000 0.4226 0.0737 9.0000 0.0131 
9.0000 0.4644 0.0739 5.0000 0.0102 
10.0000 0.4852 0.0372 8.0000 0.0131 
11.0000 0.5266 0.0661 7.0000 0.0209 
12.0000 0.4843 0.1049 9.0000 0.0182 
13.0000 0.4788 0.1701 14.0000 0.0203 
14.0000 0.5123 0.2208 15.0000 0.0231 
15.0000 0.5254 0.0672 7.0000 0.0116 
16.0000 0.5575 0.0703 9.0000 0.0117 
17.0000 0.5888 0.1024 9.0000 0.0174 
18.0000 0.5998 0.0711 4.0000 0.0150 
19.0000 0.6213 0.1041 8.0000 0.0187 
20.0000 0.5891 0.0496 6.0000 0.0192 
21.0000 0.5964 0.0978 8.0000 0.0251 
22.0000 0.6225 0.0307 8.0000 0.0206 
23.0000 0.5911 0.1026 7.0000 0.0217 
24.0000 0.5822 0.0763 7.0000 0.0150 
26.0000 0.6283 0.0625 6.0000 0.0258 
26.0000 0.6283 0.0362 4.0000 0.0175 
27.0000 0.6377 0.0741 8.0000 0.0110 
28.0000 0.6588 0.0568 7.0000 0.0215 
29.0000 0.6105 0.1820 13.0000 0.0277 
30.0000 0.5523 0.1018 10.0000 0.0193 
31.0000 0.5689 0.1205 9.0000 0.0202 
33.0000 0.5883 0.1322 12.0000 0.0296 
33.0000 0.5883 0.1765 24.0000 0.0162 
34.0000 0.4923 0.0460 6.0000 0.0177 
35.0000 0.4622 0.0952 7.0000 0.0197 
36.0000 0.4564 0.0629 9.0000 0.0188 
37.0000 0.4675 0.1556 10.0000 0.0242 
38.0000 0.4794 0.1066 7.0000 0.0177 
39.0000 0.4894 0.1232 8.0000 0.0203 
40.0000 0.5012 0.1273 8.0000 0.0212 
41.0000 0.5129 0.0889 8.0000 0.0185 
42.0000 0.5232 0.0473 6.0000 0.0142 
44.0000 0.5326 0.1267 10.0000 0.0312 
44.0000 0.5326 0.1550 9.0000 0.0237 
46.0000 0.5542 0.1653 16.0000 0.0248 
46.0000 0.5542 0.1443 9.0000 0.0270 
51.0000 0.5719 0.0539 15.0000 0.0237 
51.0000 0.5719 0.1301 7.0000 0.0253 
51.0000 0.5719 0.1171 9.0000 0.0310 
51.0000 0.5719 0.0474 3.0000 0.0252 
51.0000 0.5719 0.0775 6.0000 0.0258 
52.0000 0.5779 0.0937 7.0000 0.0220 
53.0000 0.5871 0.0783 4.0000 0.0361 
54.0000 0.5583 0.0473 3.0000 0.0196 
55.0000 0.5678 0.0747 8.0000 0.0272 
58.0000 0.5606 0.1757 16.0000 0.0271 
58.0000 0.5606 0.1194 19.0000 0.0278 
58.0000 0.5606 0.0406 5.0000 0.0184 
59.0000 0.5539 0.0573 4.0000 0.0171 
61.0000 0.5663 0.0478 8.0000 0.0120 
61.0000 0.5663 0.0242 4.0000 0.0136 
62.0000 0.5550 0.0676 5.0000 0.0101 
63.0000 0.5622 0.0983 6.0000 0.0280 
64.0000 0.5697 0.0715 7.0000 0.0089 
65.0000 0.4920 0.1457 12.0000 0.0239 
69.0000 0.5197 0.0874 8.0000 0.0340 
69.0000 0.5197 0.1335 12.0000 0.0308 
69.0000 0.5197 0.0664 10.0000 0.0063 
69.0000 0.5197 0.0784 8.0000 0.0167 
70.0000 0.4967 0.0411 6.0000 0.0214 
71.0000 0.5016 0.0430 9.0000 0.0097 
72.0000 0.5057 0.1047 9.0000 0.0198 
73.0000 0.4848 0.0595 4.0000 0.0210 
77.0000 0.5096 0.0803 10.0000 0.0237 
77.0000 0.5096 0.0767 13.0000 0.0117 
77.0000 0.5096 0.0897 7.0000 0.0410 
77.0000 0.5096 0.1437 8.0000 0.0321 
78.0000 0.5158 0.0952 9.0000 0.0115 
80.0000 0.5278 0.0384 5.0000 0.0153 
80.0000 0.5278 0.0090 4.0000 0.0043 
81.0000 0.5093 0.1296 8.0000 0.0225 
82.0000 0.5152 0.0524 8.0000 0.0323 
85.0000 0.5331 0.0464 4.0000 0.0119 
85.0000 0.5331 0.0296 6.0000 0.0076 
85.0000 0.5331 0.0211 3.0000 0.0121 
87.0000 0.5448 0.0615 8.0000 0.0200 
87.0000 0.5448 0.0493 5.0000 0.0155 
88.0000 0.5507 0.0468 4.0000 0.0092 
89.0000 0.5564 0.1638 13.0000 0.0195 
91.0000 0.5533 0.0587 5.0000 0.0185 
91.0000 0.5533 0.0496 4.0000 0.0185 
92.0000 0.5358 0.0503 6.0000 0.0199 
93.0000 0.5383 0.0400 4.0000 0.0090 
94.0000 0.5311 0.0719 4.0000 0.0183 
95.0000 0.5274 0.0644 8.0000 0.0133 
96.0000 0.5244 0.1094 9.0000 0.0238 
97.0000 0.5279 0.0164 6.0000 0.0177 