
1.0000 0.7937 0.1682 9.0000 0.0208 
2.0000 0.9346 0.1433 11.0000 0.0230 
4.0000 1.2945 0.1642 9.0000 0.0326 
4.0000 1.2945 0.0350 4.0000 0.0166 
5.0000 1.0799 0.1441 13.0000 0.0193 
6.0000 0.9317 0.1601 14.0000 0.0207 
7.0000 0.9459 0.1775 11.0000 0.0330 
8.0000 0.9512 0.1831 12.0000 0.0295 
9.0000 0.9156 0.1675 16.0000 0.0206 
10.0000 0.8889 0.1837 14.0000 0.0241 
11.0000 0.8814 0.1534 11.0000 0.0292 
12.0000 0.8753 0.1712 11.0000 0.0301 
13.0000 0.9110 0.1807 9.0000 0.0254 
14.0000 0.9602 0.1738 10.0000 0.0285 
15.0000 0.9476 0.1342 12.0000 0.0237 
16.0000 0.9281 0.1565 14.0000 0.0169 
17.0000 0.9004 0.1366 11.0000 0.0209 
18.0000 0.9202 0.1617 12.0000 0.0191 
19.0000 0.9100 0.1635 13.0000 0.0189 
21.0000 0.9682 0.1396 9.0000 0.0201 
21.0000 0.9682 0.0337 4.0000 0.0133 
22.0000 0.9628 0.0655 8.0000 0.0165 
24.0000 1.0148 0.1261 7.0000 0.0287 
24.0000 1.0148 0.1571 13.0000 0.0272 
25.0000 1.0040 0.1694 12.0000 0.0252 
26.0000 1.0265 0.1564 9.0000 0.0247 
27.0000 1.0022 0.1102 10.0000 0.0252 
28.0000 0.9957 0.1435 13.0000 0.0235 
30.0000 1.0267 0.0764 10.0000 0.0247 
30.0000 1.0267 0.0501 4.0000 0.0191 
31.0000 1.0174 0.1235 10.0000 0.0128 
32.0000 1.0217 0.1615 10.0000 0.0230 
33.0000 0.9958 0.1324 11.0000 0.0250 
34.0000 0.9444 0.1260 13.0000 0.0297 
35.0000 0.8963 0.0561 8.0000 0.0346 
36.0000 0.8394 0.1695 12.0000 0.0235 
37.0000 0.8281 0.1547 11.0000 0.0274 
38.0000 0.7933 0.1494 10.0000 0.0358 
39.0000 0.7605 0.1603 11.0000 0.0172 
40.0000 0.7470 0.1913 12.0000 0.0308 
41.0000 0.7095 0.1525 11.0000 0.0206 
42.0000 0.6993 0.1502 10.0000 0.0205 
43.0000 0.6893 0.1489 10.0000 0.0304 
44.0000 0.6792 0.1629 11.0000 0.0308 
45.0000 0.6792 0.1674 10.0000 0.0391 
46.0000 0.6586 0.1648 12.0000 0.0300 
47.0000 0.6103 0.1702 11.0000 0.0243 
48.0000 0.5985 0.1562 14.0000 0.0248 
49.0000 0.5872 0.1649 14.0000 0.0329 
50.0000 0.5607 0.1522 15.0000 0.0182 
51.0000 0.5443 0.1945 14.0000 0.0309 
52.0000 0.5460 0.1741 11.0000 0.0234 
53.0000 0.5383 0.1563 11.0000 0.0258 
54.0000 0.5298 0.1604 11.0000 0.0226 
55.0000 0.5125 0.1454 10.0000 0.0281 
56.0000 0.5165 0.1279 11.0000 0.0131 
57.0000 0.5172 0.2047 13.0000 0.0227 
58.0000 0.5033 0.1593 12.0000 0.0144 
59.0000 0.4912 0.1346 11.0000 0.0338 
60.0000 0.4717 0.1458 10.0000 0.0187 
61.0000 0.4744 0.1325 12.0000 0.0190 
63.0000 0.4872 0.1030 9.0000 0.0225 
63.0000 0.4872 0.0570 3.0000 0.0363 
64.0000 0.4919 0.1590 18.0000 0.0331 
65.0000 0.4947 0.1405 9.0000 0.0257 
66.0000 0.4896 0.1317 12.0000 0.0175 
67.0000 0.4825 0.1616 10.0000 0.0210 
68.0000 0.4719 0.0978 11.0000 0.0245 
69.0000 0.4624 0.1217 9.0000 0.0431 
70.0000 0.4397 0.0911 7.0000 0.0176 
71.0000 0.4360 0.1524 11.0000 0.0203 
72.0000 0.4393 0.0421 13.0000 0.0196 
73.0000 0.4388 0.1438 12.0000 0.0229 
74.0000 0.4258 0.1361 9.0000 0.0256 
75.0000 0.4297 0.1798 10.0000 0.0282 
76.0000 0.4200 0.1522 12.0000 0.0197 