
2.0000 2.5316 0.0533 8.0000 0.0200 
2.0000 2.5316 0.0368 3.0000 0.0261 
3.0000 2.1127 0.1005 12.0000 0.0154 
4.0000 0.6536 0.0875 13.0000 0.0227 
5.0000 0.6017 0.1221 15.0000 0.0152 
6.0000 0.4535 0.0971 12.0000 0.0200 
8.0000 0.4957 0.0584 9.0000 0.0145 
8.0000 0.4957 0.0171 3.0000 0.0111 
10.0000 0.5302 0.0662 8.0000 0.0127 
10.0000 0.5302 0.0441 3.0000 0.0238 
12.0000 0.5631 0.0463 7.0000 0.0107 
12.0000 0.5631 0.0157 3.0000 0.0093 
13.0000 0.5068 0.0704 10.0000 0.0114 
14.0000 0.4069 0.0572 9.0000 0.0174 
15.0000 0.4197 0.0658 9.0000 0.0185 
16.0000 0.4307 0.0729 13.0000 0.0133 
18.0000 0.4253 0.0740 7.0000 0.0194 
18.0000 0.4253 0.0578 4.0000 0.0194 
20.0000 0.4386 -0.0018 8.0000 0.0180 
20.0000 0.4386 0.0417 4.0000 0.0312 
22.0000 0.4647 0.0816 8.0000 0.0188 
22.0000 0.4647 0.0331 3.0000 0.0155 
23.0000 0.4699 0.0840 11.0000 0.0147 
24.0000 0.4869 0.0557 10.0000 0.0107 
25.0000 0.4777 0.0668 5.0000 0.0142 
26.0000 0.4889 0.0643 6.0000 0.0128 
27.0000 0.4971 0.0934 9.0000 0.0146 
28.0000 0.4919 0.0620 7.0000 0.0224 
29.0000 0.4597 0.0724 14.0000 0.0139 
30.0000 0.4431 0.0663 8.0000 0.0103 
31.0000 0.4353 0.0563 7.0000 0.0142 
32.0000 0.4114 0.0287 7.0000 0.0204 
33.0000 0.3497 0.0547 9.0000 0.0087 
35.0000 0.3559 0.0505 5.0000 0.0122 
35.0000 0.3559 0.0260 4.0000 0.0147 
36.0000 0.3461 0.0620 4.0000 0.0209 
38.0000 0.3483 0.0615 5.0000 0.0222 
38.0000 0.3483 0.0309 3.0000 0.0251 
40.0000 0.3326 0.0445 7.0000 0.0161 
40.0000 0.3326 0.0447 4.0000 0.0228 
41.0000 0.3399 0.0470 7.0000 0.0169 
43.0000 0.3347 0.0202 5.0000 0.0044 
43.0000 0.3347 0.0436 3.0000 0.0166 
46.0000 0.3539 0.0491 4.0000 0.0198 
46.0000 0.3539 0.0260 4.0000 0.0118 
46.0000 0.3539 0.0714 6.0000 0.0173 
48.0000 0.3675 0.0453 5.0000 0.0274 
48.0000 0.3675 0.0456 3.0000 0.0221 
49.0000 0.3641 0.0863 8.0000 0.0189 
50.0000 0.3654 0.0977 7.0000 0.0178 
52.0000 0.3793 0.0582 3.0000 0.0264 
52.0000 0.3793 0.0813 8.0000 0.0343 
54.0000 0.3738 0.0441 7.0000 0.0303 
54.0000 0.3738 0.0513 3.0000 0.0276 
56.0000 0.3811 0.0558 7.0000 0.0354 
56.0000 0.3811 0.0406 3.0000 0.0145 
59.0000 0.3903 0.0250 4.0000 0.0081 
59.0000 0.3903 0.0090 4.0000 0.0030 
59.0000 0.3903 0.0581 9.0000 0.0111 
61.0000 0.3920 0.0404 9.0000 0.0105 
61.0000 0.3920 0.0377 4.0000 0.0160 
63.0000 0.3934 0.0472 9.0000 0.0153 
63.0000 0.3934 0.0258 4.0000 0.0226 
65.0000 0.3895 0.0463 4.0000 0.0359 
65.0000 0.3895 0.0324 4.0000 0.0172 
67.0000 0.3915 0.0282 3.0000 0.0124 
67.0000 0.3915 0.0560 4.0000 0.0214 