
2.0000 7.4074 0.0900 7.0000 0.0252 
2.0000 7.4074 0.0339 6.0000 0.0119 
3.0000 2.9703 0.1068 10.0000 0.0145 
5.0000 3.4014 0.1017 9.0000 0.0203 
5.0000 3.4014 0.0176 3.0000 0.0084 
6.0000 2.9851 0.0507 7.0000 0.0188 
7.0000 2.5735 0.1155 10.0000 0.0175 
9.0000 2.9412 0.1136 10.0000 0.0164 
9.0000 2.9412 0.0104 3.0000 0.0075 
11.0000 2.7500 0.0846 8.0000 0.0227 
11.0000 2.7500 0.0434 4.0000 0.0191 
12.0000 2.7650 0.0700 9.0000 0.0221 
13.0000 2.6052 0.0536 12.0000 0.0184 
14.0000 2.4055 0.0625 12.0000 0.0160 
15.0000 2.3847 0.0815 12.0000 0.0127 
16.0000 2.3460 0.0978 9.0000 0.0260 
17.0000 2.1492 0.1154 12.0000 0.0166 
18.0000 2.0595 0.1451 11.0000 0.0189 
20.0000 2.0768 0.0407 8.0000 0.0163 
20.0000 2.0768 0.0436 4.0000 0.0296 
21.0000 2.0448 0.1128 10.0000 0.0150 
22.0000 2.0314 0.0973 9.0000 0.0123 
23.0000 1.7733 0.0640 10.0000 0.0159 
24.0000 1.7751 0.0411 9.0000 0.0203 
25.0000 1.6556 0.1271 14.0000 0.0142 
26.0000 1.6139 0.1051 9.0000 0.0181 
27.0000 1.6226 0.1059 11.0000 0.0169 
28.0000 1.6384 0.1160 12.0000 0.0119 
30.0000 1.6978 0.1076 10.0000 0.0163 
30.0000 1.6978 0.0305 4.0000 0.0096 
31.0000 1.6694 0.0984 12.0000 0.0228 
32.0000 1.5663 0.1126 13.0000 0.0150 
34.0000 1.6015 0.1323 10.0000 0.0199 
34.0000 1.6015 0.0391 4.0000 0.0166 
35.0000 1.5119 0.1200 10.0000 0.0118 
36.0000 1.5019 0.1100 12.0000 0.0115 
37.0000 1.5035 0.1142 11.0000 0.0202 
38.0000 1.4621 0.1232 11.0000 0.0145 
39.0000 1.3421 0.1240 10.0000 0.0149 
40.0000 1.3396 0.1479 14.0000 0.0174 
41.0000 1.2542 0.1891 11.0000 0.0232 
42.0000 1.2474 0.1656 10.0000 0.0186 
43.0000 1.2707 0.1182 10.0000 0.0220 
44.0000 1.2911 0.1007 13.0000 0.0130 
45.0000 1.3074 0.1305 9.0000 0.0236 
46.0000 1.3184 0.1433 13.0000 0.0144 
47.0000 1.2951 0.1236 12.0000 0.0155 
48.0000 1.2542 0.0847 10.0000 0.0177 
49.0000 1.2150 0.1305 12.0000 0.0176 
50.0000 1.2282 0.1186 10.0000 0.0156 
51.0000 1.2218 0.0816 10.0000 0.0230 
52.0000 1.2276 0.1425 12.0000 0.0178 
53.0000 1.2334 0.1167 10.0000 0.0172 
54.0000 1.2440 0.1515 13.0000 0.0112 
55.0000 1.2067 0.0778 11.0000 0.0141 
56.0000 1.1799 0.1096 9.0000 0.0231 
57.0000 1.1912 0.1133 12.0000 0.0187 
58.0000 1.1798 0.1088 13.0000 0.0155 
59.0000 1.1871 0.1193 10.0000 0.0264 
60.0000 1.1477 0.0949 13.0000 0.0124 
62.0000 1.1576 0.0991 10.0000 0.0212 
62.0000 1.1576 0.0222 4.0000 0.0088 
63.0000 1.1615 0.0800 10.0000 0.0142 
64.0000 1.1459 0.0949 9.0000 0.0154 
65.0000 1.1480 0.1042 10.0000 0.0144 
66.0000 1.1510 0.1001 8.0000 0.0308 
67.0000 1.1213 0.1836 13.0000 0.0205 
68.0000 1.1175 0.1306 11.0000 0.0167 
69.0000 1.1187 0.0625 9.0000 0.0195 
70.0000 1.1216 0.1265 12.0000 0.0119 
71.0000 1.1270 0.1216 11.0000 0.0191 
72.0000 1.1308 0.1205 11.0000 0.0246 
73.0000 1.1364 0.1209 11.0000 0.0160 
74.0000 1.1282 0.1010 9.0000 0.0237 
76.0000 1.1484 0.1290 11.0000 0.0180 
76.0000 1.1484 0.0327 4.0000 0.0132 
77.0000 1.1527 0.1388 12.0000 0.0169 
79.0000 1.1695 0.1111 9.0000 0.0201 
79.0000 1.1695 0.0373 5.0000 0.0159 
80.0000 1.1763 0.1267 14.0000 0.0066 
81.0000 1.1732 0.1162 12.0000 0.0135 
82.0000 1.1746 0.1120 13.0000 0.0178 
83.0000 1.1708 0.1085 9.0000 0.0161 
84.0000 1.1527 0.0948 11.0000 0.0148 
85.0000 1.1582 0.0890 12.0000 0.0151 
86.0000 1.1587 0.1047 10.0000 0.0164 
87.0000 1.1598 0.1163 13.0000 0.0100 
88.0000 1.1666 0.0387 9.0000 0.0153 
89.0000 1.1614 0.1119 9.0000 0.0202 
90.0000 1.1488 0.1072 10.0000 0.0156 
91.0000 1.1455 0.0903 12.0000 0.0132 
92.0000 1.1509 0.1003 12.0000 0.0124 
93.0000 1.1596 0.1041 8.0000 0.0148 
94.0000 1.1615 0.0664 8.0000 0.0121 
95.0000 1.1342 0.1173 11.0000 0.0143 
96.0000 1.1274 0.1817 11.0000 0.0210 
97.0000 1.1370 0.1570 13.0000 0.0149 
98.0000 1.1348 0.1449 13.0000 0.0181 
99.0000 1.1386 0.0996 9.0000 0.0139 
100.0000 1.1409 0.1059 13.0000 0.0143 
102.0000 1.1506 0.0984 10.0000 0.0150 
102.0000 1.1506 0.0245 4.0000 0.0139 
103.0000 1.1506 0.1270 10.0000 0.0163 
104.0000 1.1581 0.1010 11.0000 0.0168 
105.0000 1.1572 0.1110 12.0000 0.0115 
106.0000 1.1508 0.0616 12.0000 0.0127 
107.0000 1.1536 0.1344 13.0000 0.0138 
108.0000 1.1519 0.1291 12.0000 0.0165 
109.0000 1.1576 0.1163 13.0000 0.0135 
110.0000 1.1630 0.1149 7.0000 0.0179 
112.0000 1.1680 0.1009 9.0000 0.0134 
112.0000 1.1680 0.0106 3.0000 0.0084 
114.0000 1.1757 0.1182 12.0000 0.0170 
114.0000 1.1757 0.0230 3.0000 0.0160 
115.0000 1.1717 0.1408 11.0000 0.0171 
116.0000 1.1775 0.1025 12.0000 0.0128 
117.0000 1.1792 0.1194 10.0000 0.0202 
118.0000 1.1759 0.1118 14.0000 0.0134 
119.0000 1.1825 0.1041 11.0000 0.0178 
120.0000 1.1799 0.0887 12.0000 0.0123 
121.0000 1.1689 0.0763 11.0000 0.0172 
122.0000 1.1734 0.1227 11.0000 0.0192 
123.0000 1.1429 0.1368 12.0000 0.0136 
124.0000 1.1381 0.0820 11.0000 0.0157 
125.0000 1.1441 0.1089 11.0000 0.0117 
126.0000 1.1269 0.0895 10.0000 0.0168 
127.0000 1.1294 0.0900 10.0000 0.0188 
128.0000 1.1285 0.1009 11.0000 0.0123 
129.0000 1.1294 0.1471 11.0000 0.0182 
130.0000 1.1355 0.0867 14.0000 0.0142 
131.0000 1.1311 0.1008 8.0000 0.0226 
132.0000 1.1318 0.0832 11.0000 0.0135 
133.0000 1.1234 0.1266 12.0000 0.0182 
134.0000 1.1244 0.1346 13.0000 0.0161 
135.0000 1.1272 0.0733 11.0000 0.0161 
136.0000 1.1285 0.0389 13.0000 0.0126 
137.0000 1.1283 0.1065 12.0000 0.0132 
138.0000 1.1199 0.1016 10.0000 0.0189 
139.0000 1.1150 0.1051 11.0000 0.0135 
140.0000 1.1093 0.1237 13.0000 0.0118 
141.0000 1.1043 0.1279 14.0000 0.0155 
142.0000 1.0966 0.1178 11.0000 0.0173 
143.0000 1.0875 0.0913 11.0000 0.0170 
144.0000 1.0887 0.1301 11.0000 0.0192 
145.0000 1.0870 0.1144 12.0000 0.0119 
146.0000 1.0868 0.0654 11.0000 0.0166 
147.0000 1.0811 0.1265 12.0000 0.0184 
148.0000 1.0770 0.1321 11.0000 0.0210 
149.0000 1.0652 0.0768 13.0000 0.0130 
150.0000 1.0637 0.1144 11.0000 0.0175 
151.0000 1.0657 0.1081 12.0000 0.0140 
152.0000 1.0683 0.1045 12.0000 0.0125 
153.0000 1.0714 0.0719 12.0000 0.0098 
154.0000 1.0669 0.1173 10.0000 0.0181 
155.0000 1.0549 0.0701 11.0000 0.0150 
156.0000 1.0507 0.1243 14.0000 0.0133 
157.0000 1.0554 0.0805 11.0000 0.0209 
158.0000 1.0546 0.0947 10.0000 0.0184 
159.0000 1.0504 0.0676 9.0000 0.0149 
160.0000 1.0456 0.0183 9.0000 0.0116 
161.0000 1.0311 0.1213 11.0000 0.0173 
163.0000 1.0372 0.0751 10.0000 0.0178 
163.0000 1.0372 0.0388 4.0000 0.0185 
164.0000 1.0373 0.0974 12.0000 0.0128 
165.0000 1.0392 0.0554 7.0000 0.0148 
166.0000 1.0419 0.0648 9.0000 0.0199 