
1.0000 4.0000 0.1129 11.0000 0.0106 
3.0000 4.8387 0.0568 5.0000 0.0175 
3.0000 4.8387 0.0446 5.0000 0.0146 
5.0000 5.1020 0.0857 7.0000 0.0131 
5.0000 5.1020 0.0252 3.0000 0.0092 
6.0000 3.1746 0.0718 8.0000 0.0127 
7.0000 2.6820 0.0779 8.0000 0.0144 
9.0000 3.0100 0.0307 4.0000 0.0140 
9.0000 3.0100 0.0794 6.0000 0.0189 
10.0000 2.6738 0.2075 11.0000 0.0337 
11.0000 2.7027 0.2012 14.0000 0.0246 
12.0000 1.5666 0.0897 11.0000 0.0116 
13.0000 1.5625 0.1085 9.0000 0.0143 
15.0000 1.5576 0.2144 11.0000 0.0277 
15.0000 1.5576 0.1387 12.0000 0.0135 
16.0000 1.6016 0.1157 11.0000 0.0230 
17.0000 1.5179 0.2189 14.0000 0.0191 
18.0000 1.5398 0.2282 16.0000 0.0204 
19.0000 1.6143 0.0501 6.0000 0.0164 
20.0000 1.6000 0.0737 11.0000 0.0136 
21.0000 1.6018 0.0645 11.0000 0.0075 
22.0000 1.4618 0.1400 11.0000 0.0201 
24.0000 1.5394 0.1147 10.0000 0.0169 
24.0000 1.5394 0.0131 3.0000 0.0087 
25.0000 1.4863 0.0762 9.0000 0.0165 
27.0000 1.4876 0.0923 7.0000 0.0179 
27.0000 1.4876 0.0258 5.0000 0.0110 
29.0000 1.5508 0.0626 8.0000 0.0145 
29.0000 1.5508 0.0479 5.0000 0.0144 
30.0000 1.4837 0.0593 10.0000 0.0090 
31.0000 1.4445 0.1281 11.0000 0.0249 
32.0000 1.3871 0.0664 10.0000 0.0090 
34.0000 1.3827 0.0527 7.0000 0.0131 
34.0000 1.3827 0.0313 3.0000 0.0149 
35.0000 1.3839 0.0734 19.0000 0.0258 
36.0000 1.3900 0.0641 9.0000 0.0119 
37.0000 1.3406 0.1496 12.0000 0.0208 
38.0000 1.3005 0.1441 11.0000 0.0256 
39.0000 1.3131 0.1143 19.0000 0.0126 
40.0000 1.3085 0.0529 10.0000 0.0177 
41.0000 1.3045 0.0367 10.0000 0.0059 
43.0000 1.3162 0.0534 4.0000 0.0160 
43.0000 1.3162 0.0420 4.0000 0.0172 
44.0000 1.3185 0.0437 8.0000 0.0084 
46.0000 1.3147 0.0390 7.0000 0.0180 
46.0000 1.3147 0.0275 4.0000 0.0115 
47.0000 1.3121 0.0578 10.0000 0.0127 
49.0000 1.2922 0.0722 7.0000 0.0148 
49.0000 1.2922 0.0602 8.0000 0.0111 
50.0000 1.2863 0.0859 11.0000 0.0169 
51.0000 1.2712 0.0930 13.0000 0.0116 
52.0000 1.2585 0.1623 14.0000 0.0160 
53.0000 1.2092 0.0791 10.0000 0.0176 
54.0000 1.2124 0.0811 15.0000 0.0120 
55.0000 1.2101 0.0915 14.0000 0.0019 
56.0000 1.2208 0.0616 10.0000 0.0089 
57.0000 1.2219 0.0912 12.0000 0.0108 
58.0000 1.2286 0.0864 12.0000 0.0102 
59.0000 1.2317 0.0462 11.0000 0.0136 
60.0000 1.2185 0.0508 12.0000 0.0127 
61.0000 1.2234 0.0710 11.0000 0.0142 
62.0000 1.2205 0.0695 13.0000 0.0098 
64.0000 1.2396 0.0185 3.0000 0.0049 
64.0000 1.2396 0.0517 5.0000 0.0179 
65.0000 1.2466 0.0602 10.0000 0.0105 
66.0000 1.2376 0.0159 10.0000 0.0145 
67.0000 1.1920 0.0474 11.0000 0.0062 
68.0000 1.1915 0.0940 12.0000 0.0082 
69.0000 1.1821 0.1534 11.0000 0.0189 
70.0000 1.1741 0.1683 12.0000 0.0212 
71.0000 1.1751 0.2378 14.0000 0.0279 
72.0000 1.1796 0.1856 9.0000 0.0241 
73.0000 1.1820 0.2054 11.0000 0.0259 
74.0000 1.1870 0.1898 13.0000 0.0178 
75.0000 1.1929 0.2396 11.0000 0.0296 
76.0000 1.2010 0.1854 11.0000 0.0233 
77.0000 1.1929 0.1931 13.0000 0.0223 
78.0000 1.1745 0.1856 12.0000 0.0214 
79.0000 1.1567 0.2012 14.0000 0.0205 
80.0000 1.1653 0.1905 16.0000 0.0241 
81.0000 1.1743 0.1806 16.0000 0.0184 
82.0000 1.1800 0.2016 12.0000 0.0274 
83.0000 1.1586 0.1713 10.0000 0.0328 
84.0000 1.1670 0.1982 11.0000 0.0341 
85.0000 1.1748 0.1801 12.0000 0.0365 
86.0000 1.1755 0.1992 13.0000 0.0258 
87.0000 1.1757 0.1570 9.0000 0.0240 
88.0000 1.1660 0.1689 13.0000 0.0201 
89.0000 1.1718 0.1748 12.0000 0.0280 
90.0000 1.1728 0.1905 10.0000 0.0229 
91.0000 1.1803 0.1816 11.0000 0.0273 
92.0000 1.1833 0.1883 14.0000 0.0221 
93.0000 1.1757 0.2063 13.0000 0.0248 
94.0000 1.1828 0.1560 13.0000 0.0257 
95.0000 1.1828 0.2017 14.0000 0.0241 
96.0000 1.1846 0.1636 12.0000 0.0189 
97.0000 1.1912 0.2072 14.0000 0.0232 
98.0000 1.1976 0.1744 13.0000 0.0197 
99.0000 1.2036 0.2059 13.0000 0.0242 
100.0000 1.2115 0.1367 11.0000 0.0232 
101.0000 1.1977 0.0811 10.0000 0.0168 
102.0000 1.1927 0.0672 8.0000 0.0153 
103.0000 1.1925 0.0450 9.0000 0.0163 
104.0000 1.1783 0.0663 12.0000 0.0174 
105.0000 1.1687 0.0939 11.0000 0.0104 
106.0000 1.1756 0.0847 11.0000 0.0144 
107.0000 1.1789 0.0845 12.0000 0.0176 
108.0000 1.1829 0.1832 12.0000 0.0246 
109.0000 1.1841 0.1818 14.0000 0.0189 
110.0000 1.1866 0.1821 11.0000 0.0188 
111.0000 1.1565 0.0337 6.0000 0.0108 
113.0000 1.1398 0.0368 8.0000 0.0179 
113.0000 1.1398 0.0443 4.0000 0.0169 
114.0000 1.1342 0.1520 13.0000 0.0172 
115.0000 1.1409 0.1886 14.0000 0.0123 
116.0000 1.1376 0.0572 9.0000 0.0128 
117.0000 1.1324 0.2105 12.0000 0.0277 
118.0000 1.1116 0.1159 11.0000 0.0155 
120.0000 1.1270 0.1031 10.0000 0.0110 
120.0000 1.1270 0.0298 3.0000 0.0261 
122.0000 1.1302 0.0629 4.0000 0.0259 
122.0000 1.1302 0.0647 9.0000 0.0097 
123.0000 1.1088 0.0210 9.0000 0.0307 
125.0000 1.1179 0.0610 7.0000 0.0152 
125.0000 1.1179 0.0238 4.0000 0.0053 
126.0000 1.1214 0.0934 12.0000 0.0109 
128.0000 1.1370 0.0782 8.0000 0.0173 
128.0000 1.1370 0.0422 3.0000 0.0215 
130.0000 1.1455 0.0764 9.0000 0.0123 
130.0000 1.1455 0.0137 3.0000 0.0090 
131.0000 1.1121 0.1051 12.0000 0.0162 
132.0000 1.1128 0.1190 12.0000 0.0121 
133.0000 1.1148 0.1166 12.0000 0.0151 
135.0000 1.1257 0.1514 12.0000 0.0218 
135.0000 1.1257 0.0261 3.0000 0.0174 
136.0000 1.1188 0.1784 20.0000 0.0219 
137.0000 1.1200 0.2077 13.0000 0.0241 
138.0000 1.1203 0.2265 11.0000 0.0328 
139.0000 1.1202 0.2255 10.0000 0.0444 
140.0000 1.1204 0.0727 9.0000 0.0178 
141.0000 1.1112 0.1052 12.0000 0.0088 
144.0000 1.1287 0.0794 4.0000 0.0371 
144.0000 1.1287 0.0299 4.0000 0.0146 
144.0000 1.1287 0.0387 4.0000 0.0162 
145.0000 1.1328 0.0962 11.0000 0.0141 
147.0000 1.1124 0.0476 8.0000 0.0209 
147.0000 1.1124 0.0427 5.0000 0.0144 
148.0000 1.1152 0.0678 10.0000 0.0147 
150.0000 1.1259 0.0529 5.0000 0.0195 
150.0000 1.1259 0.0390 4.0000 0.0205 
151.0000 1.1114 0.0359 7.0000 0.0077 
152.0000 1.1157 0.1006 11.0000 0.0142 
153.0000 1.1024 0.1514 12.0000 0.0228 
154.0000 1.1010 0.1563 10.0000 0.0243 
156.0000 1.1083 0.1539 22.0000 0.0101 
156.0000 1.1083 0.1523 13.0000 0.0214 
157.0000 1.1112 0.1342 12.0000 0.0247 
158.0000 1.1113 0.1730 13.0000 0.0180 
159.0000 1.1138 0.2081 14.0000 0.0229 
160.0000 1.0858 0.0878 12.0000 0.0118 
161.0000 1.0625 0.1816 16.0000 0.0166 
162.0000 1.0602 0.0022 8.0000 0.0198 
163.0000 1.0575 0.0969 11.0000 0.0102 
164.0000 1.0620 0.0618 9.0000 0.0192 
166.0000 1.0728 0.1001 10.0000 0.0225 
166.0000 1.0728 0.0334 4.0000 0.0094 
168.0000 1.0808 0.0575 11.0000 0.0066 
168.0000 1.0808 0.0099 3.0000 0.0052 
169.0000 1.0806 0.1165 13.0000 0.0099 
170.0000 1.0819 0.1011 12.0000 0.0110 
172.0000 1.0923 0.0511 8.0000 0.0167 
172.0000 1.0923 0.0191 4.0000 0.0096 
174.0000 1.0937 0.0078 11.0000 0.0169 
174.0000 1.0937 0.0258 3.0000 0.0162 
176.0000 1.1015 0.0543 7.0000 0.0160 
176.0000 1.1015 0.0349 6.0000 0.0109 
178.0000 1.1063 0.0646 7.0000 0.0108 
178.0000 1.1063 0.0245 4.0000 0.0068 
179.0000 1.1108 0.0123 12.0000 0.0097 
180.0000 1.0966 0.0598 11.0000 0.0104 
181.0000 1.0998 0.0519 11.0000 0.0104 
183.0000 1.1094 0.0271 6.0000 0.0276 
183.0000 1.1094 0.0311 5.0000 0.0112 
184.0000 1.1069 0.1271 11.0000 0.0121 
185.0000 1.1080 0.1109 13.0000 0.0252 
186.0000 1.1089 0.0498 8.0000 0.0138 
187.0000 1.1132 0.0975 12.0000 0.0097 
188.0000 1.1108 0.0760 10.0000 0.0199 
189.0000 1.1050 0.0697 10.0000 0.0133 
191.0000 1.1044 0.0403 4.0000 0.0149 
191.0000 1.1044 0.0242 3.0000 0.0148 
193.0000 1.1107 0.0393 8.0000 0.0118 
193.0000 1.1107 0.0287 3.0000 0.0199 
195.0000 1.1069 0.0372 4.0000 0.0145 
195.0000 1.1069 0.0211 4.0000 0.0085 