
2.0000 0.6993 0.1155 6.0000 0.0564 
2.0000 0.6993 0.0966 8.0000 0.0240 
4.0000 0.5814 0.0898 33.0000 0.0382 
4.0000 0.5814 0.0723 13.0000 0.0369 
5.0000 0.5612 0.0509 10.0000 0.0075 
6.0000 0.6329 0.0833 6.0000 0.0199 
7.0000 0.7049 0.0324 8.0000 0.0380 
8.0000 0.7526 0.0761 7.0000 0.0554 
9.0000 0.5545 0.0336 7.0000 0.0522 
11.0000 0.6201 0.0603 4.0000 0.0221 
11.0000 0.6201 0.0391 5.0000 0.0172 
12.0000 0.4983 0.0918 10.0000 0.0571 
13.0000 0.4981 0.1224 5.0000 0.0524 
14.0000 0.5047 0.0900 8.0000 0.0359 
16.0000 0.5680 0.1880 9.0000 0.0313 
16.0000 0.5680 0.0641 3.0000 0.0250 
17.0000 0.5959 0.1172 5.0000 0.0410 
18.0000 0.5595 0.1474 7.0000 0.0606 
19.0000 0.5413 0.1012 7.0000 0.0418 
21.0000 0.5298 0.1432 4.0000 0.0926 
21.0000 0.5298 0.0530 4.0000 0.0087 
24.0000 0.5786 0.1645 16.0000 0.0341 
24.0000 0.5786 0.1981 21.0000 0.0391 
24.0000 0.5786 0.1403 5.0000 0.0427 
27.0000 0.6409 0.0822 20.0000 0.0268 
27.0000 0.6409 0.0615 7.0000 0.0073 
27.0000 0.6409 0.0337 5.0000 0.0105 
28.0000 0.4943 0.0233 6.0000 0.0283 
29.0000 0.5033 0.0509 5.0000 0.0188 
31.0000 0.4938 0.0992 5.0000 0.0423 
31.0000 0.4938 0.1442 3.0000 0.0755 
34.0000 0.5250 0.0312 4.0000 0.0454 
34.0000 0.5250 0.1342 4.0000 0.0747 
34.0000 0.5250 0.0653 3.0000 0.0228 
36.0000 0.5361 0.0652 4.0000 0.0312 
36.0000 0.5361 0.0556 4.0000 0.0286 
37.0000 0.5343 0.1305 9.0000 0.0131 
39.0000 0.5445 0.1251 7.0000 0.0199 
39.0000 0.5445 0.1094 3.0000 0.0594 
40.0000 0.5431 0.0114 7.0000 0.0677 
41.0000 0.5552 0.0894 7.0000 0.0461 
42.0000 0.5567 0.0643 10.0000 0.0452 
43.0000 0.5690 0.1186 8.0000 0.0236 
45.0000 0.5941 0.1257 7.0000 0.0245 
45.0000 0.5941 0.1146 7.0000 0.0593 
46.0000 0.6008 0.0649 7.0000 0.0348 
47.0000 0.6050 0.0502 4.0000 0.0222 
48.0000 0.6171 0.0889 4.0000 0.0164 
50.0000 0.6244 0.0839 7.0000 0.0479 
50.0000 0.6244 0.1013 5.0000 0.0251 
52.0000 0.6177 0.0335 5.0000 0.0404 
52.0000 0.6177 0.0664 5.0000 0.0189 
53.0000 0.6059 0.0656 12.0000 0.0235 
55.0000 0.5940 0.1230 5.0000 0.0390 
55.0000 0.5940 0.0451 3.0000 0.0041 
56.0000 0.6038 0.1295 9.0000 0.0196 
59.0000 0.5880 0.1334 5.0000 0.0577 
59.0000 0.5880 0.0999 8.0000 0.0302 
59.0000 0.5880 0.0455 3.0000 0.0219 
61.0000 0.5949 0.1064 9.0000 0.0229 
61.0000 0.5949 0.0783 4.0000 0.0359 
62.0000 0.5527 0.1339 9.0000 0.0751 
63.0000 0.5513 0.0851 8.0000 0.0277 
64.0000 0.5432 0.1114 7.0000 0.0350 
65.0000 0.5428 0.1700 4.0000 0.0574 
66.0000 0.5413 0.0688 4.0000 0.0191 
67.0000 0.5366 0.0608 4.0000 0.0298 
70.0000 0.5554 0.1186 3.0000 0.0627 
70.0000 0.5554 0.1465 4.0000 0.0823 
70.0000 0.5554 0.0716 5.0000 0.0217 
71.0000 0.5615 0.0564 5.0000 0.0131 
73.0000 0.5743 0.0096 5.0000 0.0481 
73.0000 0.5743 0.1947 4.0000 0.0727 
75.0000 0.5882 0.2797 5.0000 0.0898 
75.0000 0.5882 0.2734 5.0000 0.0859 
76.0000 0.5948 0.1353 7.0000 0.0260 
77.0000 0.6018 0.1031 8.0000 0.0206 
78.0000 0.6081 0.1111 12.0000 0.0228 
80.0000 0.6209 0.1247 7.0000 0.0382 
80.0000 0.6209 0.0431 5.0000 0.0196 
81.0000 0.6209 0.0982 16.0000 0.0216 
83.0000 0.6131 0.1427 6.0000 0.0384 
83.0000 0.6131 0.0617 3.0000 0.0268 
85.0000 0.6110 0.1775 8.0000 0.0546 
85.0000 0.6110 0.0457 3.0000 0.0220 
88.0000 0.6287 0.1847 4.0000 0.0786 
88.0000 0.6287 0.1254 5.0000 0.0559 
88.0000 0.6287 0.0995 6.0000 0.0237 
89.0000 0.6151 0.1205 5.0000 0.0740 
90.0000 0.6159 0.0404 3.0000 0.0279 
91.0000 0.6198 0.0665 6.0000 0.0230 
92.0000 0.6228 0.1285 9.0000 0.0216 
93.0000 0.6280 0.1430 10.0000 0.0220 
94.0000 0.6333 0.1544 7.0000 0.0305 
95.0000 0.6391 0.1784 9.0000 0.0326 
96.0000 0.6452 0.2014 10.0000 0.0254 
97.0000 0.6501 0.1134 8.0000 0.0247 
98.0000 0.6449 0.1000 7.0000 0.0214 
99.0000 0.6511 0.0513 5.0000 0.0183 
100.0000 0.6563 0.1698 8.0000 0.0256 
101.0000 0.6573 0.1411 8.0000 0.0452 
102.0000 0.5987 0.0620 11.0000 0.0195 
103.0000 0.5908 0.0447 5.0000 0.0091 