
1.0000 1.1765 0.1452 10.0000 0.0186 
2.0000 1.3072 0.1793 11.0000 0.0260 
3.0000 1.7647 0.1212 9.0000 0.0361 
4.0000 1.7316 0.1519 7.0000 0.0399 
5.0000 2.0408 0.1833 10.0000 0.0287 
6.0000 2.3166 0.1019 8.0000 0.0282 
7.0000 2.3102 0.1688 11.0000 0.0198 
8.0000 2.2039 0.1358 8.0000 0.0237 
9.0000 1.9608 0.1889 12.0000 0.0215 
10.0000 2.0790 0.1297 9.0000 0.0326 
11.0000 2.0522 0.1456 8.0000 0.0312 
12.0000 1.9900 0.1502 11.0000 0.0250 
13.0000 2.0408 0.1906 11.0000 0.0344 
14.0000 2.1277 0.1667 10.0000 0.0252 
15.0000 2.2026 0.1345 9.0000 0.0239 
16.0000 2.2378 0.1561 11.0000 0.0197 
17.0000 2.2368 0.1657 10.0000 0.0224 
18.0000 2.0666 0.1116 8.0000 0.0172 
19.0000 2.1445 0.1614 10.0000 0.0271 
20.0000 2.1622 0.1561 10.0000 0.0273 
21.0000 2.2152 0.1894 10.0000 0.0250 
22.0000 2.2774 0.1918 13.0000 0.0262 
23.0000 2.2863 0.1529 11.0000 0.0207 
24.0000 2.3506 0.1759 10.0000 0.0290 
25.0000 2.3969 0.1635 12.0000 0.0205 
26.0000 2.4141 0.1650 12.0000 0.0206 
27.0000 2.4172 0.1842 11.0000 0.0246 
28.0000 2.4348 0.1483 7.0000 0.0280 
29.0000 2.4576 0.1730 12.0000 0.0209 
30.0000 2.4814 0.1641 10.0000 0.0259 
31.0000 2.5162 0.1843 12.0000 0.0227 
32.0000 2.5337 0.1928 11.0000 0.0304 
33.0000 2.5542 0.1811 11.0000 0.0281 
34.0000 2.5583 0.2023 12.0000 0.0270 
35.0000 2.5054 0.1835 10.0000 0.0221 
36.0000 2.4557 0.1628 11.0000 0.0257 
37.0000 2.4487 0.1527 8.0000 0.0344 
39.0000 2.5275 0.1683 10.0000 0.0273 
39.0000 2.5275 0.1430 13.0000 0.0165 
40.0000 2.5575 0.1618 12.0000 0.0200 
41.0000 2.5356 0.1622 10.0000 0.0270 
42.0000 2.5625 0.1359 9.0000 0.0237 
43.0000 2.5904 0.1601 12.0000 0.0226 
44.0000 2.5852 0.1503 10.0000 0.0213 
45.0000 2.6193 0.1352 11.0000 0.0143 
46.0000 2.5386 0.0801 7.0000 0.0200 
47.0000 2.5711 0.0873 8.0000 0.0227 
48.0000 2.5737 0.1606 10.0000 0.0301 
49.0000 2.5668 0.1254 12.0000 0.0128 
51.0000 2.6020 0.0915 8.0000 0.0191 
51.0000 2.6020 0.0460 3.0000 0.0232 
52.0000 2.5987 0.1164 11.0000 0.0129 
53.0000 2.5904 0.1720 10.0000 0.0260 
54.0000 2.6049 0.1687 10.0000 0.0236 
55.0000 2.6203 0.1678 9.0000 0.0288 
56.0000 2.6415 0.1732 11.0000 0.0245 
57.0000 2.6475 0.1545 11.0000 0.0226 
58.0000 2.6691 0.1042 9.0000 0.0154 
59.0000 2.6745 0.1588 12.0000 0.0185 
60.0000 2.6978 0.1429 9.0000 0.0244 
61.0000 2.7063 0.1512 12.0000 0.0163 
62.0000 2.7205 0.1326 10.0000 0.0252 
63.0000 2.7439 0.1445 12.0000 0.0178 
64.0000 2.7682 0.1570 10.0000 0.0230 
65.0000 2.7671 0.1231 10.0000 0.0214 
66.0000 2.7754 0.1390 10.0000 0.0178 
67.0000 2.8033 0.1326 8.0000 0.0268 
68.0000 2.8286 0.0989 8.0000 0.0237 
69.0000 2.8430 0.1505 11.0000 0.0214 
70.0000 2.7822 0.1683 11.0000 0.0169 
71.0000 2.7616 0.1315 13.0000 0.0141 
72.0000 2.7586 0.1244 10.0000 0.0171 
73.0000 2.7578 0.1365 8.0000 0.0345 
74.0000 2.7820 0.1379 10.0000 0.0236 
75.0000 2.7788 0.1561 11.0000 0.0210 
76.0000 2.7687 0.1538 11.0000 0.0221 
77.0000 2.7618 0.1176 10.0000 0.0170 
78.0000 2.7149 0.1737 9.0000 0.0315 
79.0000 2.7138 0.1737 14.0000 0.0205 
80.0000 2.7211 0.1618 8.0000 0.0267 
81.0000 2.7136 0.1995 10.0000 0.0312 
82.0000 2.6511 0.1908 13.0000 0.0246 
83.0000 2.6258 0.1409 9.0000 0.0300 
84.0000 2.6152 0.1621 13.0000 0.0193 
85.0000 2.6122 0.1715 10.0000 0.0299 
86.0000 2.6228 0.1816 10.0000 0.0270 
87.0000 2.6244 0.1940 10.0000 0.0307 
88.0000 2.6403 0.1832 12.0000 0.0192 
89.0000 2.6409 0.1825 10.0000 0.0250 
90.0000 2.6486 0.1577 9.0000 0.0278 
91.0000 2.6392 0.1779 10.0000 0.0275 
92.0000 2.6452 0.1816 11.0000 0.0253 
93.0000 2.6435 0.1717 8.0000 0.0341 
94.0000 2.6561 0.2049 12.0000 0.0251 
95.0000 2.6655 0.1722 8.0000 0.0352 
96.0000 2.6756 0.1718 11.0000 0.0237 
97.0000 2.6714 0.1676 7.0000 0.0347 
98.0000 2.6769 0.1842 10.0000 0.0290 
99.0000 2.6591 0.1715 10.0000 0.0268 
100.0000 2.6674 0.1640 11.0000 0.0224 
101.0000 2.6698 0.1737 11.0000 0.0210 
102.0000 2.6702 0.1879 12.0000 0.0202 
103.0000 2.6795 0.1749 11.0000 0.0214 
104.0000 2.6936 0.1784 11.0000 0.0240 
105.0000 2.6992 0.1832 12.0000 0.0236 
106.0000 2.7089 0.1734 11.0000 0.0308 
107.0000 2.7082 0.1928 14.0000 0.0227 
108.0000 2.7225 0.1800 10.0000 0.0296 
109.0000 2.7202 0.1812 8.0000 0.0311 
111.0000 2.7333 0.1908 9.0000 0.0298 
111.0000 2.7333 0.2016 11.0000 0.0277 
112.0000 2.7370 0.1829 9.0000 0.0285 
113.0000 2.7255 0.1731 11.0000 0.0262 
114.0000 2.7253 0.1696 11.0000 0.0210 
115.0000 2.7219 0.1720 11.0000 0.0191 
116.0000 2.7128 0.1900 10.0000 0.0294 
117.0000 2.7090 0.1719 10.0000 0.0224 
118.0000 2.7176 0.1683 12.0000 0.0230 
119.0000 2.6887 0.1794 10.0000 0.0250 
120.0000 2.6942 0.1758 10.0000 0.0258 
121.0000 2.6997 0.1696 10.0000 0.0290 
122.0000 2.6961 0.1553 10.0000 0.0230 
123.0000 2.6991 0.1703 9.0000 0.0320 
124.0000 2.7074 0.1643 9.0000 0.0257 
125.0000 2.6980 0.1361 10.0000 0.0240 
126.0000 2.6752 0.1441 10.0000 0.0190 
127.0000 2.6771 0.1331 12.0000 0.0168 
128.0000 2.6840 0.1413 10.0000 0.0216 
129.0000 2.6714 0.1623 13.0000 0.0183 
130.0000 2.6667 0.1634 11.0000 0.0218 
131.0000 2.6735 0.1738 10.0000 0.0260 
132.0000 2.6829 0.1557 10.0000 0.0193 
133.0000 2.6858 0.1641 9.0000 0.0308 
134.0000 2.6811 0.1574 11.0000 0.0194 
135.0000 2.6786 0.1550 12.0000 0.0194 
136.0000 2.6787 0.1504 11.0000 0.0234 
137.0000 2.6674 0.1727 12.0000 0.0212 
139.0000 2.6562 0.1636 12.0000 0.0244 
139.0000 2.6562 0.1661 9.0000 0.0290 
140.0000 2.6641 0.1443 12.0000 0.0149 
141.0000 2.6237 0.0915 8.0000 0.0188 
142.0000 2.6360 0.1499 9.0000 0.0224 
143.0000 2.6481 0.1387 8.0000 0.0273 
144.0000 2.6588 0.1677 9.0000 0.0310 
145.0000 2.6640 0.1701 8.0000 0.0319 
146.0000 2.6667 0.1636 12.0000 0.0172 
147.0000 2.6616 0.1573 11.0000 0.0275 
148.0000 2.6490 0.1645 13.0000 0.0176 
149.0000 2.6517 0.1548 9.0000 0.0247 
150.0000 2.6530 0.1707 9.0000 0.0269 
151.0000 2.6627 0.1555 9.0000 0.0341 
152.0000 2.6564 0.1724 11.0000 0.0242 
153.0000 2.6581 0.1660 11.0000 0.0203 
154.0000 2.6515 0.1609 11.0000 0.0215 
155.0000 2.6614 0.1385 8.0000 0.0204 
156.0000 2.6626 0.1623 10.0000 0.0248 
157.0000 2.6391 0.1533 10.0000 0.0212 
158.0000 2.6488 0.1791 11.0000 0.0240 
159.0000 2.6412 0.1727 9.0000 0.0348 
160.0000 2.6424 0.1726 10.0000 0.0288 
161.0000 2.6502 0.1612 11.0000 0.0245 
162.0000 2.6570 0.1254 8.0000 0.0175 
163.0000 2.6651 0.1680 10.0000 0.0250 
164.0000 2.6572 0.1556 11.0000 0.0182 
165.0000 2.6553 0.1548 12.0000 0.0236 
166.0000 2.6488 0.1492 11.0000 0.0190 
167.0000 2.6441 0.1428 11.0000 0.0162 
168.0000 2.6440 0.1585 12.0000 0.0240 
169.0000 2.6402 0.1509 9.0000 0.0273 
170.0000 2.6377 0.1383 11.0000 0.0162 
171.0000 2.6107 0.1541 10.0000 0.0194 
172.0000 2.5994 0.1352 8.0000 0.0229 
173.0000 2.5879 0.1580 12.0000 0.0172 
174.0000 2.5694 0.1234 11.0000 0.0165 
175.0000 2.5758 0.1637 11.0000 0.0219 
176.0000 2.5574 0.1605 10.0000 0.0242 
177.0000 2.5376 0.1268 8.0000 0.0288 
178.0000 2.5374 0.1105 12.0000 0.0162 
179.0000 2.5433 0.1273 10.0000 0.0181 
180.0000 2.5366 0.1338 12.0000 0.0171 
181.0000 2.5269 0.1168 11.0000 0.0157 
183.0000 2.5332 0.1101 8.0000 0.0141 
183.0000 2.5332 0.0150 3.0000 0.0104 
184.0000 2.5316 0.1044 8.0000 0.0324 
185.0000 2.5318 0.1646 11.0000 0.0218 
186.0000 2.5220 0.1221 10.0000 0.0231 
188.0000 2.5416 0.1224 7.0000 0.0238 
188.0000 2.5416 0.0292 5.0000 0.0121 
189.0000 2.5468 0.1282 8.0000 0.0288 
190.0000 2.5296 0.1416 8.0000 0.0262 
191.0000 2.5295 0.2051 11.0000 0.0258 
192.0000 2.5203 0.1256 11.0000 0.0201 
193.0000 2.5275 0.1562 9.0000 0.0360 
194.0000 2.5244 0.1716 10.0000 0.0231 
195.0000 2.5165 0.1512 10.0000 0.0267 
196.0000 2.5016 0.1355 12.0000 0.0214 
197.0000 2.5029 0.1396 8.0000 0.0322 
200.0000 2.5154 0.1306 6.0000 0.0341 
200.0000 2.5154 0.1454 11.0000 0.0221 
200.0000 2.5154 0.1808 21.0000 0.0245 
201.0000 2.5147 0.1667 12.0000 0.0201 
202.0000 2.5131 0.1275 9.0000 0.0150 
203.0000 2.5177 0.1631 10.0000 0.0217 
206.0000 2.5398 0.1858 10.0000 0.0291 
206.0000 2.5398 0.1515 9.0000 0.0213 
206.0000 2.5398 0.1660 10.0000 0.0237 
207.0000 2.5430 0.1589 10.0000 0.0246 
208.0000 2.5506 0.1436 9.0000 0.0208 
209.0000 2.5566 0.1633 9.0000 0.0236 
210.0000 2.5616 0.1627 10.0000 0.0254 
211.0000 2.5663 0.1667 11.0000 0.0191 
212.0000 2.5536 0.1537 10.0000 0.0225 
213.0000 2.5512 0.1739 9.0000 0.0255 
214.0000 2.5592 0.1478 8.0000 0.0247 
215.0000 2.5589 0.1703 11.0000 0.0196 
218.0000 2.5741 0.1194 6.0000 0.0218 
218.0000 2.5741 0.1574 10.0000 0.0299 
218.0000 2.5741 0.1490 8.0000 0.0311 
220.0000 2.5852 0.1616 9.0000 0.0266 
220.0000 2.5852 0.0320 3.0000 0.0224 
221.0000 2.5866 0.1900 12.0000 0.0223 
222.0000 2.5919 0.1741 12.0000 0.0206 
223.0000 2.5969 0.1457 11.0000 0.0203 
224.0000 2.6037 0.1701 10.0000 0.0256 
225.0000 2.6009 0.1899 12.0000 0.0234 
228.0000 2.6141 0.1366 8.0000 0.0331 
228.0000 2.6141 0.1584 13.0000 0.0295 
228.0000 2.6141 0.1319 10.0000 0.0252 
229.0000 2.6183 0.1445 12.0000 0.0211 
230.0000 2.6247 0.1750 10.0000 0.0255 
231.0000 2.6247 0.1243 10.0000 0.0150 
232.0000 2.6144 0.1205 11.0000 0.0170 
233.0000 2.6200 0.0719 10.0000 0.0138 
234.0000 2.6201 0.1146 11.0000 0.0125 
235.0000 2.6213 0.0991 8.0000 0.0227 
236.0000 2.6187 0.0899 9.0000 0.0212 
237.0000 2.6153 0.1211 10.0000 0.0163 
238.0000 2.6108 0.1150 9.0000 0.0216 
239.0000 2.5930 0.1276 10.0000 0.0228 
240.0000 2.5999 0.1302 10.0000 0.0173 
241.0000 2.5995 0.1727 10.0000 0.0287 
242.0000 2.6047 0.1700 10.0000 0.0275 
243.0000 2.6042 0.1852 12.0000 0.0220 
244.0000 2.6091 0.1680 13.0000 0.0228 
245.0000 2.6103 0.1900 11.0000 0.0205 
246.0000 2.6023 0.1574 9.0000 0.0215 
247.0000 2.6019 0.1517 8.0000 0.0273 
249.0000 2.5943 0.1346 10.0000 0.0191 
249.0000 2.5943 0.1419 7.0000 0.0436 
250.0000 2.5988 0.1596 12.0000 0.0204 
251.0000 2.6013 0.1317 9.0000 0.0327 
252.0000 2.6004 0.1778 12.0000 0.0290 
253.0000 2.6007 0.1712 9.0000 0.0283 
254.0000 2.6030 0.1587 11.0000 0.0222 
255.0000 2.5983 0.1491 10.0000 0.0231 
256.0000 2.5895 0.1718 10.0000 0.0228 
257.0000 2.5775 0.1539 10.0000 0.0212 
258.0000 2.5834 0.1331 7.0000 0.0292 
259.0000 2.5866 0.1299 9.0000 0.0170 
260.0000 2.5776 0.1140 9.0000 0.0249 
261.0000 2.5811 0.1127 8.0000 0.0160 
262.0000 2.5848 0.0988 11.0000 0.0176 
263.0000 2.5896 0.1206 12.0000 0.0154 
264.0000 2.5867 0.1299 10.0000 0.0233 
266.0000 2.5918 0.1242 9.0000 0.0187 
266.0000 2.5918 0.0244 4.0000 0.0108 
267.0000 2.5937 0.1139 7.0000 0.0263 
268.0000 2.5946 0.1042 11.0000 0.0139 
269.0000 2.5965 0.0549 9.0000 0.0140 
270.0000 2.5937 0.0959 8.0000 0.0185 
271.0000 2.5943 0.1402 12.0000 0.0153 
272.0000 2.5917 0.1285 11.0000 0.0123 
273.0000 2.5655 0.1638 10.0000 0.0238 
274.0000 2.5653 0.1644 11.0000 0.0261 
275.0000 2.5651 0.1499 12.0000 0.0227 
276.0000 2.5643 0.1482 11.0000 0.0238 
277.0000 2.5651 0.1459 8.0000 0.0328 
278.0000 2.5648 0.1719 10.0000 0.0260 
279.0000 2.5695 0.1701 10.0000 0.0205 
280.0000 2.5728 0.1674 11.0000 0.0262 
281.0000 2.5702 0.1571 11.0000 0.0227 
282.0000 2.5520 0.1648 11.0000 0.0239 
283.0000 2.5505 0.1590 11.0000 0.0210 
284.0000 2.5423 0.1456 10.0000 0.0226 
285.0000 2.5421 0.1465 11.0000 0.0171 
286.0000 2.5472 0.1389 8.0000 0.0334 
287.0000 2.5529 0.1690 10.0000 0.0255 
288.0000 2.5589 0.1446 8.0000 0.0304 
290.0000 2.5721 0.1503 9.0000 0.0229 
290.0000 2.5721 0.0258 4.0000 0.0133 
291.0000 2.5754 0.1439 12.0000 0.0192 
292.0000 2.5740 0.1409 10.0000 0.0167 
293.0000 2.5765 0.1287 11.0000 0.0131 
294.0000 2.5601 0.1776 10.0000 0.0241 
295.0000 2.5610 0.1498 8.0000 0.0257 
296.0000 2.5508 0.2075 10.0000 0.0348 
297.0000 2.5356 0.1252 8.0000 0.0262 
298.0000 2.5299 0.1221 10.0000 0.0186 
299.0000 2.5352 0.1564 11.0000 0.0185 
300.0000 2.5398 0.1252 8.0000 0.0296 
301.0000 2.5435 0.1386 9.0000 0.0258 
302.0000 2.5412 0.1463 10.0000 0.0185 
303.0000 2.5356 0.0890 9.0000 0.0181 
304.0000 2.5342 0.1224 8.0000 0.0210 
305.0000 2.5374 0.1440 11.0000 0.0209 
306.0000 2.5424 0.1624 11.0000 0.0238 
307.0000 2.5475 0.1169 8.0000 0.0208 
308.0000 2.5442 0.1262 8.0000 0.0257 
309.0000 2.5413 0.1327 10.0000 0.0205 
310.0000 2.5458 0.1332 8.0000 0.0304 
311.0000 2.5502 0.1337 11.0000 0.0214 
312.0000 2.5549 0.1661 8.0000 0.0298 
313.0000 2.5522 0.1302 7.0000 0.0272 
314.0000 2.5440 0.1674 10.0000 0.0248 
315.0000 2.5475 0.1144 9.0000 0.0233 
316.0000 2.5476 0.1205 10.0000 0.0208 
317.0000 2.5491 0.1434 8.0000 0.0270 
318.0000 2.5420 0.1468 13.0000 0.0145 
319.0000 2.5396 0.1414 9.0000 0.0267 
320.0000 2.5415 0.1633 7.0000 0.0306 
321.0000 2.5470 0.1445 10.0000 0.0170 
322.0000 2.5493 0.0871 8.0000 0.0195 
323.0000 2.5509 0.1572 9.0000 0.0271 
324.0000 2.5534 0.1314 9.0000 0.0242 
325.0000 2.5408 0.1379 12.0000 0.0148 
326.0000 2.5435 0.1400 9.0000 0.0249 
327.0000 2.5418 0.1001 10.0000 0.0163 
328.0000 2.5452 0.0981 7.0000 0.0211 
329.0000 2.5464 0.0728 8.0000 0.0174 
330.0000 2.5410 0.1517 9.0000 0.0297 
331.0000 2.5417 0.1136 11.0000 0.0174 
332.0000 2.5427 0.1156 9.0000 0.0186 
334.0000 2.5531 0.0438 3.0000 0.0136 
334.0000 2.5531 0.1060 7.0000 0.0218 
336.0000 2.5629 0.1394 7.0000 0.0270 
336.0000 2.5629 0.0182 4.0000 0.0095 
337.0000 2.5629 0.1422 11.0000 0.0183 
338.0000 2.5647 0.1458 10.0000 0.0184 
339.0000 2.5658 0.1515 10.0000 0.0202 
340.0000 2.5647 0.1803 11.0000 0.0225 
341.0000 2.5662 0.1442 9.0000 0.0268 
342.0000 2.5678 0.1982 14.0000 0.0196 
343.0000 2.5691 0.1130 8.0000 0.0219 
345.0000 2.5787 0.1418 8.0000 0.0253 
345.0000 2.5787 0.0491 4.0000 0.0211 
347.0000 2.5876 0.1543 7.0000 0.0302 
347.0000 2.5876 0.0527 5.0000 0.0161 
348.0000 2.5920 0.1402 9.0000 0.0215 
349.0000 2.5946 0.1545 7.0000 0.0261 
350.0000 2.5966 0.1554 12.0000 0.0197 
351.0000 2.6002 0.1418 8.0000 0.0291 
352.0000 2.6022 0.1476 9.0000 0.0212 
353.0000 2.6052 0.1622 12.0000 0.0179 
354.0000 2.6052 0.1563 10.0000 0.0213 
355.0000 2.6051 0.1203 10.0000 0.0199 
357.0000 2.6131 0.1236 7.0000 0.0243 
357.0000 2.6131 0.0344 4.0000 0.0148 
358.0000 2.5910 0.1317 12.0000 0.0165 
359.0000 2.5921 0.1414 11.0000 0.0211 
360.0000 2.5716 0.1441 10.0000 0.0256 
361.0000 2.5705 0.1484 9.0000 0.0284 
362.0000 2.5688 0.1416 10.0000 0.0183 
363.0000 2.5694 0.1002 8.0000 0.0277 
364.0000 2.5743 0.1157 7.0000 0.0226 
365.0000 2.5764 0.0961 8.0000 0.0209 
366.0000 2.5699 0.1531 9.0000 0.0257 
367.0000 2.5740 0.1779 11.0000 0.0223 
369.0000 2.5811 0.1658 8.0000 0.0314 
369.0000 2.5811 0.0289 4.0000 0.0153 
370.0000 2.5829 0.1596 11.0000 0.0221 
371.0000 2.5759 0.1707 12.0000 0.0194 
372.0000 2.5600 0.1243 7.0000 0.0255 
373.0000 2.5625 0.0723 8.0000 0.0254 
374.0000 2.5473 0.1360 11.0000 0.0190 
375.0000 2.5510 0.1609 8.0000 0.0287 
376.0000 2.5531 0.1794 11.0000 0.0245 
377.0000 2.5547 0.1544 11.0000 0.0213 
378.0000 2.5560 0.1612 8.0000 0.0270 
379.0000 2.5524 0.1493 10.0000 0.0212 
381.0000 2.5584 0.1016 7.0000 0.0210 
381.0000 2.5584 0.0256 4.0000 0.0127 
382.0000 2.5586 0.1354 10.0000 0.0229 
383.0000 2.5552 0.1586 10.0000 0.0246 
384.0000 2.5518 0.1576 9.0000 0.0281 
385.0000 2.5558 0.1522 11.0000 0.0225 
387.0000 2.5667 0.1061 7.0000 0.0216 
387.0000 2.5667 0.0365 5.0000 0.0139 
388.0000 2.5638 0.1551 12.0000 0.0173 
389.0000 2.5633 0.1440 11.0000 0.0163 
390.0000 2.5629 0.1434 8.0000 0.0328 
391.0000 2.5629 0.1182 11.0000 0.0110 
392.0000 2.5614 0.1135 10.0000 0.0209 
393.0000 2.5653 0.0970 10.0000 0.0190 
394.0000 2.5599 0.1734 10.0000 0.0238 
395.0000 2.5609 0.1595 8.0000 0.0320 
397.0000 2.5586 0.0877 8.0000 0.0190 
397.0000 2.5586 0.0384 3.0000 0.0290 
398.0000 2.5570 0.1523 11.0000 0.0187 
399.0000 2.5580 0.1608 12.0000 0.0182 
401.0000 2.5572 0.1571 8.0000 0.0301 
401.0000 2.5572 0.0335 3.0000 0.0300 
403.0000 2.5623 0.1179 8.0000 0.0297 
403.0000 2.5623 0.0225 3.0000 0.0220 
404.0000 2.5633 0.1578 11.0000 0.0242 
405.0000 2.5570 0.1481 14.0000 0.0207 
406.0000 2.5469 0.1592 9.0000 0.0208 
407.0000 2.5463 0.1283 8.0000 0.0311 
408.0000 2.5438 0.1642 11.0000 0.0197 
409.0000 2.5465 0.1480 12.0000 0.0188 
410.0000 2.5483 0.1607 10.0000 0.0225 
411.0000 2.5468 0.1335 9.0000 0.0253 
412.0000 2.5396 0.1499 8.0000 0.0299 
413.0000 2.5423 0.0942 6.0000 0.0215 
414.0000 2.5466 0.1326 10.0000 0.0194 
415.0000 2.5362 0.1371 8.0000 0.0253 
417.0000 2.5435 0.1367 7.0000 0.0356 
417.0000 2.5435 0.0262 5.0000 0.0111 
418.0000 2.5447 0.1630 9.0000 0.0249 
419.0000 2.5428 0.1882 13.0000 0.0217 
420.0000 2.5414 0.1662 11.0000 0.0173 
421.0000 2.5418 0.1615 10.0000 0.0217 
422.0000 2.5429 0.0820 9.0000 0.0221 
423.0000 2.5372 0.1465 10.0000 0.0277 
424.0000 2.5341 0.1691 11.0000 0.0208 
425.0000 2.5329 0.1692 11.0000 0.0204 
426.0000 2.5360 0.1449 12.0000 0.0209 
427.0000 2.5368 0.1544 8.0000 0.0393 
428.0000 2.5381 0.0949 14.0000 0.0162 
429.0000 2.5328 0.1220 11.0000 0.0052 
430.0000 2.5300 0.1415 10.0000 0.0166 
431.0000 2.5334 0.1624 10.0000 0.0214 
432.0000 2.5368 0.1672 10.0000 0.0197 
433.0000 2.5283 0.1415 8.0000 0.0199 
434.0000 2.5259 0.1347 9.0000 0.0230 
435.0000 2.5294 0.1672 11.0000 0.0206 
436.0000 2.5319 0.1421 11.0000 0.0193 
437.0000 2.5354 0.1596 11.0000 0.0199 
438.0000 2.5380 0.1335 8.0000 0.0266 
439.0000 2.5414 0.1294 8.0000 0.0253 
441.0000 2.5471 0.1370 8.0000 0.0206 
441.0000 2.5471 0.0207 4.0000 0.0126 
442.0000 2.5471 0.1578 8.0000 0.0237 
443.0000 2.5409 0.1576 10.0000 0.0227 
444.0000 2.5409 0.1425 10.0000 0.0201 
445.0000 2.5417 0.1741 11.0000 0.0204 
446.0000 2.5425 0.1334 12.0000 0.0182 
447.0000 2.5396 0.1613 10.0000 0.0230 
448.0000 2.5410 0.1668 10.0000 0.0299 
449.0000 2.5393 0.1412 9.0000 0.0226 
450.0000 2.5385 0.1352 9.0000 0.0258 
451.0000 2.5227 0.1019 10.0000 0.0168 
452.0000 2.5185 0.1164 10.0000 0.0193 
453.0000 2.5219 0.1143 8.0000 0.0214 
454.0000 2.5235 0.0762 8.0000 0.0176 