
1.0000 4.5455 0.0812 5.0000 0.0371 
3.0000 4.9180 0.0763 6.0000 0.0233 
3.0000 4.9180 0.0266 3.0000 0.0237 
4.0000 4.3011 0.1329 8.0000 0.0204 
5.0000 4.2735 0.0892 10.0000 0.0175 
6.0000 2.9412 0.1681 11.0000 0.0196 
7.0000 2.3411 0.0493 7.0000 0.0175 
9.0000 2.1531 0.0843 7.0000 0.0134 
9.0000 2.1531 0.0297 4.0000 0.0156 
10.0000 2.0619 0.1392 15.0000 0.0336 
11.0000 1.5363 0.1053 10.0000 0.0161 
12.0000 1.3652 0.1105 10.0000 0.0179 
13.0000 1.4541 0.0563 8.0000 0.0210 
14.0000 1.2658 0.1260 10.0000 0.0165 
15.0000 1.3369 0.0839 11.0000 0.0197 
17.0000 1.4431 0.0895 7.0000 0.0155 
17.0000 1.4431 0.0282 3.0000 0.0227 
18.0000 1.4658 0.0964 7.0000 0.0194 
19.0000 1.5224 0.1024 8.0000 0.0345 
20.0000 1.5492 0.1052 8.0000 0.0221 
21.0000 1.5801 0.1165 10.0000 0.0186 
22.0000 1.5288 0.1534 13.0000 0.0193 
23.0000 1.5457 0.1175 7.0000 0.0216 
24.0000 1.5968 0.1338 9.0000 0.0224 
25.0000 1.6005 0.0529 8.0000 0.0216 
26.0000 1.6199 0.0410 9.0000 0.0310 
27.0000 1.6081 0.1666 10.0000 0.0240 
28.0000 1.5882 0.0802 9.0000 0.0179 
29.0000 1.6228 0.0846 10.0000 0.0125 
30.0000 1.6367 0.0775 9.0000 0.0122 
31.0000 1.6393 0.1579 11.0000 0.0209 
32.0000 1.6798 0.0862 9.0000 0.0211 
33.0000 1.7037 0.1034 8.0000 0.0251 
34.0000 1.7418 0.0741 7.0000 0.0215 
35.0000 1.7632 0.1373 11.0000 0.0185 
36.0000 1.7875 0.1112 10.0000 0.0191 
37.0000 1.8058 0.1096 9.0000 0.0230 
38.0000 1.7916 0.0961 9.0000 0.0154 
39.0000 1.6617 0.1137 10.0000 0.0196 
41.0000 1.7098 0.0862 6.0000 0.0167 
41.0000 1.7098 0.0279 4.0000 0.0152 
42.0000 1.6915 0.1048 15.0000 0.0136 
43.0000 1.7063 0.1201 10.0000 0.0168 
44.0000 1.7141 0.0642 6.0000 0.0132 
45.0000 1.7428 0.1167 10.0000 0.0160 
46.0000 1.7557 0.0543 8.0000 0.0164 
47.0000 1.7716 0.1076 10.0000 0.0155 
48.0000 1.7870 0.1214 11.0000 0.0128 
49.0000 1.7754 0.0935 13.0000 0.0229 
50.0000 1.7606 0.0729 9.0000 0.0122 
51.0000 1.7813 0.0626 8.0000 0.0203 
52.0000 1.8018 0.0863 10.0000 0.0149 
53.0000 1.7749 0.0990 8.0000 0.0256 
54.0000 1.7899 0.0847 8.0000 0.0141 
55.0000 1.8074 0.0871 9.0000 0.0213 
57.0000 1.8346 0.0841 7.0000 0.0275 
57.0000 1.8346 0.0294 4.0000 0.0164 
58.0000 1.8097 0.1016 10.0000 0.0153 
59.0000 1.8143 0.1208 11.0000 0.0160 
60.0000 1.8360 0.0930 9.0000 0.0176 
61.0000 1.8558 0.0666 8.0000 0.0221 
62.0000 1.8647 0.0673 9.0000 0.0139 
63.0000 1.8789 0.1102 10.0000 0.0143 
64.0000 1.8969 0.1122 12.0000 0.0152 
65.0000 1.8928 0.1011 9.0000 0.0160 
67.0000 1.9353 0.0557 8.0000 0.0144 
67.0000 1.9353 0.0221 3.0000 0.0195 
68.0000 1.9000 0.0731 10.0000 0.0134 
69.0000 1.9119 0.0887 9.0000 0.0201 
70.0000 1.9278 0.1288 12.0000 0.0128 
71.0000 1.9137 0.0709 13.0000 0.0195 
72.0000 1.9033 0.0382 8.0000 0.0188 
73.0000 1.8986 0.1337 11.0000 0.0177 
74.0000 1.8706 0.0804 10.0000 0.0111 
76.0000 1.8528 0.0322 7.0000 0.0142 
76.0000 1.8528 0.0221 3.0000 0.0190 
77.0000 1.8325 0.1131 10.0000 0.0212 
78.0000 1.8497 0.0476 7.0000 0.0110 
79.0000 1.8462 0.0831 7.0000 0.0296 
80.0000 1.8574 0.1246 10.0000 0.0188 
81.0000 1.8720 0.1010 8.0000 0.0289 
82.0000 1.8881 0.1065 11.0000 0.0113 
83.0000 1.8778 0.1157 11.0000 0.0169 
84.0000 1.8779 0.0837 8.0000 0.0215 
85.0000 1.8931 0.0483 5.0000 0.0133 
86.0000 1.9098 0.0953 9.0000 0.0195 
87.0000 1.9214 0.0742 7.0000 0.0202 
88.0000 1.9311 0.1021 11.0000 0.0162 
89.0000 1.9386 0.0698 7.0000 0.0355 
91.0000 1.9536 0.0155 7.0000 0.0251 
91.0000 1.9536 0.0392 4.0000 0.0192 
92.0000 1.9591 0.1058 11.0000 0.0262 
93.0000 1.9658 0.0979 8.0000 0.0200 
94.0000 1.9719 0.1244 16.0000 0.0122 
95.0000 1.9584 0.0608 9.0000 0.0165 
97.0000 1.9800 0.0520 7.0000 0.0169 
97.0000 1.9800 0.0144 4.0000 0.0095 
98.0000 1.9790 0.0637 8.0000 0.0170 
99.0000 1.9550 0.1126 10.0000 0.0167 
100.0000 1.9399 0.0864 7.0000 0.0221 
101.0000 1.9278 0.0953 9.0000 0.0147 
102.0000 1.9340 0.0992 10.0000 0.0111 
103.0000 1.9332 0.0722 8.0000 0.0147 
104.0000 1.9160 0.1200 9.0000 0.0157 
105.0000 1.9291 0.0535 7.0000 0.0183 
106.0000 1.9304 0.1185 7.0000 0.0258 
107.0000 1.9307 0.1252 11.0000 0.0086 
108.0000 1.9424 0.0891 9.0000 0.0143 
109.0000 1.9275 0.1439 9.0000 0.0239 
110.0000 1.9264 0.1104 12.0000 0.0121 
111.0000 1.9318 0.1185 16.0000 0.0131 
112.0000 1.9431 0.0784 8.0000 0.0174 
113.0000 1.9473 0.0967 6.0000 0.0253 
114.0000 1.9574 0.0839 9.0000 0.0197 
115.0000 1.9521 0.1069 9.0000 0.0202 
116.0000 1.9349 0.0956 8.0000 0.0181 
117.0000 1.9461 0.0976 9.0000 0.0169 
118.0000 1.9536 0.1483 12.0000 0.0196 
119.0000 1.9579 0.1135 10.0000 0.0184 
120.0000 1.9621 0.1107 9.0000 0.0174 
121.0000 1.9684 0.1161 9.0000 0.0208 
123.0000 1.9916 0.1062 8.0000 0.0202 
123.0000 1.9916 0.0265 3.0000 0.0225 
124.0000 2.0023 0.1115 10.0000 0.0196 
125.0000 2.0080 0.1307 11.0000 0.0179 
126.0000 2.0147 0.0712 8.0000 0.0188 
127.0000 2.0245 0.1257 10.0000 0.0222 
128.0000 2.0353 0.0940 10.0000 0.0166 
129.0000 2.0280 0.1228 10.0000 0.0145 
130.0000 2.0370 0.1221 11.0000 0.0155 
131.0000 2.0437 0.1091 11.0000 0.0173 
132.0000 2.0535 0.1076 12.0000 0.0131 
133.0000 2.0639 0.0936 10.0000 0.0169 
134.0000 2.0749 0.1071 8.0000 0.0251 
135.0000 2.0859 0.1069 10.0000 0.0191 
136.0000 2.0942 0.0671 7.0000 0.0125 
137.0000 2.1025 0.0887 9.0000 0.0185 
138.0000 2.1065 0.0658 9.0000 0.0167 
139.0000 2.1154 0.0781 7.0000 0.0127 
140.0000 2.1228 0.0707 7.0000 0.0201 
141.0000 2.1225 0.1064 10.0000 0.0138 
142.0000 2.1254 0.1069 9.0000 0.0222 
143.0000 2.1264 0.0892 8.0000 0.0149 
144.0000 2.1327 0.0805 10.0000 0.0112 
145.0000 2.1377 0.0765 9.0000 0.0144 
146.0000 2.1383 0.0639 10.0000 0.0123 
147.0000 2.1441 0.0593 9.0000 0.0150 
148.0000 2.1468 0.0742 10.0000 0.0119 
149.0000 2.1476 0.0915 8.0000 0.0211 
150.0000 2.1496 0.0636 10.0000 0.0161 
151.0000 2.1331 0.0807 11.0000 0.0139 
152.0000 2.1247 0.1083 9.0000 0.0177 
153.0000 2.1194 0.1173 11.0000 0.0143 
154.0000 2.1268 0.1400 9.0000 0.0212 
155.0000 2.1309 0.0928 7.0000 0.0201 
156.0000 2.1311 0.1038 10.0000 0.0165 
157.0000 2.1188 0.0935 7.0000 0.0111 
158.0000 2.0911 0.0555 7.0000 0.0147 
159.0000 2.0885 0.0843 10.0000 0.0134 
161.0000 2.1076 0.0872 9.0000 0.0174 
161.0000 2.1076 0.0174 3.0000 0.0076 
162.0000 2.1047 0.1168 11.0000 0.0182 
163.0000 2.1024 0.0606 10.0000 0.0173 
164.0000 2.1107 0.1162 9.0000 0.0158 
165.0000 2.1151 0.0946 9.0000 0.0204 
166.0000 2.1211 0.0670 10.0000 0.0107 
167.0000 2.1121 0.0832 6.0000 0.0174 
168.0000 2.1161 0.0556 7.0000 0.0167 
169.0000 2.1128 0.0706 5.0000 0.0174 
171.0000 2.1258 0.0978 7.0000 0.0187 
171.0000 2.1258 0.0350 4.0000 0.0290 
172.0000 2.1287 0.0971 8.0000 0.0128 
173.0000 2.1313 0.0609 6.0000 0.0191 
174.0000 2.1316 0.0589 5.0000 0.0219 
175.0000 2.1295 0.0724 9.0000 0.0133 
176.0000 2.1225 0.0682 9.0000 0.0127 
178.0000 2.1178 0.0747 6.0000 0.0168 
178.0000 2.1178 0.0278 5.0000 0.0126 
179.0000 2.1241 0.0753 7.0000 0.0213 
181.0000 2.1372 0.0462 7.0000 0.0195 
181.0000 2.1372 0.0289 3.0000 0.0214 
182.0000 2.0997 0.0588 8.0000 0.0176 
183.0000 2.0734 0.0411 7.0000 0.0093 
184.0000 2.0721 0.0561 11.0000 0.0137 
185.0000 2.0652 0.0676 8.0000 0.0128 
186.0000 2.0648 0.0869 11.0000 0.0166 
187.0000 2.0629 0.0246 7.0000 0.0198 
188.0000 2.0619 0.0644 8.0000 0.0185 
189.0000 2.0532 0.1014 8.0000 0.0198 
190.0000 2.0572 0.0541 10.0000 0.0108 
191.0000 2.0591 0.1044 9.0000 0.0153 
193.0000 2.0742 0.0980 7.0000 0.0295 
193.0000 2.0742 0.0247 4.0000 0.0106 
195.0000 2.0887 0.0546 3.0000 0.0249 
195.0000 2.0887 0.0324 4.0000 0.0151 
196.0000 2.0807 0.1088 10.0000 0.0168 
197.0000 2.0869 0.0585 8.0000 0.0129 
198.0000 2.0860 0.0836 9.0000 0.0108 
199.0000 2.0890 0.0636 7.0000 0.0172 
200.0000 2.0825 0.1106 9.0000 0.0244 
201.0000 2.0864 0.1031 10.0000 0.0183 
202.0000 2.0879 0.1151 8.0000 0.0189 
203.0000 2.0789 0.0615 10.0000 0.0089 
204.0000 2.0797 0.1014 10.0000 0.0200 
205.0000 2.0793 0.0702 9.0000 0.0184 
206.0000 2.0810 0.0458 7.0000 0.0135 
207.0000 2.0603 0.0014 7.0000 0.0148 
208.0000 2.0499 0.1067 8.0000 0.0182 
209.0000 2.0502 0.0651 8.0000 0.0169 
211.0000 2.0400 0.1201 7.0000 0.0310 
211.0000 2.0400 0.0189 3.0000 0.0137 
212.0000 2.0392 0.1554 9.0000 0.0214 
213.0000 2.0422 0.1717 10.0000 0.0230 
214.0000 2.0418 0.1658 11.0000 0.0239 
215.0000 2.0364 0.1655 10.0000 0.0221 
216.0000 2.0349 0.1411 11.0000 0.0201 
217.0000 2.0378 0.1369 8.0000 0.0228 
218.0000 2.0393 0.1601 12.0000 0.0274 
219.0000 2.0427 0.1534 11.0000 0.0292 
220.0000 2.0456 0.1141 7.0000 0.0287 
221.0000 2.0522 0.1280 9.0000 0.0231 
222.0000 2.0533 0.1450 10.0000 0.0183 
223.0000 2.0574 0.1276 7.0000 0.0256 
224.0000 2.0605 0.1428 10.0000 0.0228 
225.0000 2.0627 0.1115 7.0000 0.0083 
226.0000 2.0549 0.0560 7.0000 0.0137 
227.0000 2.0590 0.0894 10.0000 0.0224 
228.0000 2.0579 0.1338 9.0000 0.0305 
229.0000 2.0584 0.0798 9.0000 0.0192 
230.0000 2.0576 0.0993 9.0000 0.0240 
231.0000 2.0592 0.1334 11.0000 0.0167 
232.0000 2.0624 0.0859 9.0000 0.0242 
233.0000 2.0632 0.1157 10.0000 0.0244 
234.0000 2.0666 0.1108 10.0000 0.0241 
235.0000 2.0519 0.1558 10.0000 0.0183 
236.0000 2.0486 0.1704 13.0000 0.0200 
237.0000 2.0307 0.1328 9.0000 0.0252 
238.0000 2.0159 0.1587 12.0000 0.0193 
239.0000 2.0069 0.1369 9.0000 0.0188 
240.0000 2.0069 0.1617 10.0000 0.0237 
241.0000 2.0062 0.1644 16.0000 0.0255 
242.0000 2.0048 0.1333 11.0000 0.0151 
243.0000 2.0053 0.0336 8.0000 0.0168 
244.0000 2.0110 0.0852 9.0000 0.0148 
245.0000 2.0008 0.1160 10.0000 0.0186 
247.0000 2.0111 0.0887 10.0000 0.0160 
247.0000 2.0111 0.0401 3.0000 0.0326 
248.0000 1.9816 0.0985 7.0000 0.0182 
250.0000 1.9860 0.0341 3.0000 0.0103 
250.0000 1.9860 0.0830 8.0000 0.0117 
251.0000 1.9848 0.1173 14.0000 0.0129 
253.0000 1.9964 0.0394 5.0000 0.0177 
253.0000 1.9964 0.0178 4.0000 0.0103 
254.0000 1.9967 0.0657 10.0000 0.0170 
255.0000 1.9937 0.0912 10.0000 0.0129 
256.0000 1.9876 0.0943 10.0000 0.0150 
257.0000 1.9844 0.0610 5.0000 0.0215 
258.0000 1.9767 0.0981 9.0000 0.0191 
259.0000 1.9706 0.1160 9.0000 0.0204 
260.0000 1.9739 0.0609 8.0000 0.0101 
261.0000 1.9543 0.0976 7.0000 0.0218 
263.0000 1.9587 0.0466 7.0000 0.0231 
263.0000 1.9587 0.0141 3.0000 0.0100 
264.0000 1.9530 0.1064 11.0000 0.0093 
266.0000 1.9627 0.0782 8.0000 0.0111 
266.0000 1.9627 0.0355 3.0000 0.0255 
267.0000 1.9676 0.0639 11.0000 0.0132 
268.0000 1.9654 0.0448 10.0000 0.0098 
269.0000 1.9680 0.0952 11.0000 0.0102 
270.0000 1.9665 0.0644 10.0000 0.0134 
271.0000 1.9696 0.0805 9.0000 0.0137 
272.0000 1.9448 0.0719 11.0000 0.0128 
273.0000 1.9415 0.1064 11.0000 0.0111 
274.0000 1.9236 0.0402 7.0000 0.0100 
275.0000 1.9263 0.0423 5.0000 0.0042 
276.0000 1.9171 0.0559 7.0000 0.0144 
277.0000 1.9152 0.0779 10.0000 0.0160 
278.0000 1.9158 0.0288 6.0000 0.0132 
279.0000 1.9199 0.0740 10.0000 0.0105 
280.0000 1.9128 0.1408 10.0000 0.0195 
281.0000 1.9143 0.0910 8.0000 0.0212 
282.0000 1.9150 0.1062 8.0000 0.0223 
283.0000 1.9181 0.0868 7.0000 0.0090 
284.0000 1.9135 0.0810 10.0000 0.0080 
285.0000 1.9148 0.0637 11.0000 0.0120 
286.0000 1.9025 0.1113 9.0000 0.0170 
287.0000 1.9066 0.1103 11.0000 0.0187 
288.0000 1.9084 0.0706 11.0000 0.0159 
289.0000 1.9126 0.0920 11.0000 0.0151 
290.0000 1.9148 0.0820 8.0000 0.0177 
291.0000 1.9174 0.1159 12.0000 0.0135 
292.0000 1.9216 0.1165 9.0000 0.0233 
293.0000 1.9233 0.1058 8.0000 0.0236 
294.0000 1.9261 0.1198 9.0000 0.0273 
295.0000 1.9279 0.0892 11.0000 0.0085 
296.0000 1.9301 0.1030 9.0000 0.0218 
297.0000 1.9326 0.1126 11.0000 0.0176 
298.0000 1.9344 0.1309 11.0000 0.0147 
299.0000 1.9308 0.0683 8.0000 0.0194 
300.0000 1.9330 0.0994 11.0000 0.0127 
301.0000 1.9364 0.0311 9.0000 0.0193 
302.0000 1.9245 0.1147 10.0000 0.0209 
303.0000 1.9214 0.1256 11.0000 0.0235 
304.0000 1.9243 0.1306 9.0000 0.0256 
305.0000 1.9278 0.1525 10.0000 0.0207 
306.0000 1.9306 0.1250 8.0000 0.0225 
307.0000 1.9312 0.1534 12.0000 0.0145 
308.0000 1.9315 0.0942 9.0000 0.0144 
309.0000 1.9322 0.1519 10.0000 0.0294 
310.0000 1.9360 0.1439 11.0000 0.0209 
311.0000 1.9324 0.1167 10.0000 0.0233 
312.0000 1.9330 0.1150 10.0000 0.0220 
313.0000 1.9347 0.1202 9.0000 0.0192 
314.0000 1.9356 0.1429 9.0000 0.0225 
315.0000 1.9377 0.1425 11.0000 0.0189 
316.0000 1.9420 0.1297 10.0000 0.0209 
317.0000 1.9411 0.1134 12.0000 0.0161 
318.0000 1.9429 0.0807 8.0000 0.0174 
319.0000 1.9465 0.1105 10.0000 0.0164 
320.0000 1.9482 0.0682 7.0000 0.0241 
321.0000 1.9468 0.1234 11.0000 0.0132 
322.0000 1.9357 0.1229 8.0000 0.0208 
323.0000 1.9387 0.0647 12.0000 0.0101 
324.0000 1.9422 0.0891 10.0000 0.0160 
325.0000 1.9413 0.0888 11.0000 0.0123 
326.0000 1.9404 0.1235 11.0000 0.0165 
327.0000 1.9373 0.0760 10.0000 0.0081 
328.0000 1.9396 0.0894 9.0000 0.0192 
329.0000 1.9435 0.1284 11.0000 0.0185 
330.0000 1.9447 0.0571 9.0000 0.0085 
331.0000 1.9450 0.0028 9.0000 0.0308 
332.0000 1.9468 0.0912 12.0000 0.0124 
333.0000 1.9261 0.1398 10.0000 0.0196 
334.0000 1.9281 0.0710 13.0000 0.0112 
335.0000 1.9196 0.0692 9.0000 0.0172 
336.0000 1.9222 0.0934 10.0000 0.0187 
337.0000 1.9236 0.0180 7.0000 0.0148 
338.0000 1.9274 0.0897 10.0000 0.0167 
339.0000 1.9307 0.0922 9.0000 0.0139 
340.0000 1.9307 0.0897 14.0000 0.0212 
342.0000 1.9319 0.0914 9.0000 0.0175 
342.0000 1.9319 0.0269 3.0000 0.0134 
343.0000 1.9312 0.0915 7.0000 0.0241 
344.0000 1.9312 0.1157 7.0000 0.0181 
345.0000 1.9336 0.1160 11.0000 0.0208 
346.0000 1.9326 0.0680 7.0000 0.0164 
347.0000 1.9344 0.0597 8.0000 0.0120 
348.0000 1.9310 0.1080 9.0000 0.0258 