
2.0000 1.1236 0.0357 6.0000 0.0200 
2.0000 1.1236 0.0291 4.0000 0.0155 
3.0000 0.9202 0.0380 5.0000 0.0260 
4.0000 0.7533 0.0604 5.0000 0.0222 
5.0000 0.6120 0.1423 11.0000 0.0146 
6.0000 0.7126 0.0762 11.0000 0.0201 
7.0000 0.7937 0.1173 11.0000 0.0150 
8.0000 0.8743 0.0550 8.0000 0.0183 
9.0000 0.9504 0.0561 7.0000 0.0111 
10.0000 0.9533 0.0691 7.0000 0.0133 
11.0000 0.9946 0.1099 8.0000 0.0175 
12.0000 1.0178 0.1152 10.0000 0.0200 
13.0000 1.0450 0.1010 11.0000 0.0190 
14.0000 1.1094 0.0494 7.0000 0.0270 
15.0000 1.1152 0.1078 9.0000 0.0165 
16.0000 1.1244 0.0688 5.0000 0.0207 
17.0000 1.1303 0.0809 10.0000 0.0195 
18.0000 1.1803 0.0906 11.0000 0.0185 
19.0000 1.1564 0.0616 9.0000 0.0195 
20.0000 1.1827 0.1174 7.0000 0.0443 
21.0000 1.2125 0.0742 8.0000 0.0284 
22.0000 1.2415 0.0629 10.0000 0.0210 
23.0000 1.2665 0.0177 9.0000 0.0134 
25.0000 1.3499 0.0762 9.0000 0.0132 
25.0000 1.3499 0.0359 3.0000 0.0217 
26.0000 1.3699 0.0546 7.0000 0.0121 
27.0000 1.3882 0.0386 6.0000 0.0337 
28.0000 1.4286 0.0661 9.0000 0.0068 
29.0000 1.4153 0.0524 9.0000 0.0102 
30.0000 1.4549 0.0910 9.0000 0.0171 
31.0000 1.4664 0.0833 11.0000 0.0195 
33.0000 1.5179 0.0851 9.0000 0.0092 
33.0000 1.5179 0.0289 3.0000 0.0249 
34.0000 1.4173 0.0956 12.0000 0.0176 
35.0000 1.3966 0.0898 12.0000 0.0210 
36.0000 1.3851 0.0914 11.0000 0.0185 
37.0000 1.4138 0.1136 10.0000 0.0193 
38.0000 1.4095 0.1356 12.0000 0.0095 
39.0000 1.4105 0.1365 10.0000 0.0091 
42.0000 1.4920 0.1026 8.0000 0.0241 
42.0000 1.4920 0.0518 3.0000 0.0260 
42.0000 1.4920 0.0210 3.0000 0.0046 
43.0000 1.4905 0.1155 8.0000 0.0625 
44.0000 1.4890 0.1674 12.0000 0.0156 
45.0000 1.5005 0.0676 8.0000 0.0139 
46.0000 1.5127 0.1096 11.0000 0.0141 
47.0000 1.4692 0.0981 11.0000 0.0153 
48.0000 1.4519 0.1303 11.0000 0.0073 
49.0000 1.4575 0.0925 8.0000 0.0114 
50.0000 1.4784 0.0856 9.0000 0.0201 
51.0000 1.4753 0.1452 12.0000 0.0171 
52.0000 1.4866 0.1119 10.0000 0.0090 
53.0000 1.5091 0.0671 9.0000 0.0242 
55.0000 1.5118 0.1345 11.0000 0.0259 
55.0000 1.5118 0.0059 3.0000 0.0028 
56.0000 1.5062 0.1303 11.0000 0.0194 
57.0000 1.5139 0.1025 11.0000 0.0170 
58.0000 1.5267 0.1158 9.0000 0.0225 
59.0000 1.5257 0.1113 13.0000 0.0174 
60.0000 1.5030 0.1156 11.0000 0.0153 
61.0000 1.5054 0.0894 17.0000 0.0180 
62.0000 1.5107 0.0992 8.0000 0.0148 
63.0000 1.5265 0.0707 9.0000 0.0111 
64.0000 1.5366 0.0666 8.0000 0.0195 
65.0000 1.5461 0.0521 8.0000 0.0186 
66.0000 1.5548 0.0782 9.0000 0.0260 
67.0000 1.5654 0.1377 13.0000 0.0198 
68.0000 1.5611 0.0634 8.0000 0.0210 
69.0000 1.5696 0.0873 9.0000 0.0189 
70.0000 1.5535 0.0431 9.0000 0.0148 
71.0000 1.5639 0.0973 9.0000 0.0195 
73.0000 1.5787 0.0679 6.0000 0.0185 
73.0000 1.5787 0.0340 8.0000 0.0132 
74.0000 1.5822 0.0526 6.0000 0.0124 
75.0000 1.6019 0.0406 3.0000 0.0277 
76.0000 1.5777 0.0074 7.0000 0.0150 
79.0000 1.6060 0.0601 3.0000 0.0290 
79.0000 1.6060 0.0370 5.0000 0.0106 
79.0000 1.6060 0.0515 4.0000 0.0193 
80.0000 1.6093 0.0118 6.0000 0.0155 
81.0000 1.6107 0.0510 11.0000 0.0096 
82.0000 1.6183 0.0464 6.0000 0.0116 
83.0000 1.5906 0.0604 9.0000 0.0143 
84.0000 1.6027 0.0659 9.0000 0.0123 
85.0000 1.5915 0.0790 8.0000 0.0165 
86.0000 1.5662 0.1099 8.0000 0.0319 
87.0000 1.5633 0.0231 7.0000 0.0181 
88.0000 1.5548 0.0685 13.0000 0.0071 
89.0000 1.5609 0.0663 8.0000 0.0090 
90.0000 1.5677 0.0481 5.0000 0.0201 
92.0000 1.5816 0.0472 6.0000 0.0255 
92.0000 1.5816 0.0362 6.0000 0.0122 
93.0000 1.5835 0.0682 13.0000 0.0118 
94.0000 1.5860 0.0149 10.0000 0.0112 
96.0000 1.6126 0.0475 9.0000 0.0211 
96.0000 1.6126 0.0309 4.0000 0.0163 
97.0000 1.6086 0.0808 8.0000 0.0196 
98.0000 1.5847 0.0602 6.0000 0.0181 
99.0000 1.4838 0.0464 9.0000 0.0212 
100.0000 1.4620 0.1083 7.0000 0.0246 
101.0000 1.4439 0.0796 7.0000 0.0137 
102.0000 1.4395 0.1132 16.0000 0.0194 
103.0000 1.4375 0.0786 7.0000 0.0160 
104.0000 1.4256 0.0426 5.0000 0.0219 
105.0000 1.4333 0.0676 9.0000 0.0194 
106.0000 1.4398 0.0861 6.0000 0.0116 
107.0000 1.4444 0.1138 10.0000 0.0188 
108.0000 1.4510 0.0660 7.0000 0.0148 
109.0000 1.4506 0.0962 8.0000 0.0160 
110.0000 1.4537 0.0302 9.0000 0.0149 
112.0000 1.4650 0.1049 8.0000 0.0173 
112.0000 1.4650 0.0167 3.0000 0.0081 
113.0000 1.4615 0.0807 12.0000 0.0114 
114.0000 1.4642 0.1553 10.0000 0.0204 
115.0000 1.4522 0.0939 9.0000 0.0236 
116.0000 1.4564 0.0598 5.0000 0.0075 
117.0000 1.4662 0.0855 9.0000 0.0206 
118.0000 1.4699 0.1201 9.0000 0.0189 
119.0000 1.4790 0.0750 8.0000 0.0190 
120.0000 1.4804 0.1534 12.0000 0.0178 
121.0000 1.4763 0.1022 11.0000 0.0134 
122.0000 1.4724 0.0960 8.0000 0.0163 
123.0000 1.4634 0.1166 10.0000 0.0150 
124.0000 1.4704 0.0704 10.0000 0.0241 
125.0000 1.4368 0.1020 13.0000 0.0108 
126.0000 1.4305 0.0853 7.0000 0.0215 
127.0000 1.3909 0.0800 4.0000 0.0439 
128.0000 1.3856 0.0914 11.0000 0.0212 
129.0000 1.3665 0.1128 7.0000 0.0226 
131.0000 1.3774 0.0874 8.0000 0.0258 
131.0000 1.3774 0.0800 3.0000 0.0441 
132.0000 1.3693 0.0735 12.0000 0.0144 
133.0000 1.3721 0.0793 8.0000 0.0184 
134.0000 1.3738 0.0882 9.0000 0.0188 
136.0000 1.3800 0.0643 7.0000 0.0115 
136.0000 1.3800 0.0291 3.0000 0.0148 
137.0000 1.3816 0.0650 8.0000 0.0149 
138.0000 1.3749 0.0832 7.0000 0.0296 
139.0000 1.3765 0.0895 12.0000 0.0153 
140.0000 1.3826 0.0584 8.0000 0.0188 
141.0000 1.3756 0.0640 7.0000 0.0187 
143.0000 1.3696 0.1187 8.0000 0.0191 
143.0000 1.3696 0.0462 3.0000 0.0252 
144.0000 1.3701 0.0635 9.0000 0.0164 
146.0000 1.3830 0.1000 10.0000 0.0225 
146.0000 1.3830 0.0316 3.0000 0.0111 
147.0000 1.3855 0.0572 12.0000 0.0141 
150.0000 1.4021 0.0680 7.0000 0.0262 
150.0000 1.4021 0.0380 5.0000 0.0139 
150.0000 1.4021 0.0513 4.0000 0.0232 
151.0000 1.4073 0.0526 11.0000 0.0172 
152.0000 1.4113 0.1234 14.0000 0.0110 
154.0000 1.4242 0.0750 7.0000 0.0259 
154.0000 1.4242 0.0342 3.0000 0.0219 
155.0000 1.4250 0.0823 11.0000 0.0133 
156.0000 1.4294 0.0652 6.0000 0.0182 
157.0000 1.4359 0.0940 10.0000 0.0151 
158.0000 1.4338 0.0808 11.0000 0.0106 
160.0000 1.4478 0.0668 15.0000 0.0191 
160.0000 1.4478 0.0442 3.0000 0.0251 
161.0000 1.4557 0.0934 7.0000 0.0193 
162.0000 1.4632 0.0847 7.0000 0.0283 
163.0000 1.4671 0.0829 11.0000 0.0118 
164.0000 1.4574 0.0718 11.0000 0.0195 
165.0000 1.4621 0.0299 10.0000 0.0153 
166.0000 1.4620 0.0523 10.0000 0.0152 
167.0000 1.4647 0.0834 11.0000 0.0111 
168.0000 1.4671 0.0811 12.0000 0.0171 
169.0000 1.4670 0.0663 12.0000 0.0138 
170.0000 1.4683 0.0510 7.0000 0.0299 
171.0000 1.4686 0.0489 5.0000 0.0157 
172.0000 1.4747 0.0731 6.0000 0.0111 
173.0000 1.4733 0.0717 10.0000 0.0199 
174.0000 1.4780 0.0808 8.0000 0.0179 
177.0000 1.4940 0.0512 4.0000 0.0280 
177.0000 1.4940 0.0265 4.0000 0.0117 
177.0000 1.4940 0.0428 3.0000 0.0244 
178.0000 1.4943 0.0886 11.0000 0.0113 
179.0000 1.4803 0.0527 9.0000 0.0141 
180.0000 1.4806 0.0421 3.0000 0.0286 
181.0000 1.4791 0.1015 9.0000 0.0175 
183.0000 1.4864 0.0614 3.0000 0.0359 
183.0000 1.4864 0.0505 7.0000 0.0133 
184.0000 1.4849 0.0996 7.0000 0.0196 
185.0000 1.4772 0.0812 10.0000 0.0167 
186.0000 1.4787 0.0054 8.0000 0.0150 
187.0000 1.4724 0.1011 11.0000 0.0262 
188.0000 1.4696 0.0614 14.0000 0.0109 
190.0000 1.4772 0.0544 7.0000 0.0146 
190.0000 1.4772 0.0166 5.0000 0.0077 
191.0000 1.4765 0.0827 9.0000 0.0193 
192.0000 1.4781 0.0661 8.0000 0.0161 
193.0000 1.4600 0.1013 9.0000 0.0177 
194.0000 1.4633 0.1056 11.0000 0.0179 
195.0000 1.4584 0.1130 10.0000 0.0304 
196.0000 1.4640 0.0901 12.0000 0.0152 
197.0000 1.4672 0.0755 11.0000 0.0103 
199.0000 1.4744 0.0643 6.0000 0.0123 
199.0000 1.4744 0.0193 4.0000 0.0083 
200.0000 1.4772 0.1139 8.0000 0.0163 
201.0000 1.4752 0.0632 6.0000 0.0266 
202.0000 1.4719 0.0748 10.0000 0.0142 
203.0000 1.4694 0.0959 10.0000 0.0146 
204.0000 1.4674 0.0793 9.0000 0.0147 
205.0000 1.4695 0.1120 12.0000 0.0101 
206.0000 1.4747 0.0812 10.0000 0.0120 
207.0000 1.4789 0.0802 9.0000 0.0150 
208.0000 1.4786 0.1044 8.0000 0.0214 
209.0000 1.4755 0.0430 4.0000 0.0109 
210.0000 1.4673 0.0429 8.0000 0.0285 
211.0000 1.4627 0.0690 8.0000 0.0221 
212.0000 1.4420 0.0934 11.0000 0.0199 
213.0000 1.4400 0.1055 10.0000 0.0196 
214.0000 1.4224 0.0750 8.0000 0.0204 
215.0000 1.4232 0.0624 5.0000 0.0246 
217.0000 1.4114 0.0713 4.0000 0.0188 
217.0000 1.4114 0.0361 5.0000 0.0123 
219.0000 1.4152 0.1105 7.0000 0.0305 
219.0000 1.4152 0.0417 4.0000 0.0157 
220.0000 1.4191 0.0481 12.0000 0.0157 
221.0000 1.4230 0.0710 8.0000 0.0175 
223.0000 1.4340 0.0435 8.0000 0.0234 
223.0000 1.4340 0.0378 3.0000 0.0254 
224.0000 1.4363 0.0776 8.0000 0.0183 
225.0000 1.4397 0.0752 8.0000 0.0147 
226.0000 1.4340 0.1093 9.0000 0.0178 
228.0000 1.4419 0.0924 7.0000 0.0271 
228.0000 1.4419 0.0385 5.0000 0.0144 
229.0000 1.4461 0.0811 9.0000 0.0182 
230.0000 1.4500 0.0782 8.0000 0.0149 
231.0000 1.4521 0.1026 10.0000 0.0201 
232.0000 1.4535 0.1156 11.0000 0.0129 
233.0000 1.4582 0.0639 11.0000 0.0136 
234.0000 1.4598 0.1056 10.0000 0.0165 
236.0000 1.4536 0.0382 5.0000 0.0110 
236.0000 1.4536 0.0397 4.0000 0.0153 
237.0000 1.4570 0.0944 9.0000 0.0213 
238.0000 1.4608 0.1201 12.0000 0.0191 
239.0000 1.4631 0.1053 7.0000 0.0210 
241.0000 1.4692 0.0697 7.0000 0.0204 
241.0000 1.4692 0.0335 4.0000 0.0170 
243.0000 1.4655 0.0993 4.0000 0.0392 
243.0000 1.4655 0.0678 5.0000 0.0244 
244.0000 1.4667 0.0686 6.0000 0.0392 
245.0000 1.4701 0.1112 11.0000 0.0115 
247.0000 1.4760 0.1222 6.0000 0.0346 
247.0000 1.4760 0.0502 5.0000 0.0203 
248.0000 1.4729 0.1065 9.0000 0.0183 
250.0000 1.4798 0.1095 13.0000 0.0164 
250.0000 1.4798 0.0382 3.0000 0.0253 
251.0000 1.4835 0.0540 9.0000 0.0152 
252.0000 1.4873 0.0644 11.0000 0.0227 
253.0000 1.4893 0.1501 10.0000 0.0260 
254.0000 1.4923 0.1067 11.0000 0.0163 
255.0000 1.4968 0.0853 9.0000 0.0202 
257.0000 1.5064 0.0520 8.0000 0.0216 
257.0000 1.5064 0.0335 4.0000 0.0175 
259.0000 1.5113 0.0926 10.0000 0.0332 
259.0000 1.5113 0.0338 3.0000 0.0185 
260.0000 1.5152 0.1042 12.0000 0.0133 
261.0000 1.5137 0.1026 11.0000 0.0268 
262.0000 1.5173 0.0682 10.0000 0.0142 
263.0000 1.5216 0.0963 6.0000 0.0230 
264.0000 1.5228 0.0919 14.0000 0.0111 
265.0000 1.5226 0.0698 8.0000 0.0144 
266.0000 1.5217 0.0996 8.0000 0.0358 
267.0000 1.5239 0.1082 7.0000 0.0272 
269.0000 1.5294 0.0054 6.0000 0.0238 
269.0000 1.5294 0.0313 5.0000 0.0170 
270.0000 1.5228 0.0421 4.0000 0.0182 
272.0000 1.5131 0.0470 7.0000 0.0250 
272.0000 1.5131 0.0461 4.0000 0.0196 
273.0000 1.5131 0.0800 7.0000 0.0167 
275.0000 1.5044 0.0836 6.0000 0.0355 
275.0000 1.5044 0.0307 5.0000 0.0190 
276.0000 1.4994 0.0588 7.0000 0.0195 