
2.0000 3.4483 0.0363 4.0000 0.0050 
2.0000 3.4483 0.0372 5.0000 0.0345 
4.0000 4.5977 0.0935 11.0000 0.0276 
4.0000 4.5977 0.0400 4.0000 0.0161 
5.0000 3.7313 0.0790 15.0000 0.0038 
8.0000 4.1451 0.0671 8.0000 0.0319 
8.0000 4.1451 0.0326 3.0000 0.0122 
8.0000 4.1451 0.0264 6.0000 0.0140 
10.0000 4.3478 0.0660 9.0000 0.0155 
10.0000 4.3478 0.0579 10.0000 0.0213 
13.0000 3.8576 0.0990 32.0000 0.0504 
13.0000 3.8576 0.1343 16.0000 0.0269 
13.0000 3.8576 0.1077 34.0000 0.0066 
17.0000 4.5699 0.0354 7.0000 0.0373 
17.0000 4.5699 0.0542 4.0000 0.0258 
17.0000 4.5699 0.0455 4.0000 0.0256 
17.0000 4.5699 0.0679 6.0000 0.0165 
19.0000 4.7739 0.0922 5.0000 0.0154 
19.0000 4.7739 0.0661 6.0000 0.0213 
21.0000 4.6875 0.0570 6.0000 0.0129 
21.0000 4.6875 0.0282 3.0000 0.0119 
23.0000 4.6653 0.0757 8.0000 0.0129 
23.0000 4.6653 0.0199 4.0000 0.0054 
26.0000 4.7187 0.0539 3.0000 0.0244 
26.0000 4.7187 0.0484 7.0000 0.0160 
26.0000 4.7187 0.0129 4.0000 0.0036 
31.0000 4.9759 0.0488 27.0000 0.0288 
31.0000 4.9759 0.0600 6.0000 0.0128 
31.0000 4.9759 0.0382 5.0000 0.0220 
31.0000 4.9759 0.0261 3.0000 0.0143 
31.0000 4.9759 0.0269 3.0000 0.0219 
37.0000 5.1176 0.0217 20.0000 0.0320 
37.0000 5.1176 0.0549 9.0000 0.0285 
37.0000 5.1176 0.0473 10.0000 0.0185 
37.0000 5.1176 0.0770 6.0000 0.0203 
37.0000 5.1176 0.0482 6.0000 0.0175 
37.0000 5.1176 0.0257 4.0000 0.0138 
38.0000 4.4706 0.0813 6.0000 0.0169 
40.0000 4.5300 0.0704 4.0000 0.0276 
40.0000 4.5300 0.0487 3.0000 0.0270 
42.0000 4.1916 0.0392 14.0000 0.0154 
42.0000 4.1916 0.0306 4.0000 0.0254 
45.0000 4.3145 0.0593 3.0000 0.0273 
45.0000 4.3145 0.0276 5.0000 0.0117 
45.0000 4.3145 0.0378 4.0000 0.0159 
46.0000 3.8494 0.0666 10.0000 0.0424 
48.0000 3.9571 0.0191 8.0000 0.0159 
48.0000 3.9571 0.0431 5.0000 0.0146 
51.0000 3.9443 0.0306 10.0000 0.0155 
51.0000 3.9443 0.0185 3.0000 0.0042 
51.0000 3.9443 0.0395 5.0000 0.0159 
52.0000 3.9484 0.0729 7.0000 0.0232 
56.0000 4.0550 0.0443 8.0000 0.0114 
56.0000 4.0550 0.0377 3.0000 0.0190 
56.0000 4.0550 0.0238 4.0000 0.0061 
56.0000 4.0550 0.0330 3.0000 0.0206 
57.0000 4.0226 0.0361 9.0000 0.0218 
59.0000 4.0550 0.0978 8.0000 0.0231 
59.0000 4.0550 0.0449 3.0000 0.0225 
61.0000 4.0995 -0.0019 8.0000 0.0136 
61.0000 4.0995 0.0276 3.0000 0.0224 
63.0000 4.0962 0.0605 10.0000 0.0370 
63.0000 4.0962 0.0222 3.0000 0.0155 
66.0000 4.1405 0.0576 9.0000 0.0128 
66.0000 4.1405 0.0558 4.0000 0.0215 
66.0000 4.1405 0.0556 5.0000 0.0251 
83.0000 4.7811 0.0452 10.0000 0.0218 
83.0000 4.7811 0.0413 5.0000 0.0089 
83.0000 4.7811 0.0256 3.0000 0.0155 
83.0000 4.7811 0.0449 14.0000 0.0184 
83.0000 4.7811 0.0343 3.0000 0.0195 
83.0000 4.7811 0.0900 3.0000 0.0479 
83.0000 4.7811 0.0554 5.0000 0.0266 
83.0000 4.7811 0.0773 6.0000 0.0251 
83.0000 4.7811 0.0651 6.0000 0.0139 
83.0000 4.7811 0.0401 4.0000 0.0210 
83.0000 4.7811 0.0467 6.0000 0.0113 
83.0000 4.7811 0.0468 3.0000 0.0256 
83.0000 4.7811 0.0390 7.0000 0.0085 
83.0000 4.7811 0.0410 6.0000 0.0142 
83.0000 4.7811 0.0375 13.0000 0.0102 
83.0000 4.7811 0.0492 6.0000 0.0144 
83.0000 4.7811 0.0447 7.0000 0.0079 
89.0000 4.9444 0.1433 6.0000 0.0404 
89.0000 4.9444 0.0614 3.0000 0.0171 
89.0000 4.9444 0.0263 7.0000 0.0238 
89.0000 4.9444 0.0564 5.0000 0.0281 
89.0000 4.9444 0.0390 4.0000 0.0200 
89.0000 4.9444 0.0954 9.0000 0.0236 
91.0000 4.9591 0.0874 5.0000 0.0266 
91.0000 4.9591 0.0563 8.0000 0.0148 
94.0000 5.0160 0.0562 8.0000 0.0302 
94.0000 5.0160 0.0280 6.0000 0.0151 
94.0000 5.0160 0.0712 5.0000 0.0311 
96.0000 4.9870 0.0484 10.0000 0.0195 
96.0000 4.9870 0.0267 6.0000 0.0087 
98.0000 4.9847 0.0553 5.0000 0.0306 
98.0000 4.9847 0.0590 6.0000 0.0151 
100.0000 5.0025 0.0970 12.0000 0.0135 
100.0000 5.0025 0.0313 3.0000 0.0190 
101.0000 4.9196 0.0642 8.0000 0.0152 
102.0000 4.8341 0.1018 15.0000 0.0116 
103.0000 4.7907 0.0839 12.0000 0.0119 
105.0000 4.7490 0.0755 14.0000 0.0228 
105.0000 4.7490 0.0515 3.0000 0.0210 
107.0000 4.7324 0.0433 9.0000 0.0183 
107.0000 4.7324 0.0264 3.0000 0.0191 
114.0000 4.8656 0.0619 4.0000 0.0190 
114.0000 4.8656 0.1234 4.0000 0.0443 
114.0000 4.8656 0.0759 12.0000 0.0172 
114.0000 4.8656 0.0190 10.0000 0.0021 
114.0000 4.8656 0.0688 5.0000 0.0250 
114.0000 4.8656 0.0901 11.0000 0.0123 
114.0000 4.8656 0.0138 4.0000 0.0045 
115.0000 4.8178 0.0683 11.0000 0.0232 
119.0000 4.8711 0.0196 17.0000 0.0337 
119.0000 4.8711 0.0382 3.0000 0.0222 
119.0000 4.8711 0.1030 17.0000 0.0459 
119.0000 4.8711 0.0699 7.0000 0.0177 
123.0000 4.8732 0.1400 4.0000 0.0850 
123.0000 4.8732 0.0875 4.0000 0.0231 
123.0000 4.8732 0.0981 3.0000 0.0643 
123.0000 4.8732 0.0833 10.0000 0.0084 
125.0000 4.8695 0.0416 6.0000 0.0203 
125.0000 4.8695 0.0379 4.0000 0.0249 
127.0000 4.9111 0.0652 9.0000 0.0190 
127.0000 4.9111 0.0270 4.0000 0.0116 
129.0000 4.8606 0.1224 8.0000 0.0444 
129.0000 4.8606 0.0831 5.0000 0.0158 
131.0000 4.8393 0.0291 9.0000 0.0075 
131.0000 4.8393 0.0357 3.0000 0.0226 
134.0000 4.8834 0.0638 9.0000 0.0151 
134.0000 4.8834 0.0356 4.0000 0.0152 
134.0000 4.8834 0.0261 4.0000 0.0095 
135.0000 4.8684 0.0442 6.0000 0.0106 
139.0000 4.8483 0.0459 10.0000 0.0275 
139.0000 4.8483 0.0801 13.0000 0.0074 
139.0000 4.8483 0.0398 5.0000 0.0108 
139.0000 4.8483 0.0449 4.0000 0.0291 
143.0000 4.9040 0.0586 4.0000 0.0217 
143.0000 4.9040 0.0978 11.0000 0.0129 
143.0000 4.9040 0.0449 4.0000 0.0304 
143.0000 4.9040 0.0512 5.0000 0.0241 
144.0000 4.8847 0.0563 6.0000 0.0331 
146.0000 4.9076 0.0502 8.0000 0.0085 
146.0000 4.9076 0.0232 3.0000 0.0099 
150.0000 4.9440 0.0770 7.0000 0.0211 
150.0000 4.9440 0.0819 13.0000 0.0177 
150.0000 4.9440 0.0280 17.0000 0.0156 
150.0000 4.9440 0.0339 9.0000 0.0050 
153.0000 4.9853 0.0173 3.0000 0.0028 
153.0000 4.9853 0.0432 5.0000 0.0154 
153.0000 4.9853 0.0283 5.0000 0.0125 
160.0000 5.0713 0.0248 17.0000 0.0076 
160.0000 5.0713 0.0266 11.0000 0.0107 
160.0000 5.0713 0.0486 5.0000 0.0147 
160.0000 5.0713 0.0400 4.0000 0.0096 
160.0000 5.0713 0.0366 10.0000 0.0185 
160.0000 5.0713 0.0425 7.0000 0.0080 
160.0000 5.0713 0.0485 21.0000 0.0162 
163.0000 5.1113 0.0550 5.0000 0.0139 
163.0000 5.1113 0.0201 3.0000 0.0124 
163.0000 5.1113 0.0689 6.0000 0.0178 
165.0000 5.1179 0.0629 9.0000 0.0323 
165.0000 5.1179 0.0705 8.0000 0.0095 
167.0000 5.1180 0.0439 8.0000 0.0103 
167.0000 5.1180 0.0259 3.0000 0.0177 
168.0000 5.1345 0.0597 5.0000 0.0245 
169.0000 5.1135 0.0602 7.0000 0.0176 
172.0000 5.0842 0.1132 7.0000 0.0405 
172.0000 5.0842 0.0889 7.0000 0.0084 
172.0000 5.0842 0.0482 8.0000 0.0069 
174.0000 4.9658 0.0683 7.0000 0.0226 
174.0000 4.9658 0.0277 4.0000 0.0052 
176.0000 4.9957 0.0460 10.0000 0.0157 
176.0000 4.9957 0.0478 5.0000 0.0168 
180.0000 5.0633 0.0217 4.0000 0.0122 
180.0000 5.0633 0.0613 4.0000 0.0289 
180.0000 5.0633 0.0594 6.0000 0.0156 
180.0000 5.0633 0.0379 4.0000 0.0164 
183.0000 5.0918 0.0448 12.0000 0.0077 
183.0000 5.0918 0.0187 3.0000 0.0132 
183.0000 5.0918 0.0431 6.0000 0.0160 
185.0000 5.0992 0.0160 3.0000 0.0095 
185.0000 5.0992 0.0431 5.0000 0.0258 
187.0000 5.0926 0.0629 8.0000 0.0185 
187.0000 5.0926 0.0741 7.0000 0.0183 
188.0000 5.0402 0.0684 8.0000 0.0162 
190.0000 5.0465 -0.0014 9.0000 0.0217 
190.0000 5.0465 0.0335 4.0000 0.0174 
192.0000 5.0183 0.0784 4.0000 0.0259 
192.0000 5.0183 0.0538 13.0000 0.0121 
193.0000 4.9781 0.0553 23.0000 0.0133 
195.0000 4.9480 0.0565 4.0000 0.0242 
195.0000 4.9480 0.1068 5.0000 0.0230 
200.0000 5.0138 0.1086 7.0000 0.0274 
200.0000 5.0138 0.0585 4.0000 0.0202 
200.0000 5.0138 0.0383 4.0000 0.0182 
200.0000 5.0138 0.0195 3.0000 0.0104 
200.0000 5.0138 0.0227 3.0000 0.0165 
201.0000 4.9679 0.0629 6.0000 0.0137 
202.0000 4.9148 0.0749 14.0000 0.0062 
203.0000 4.8138 0.0506 9.0000 0.0130 
205.0000 4.8326 0.0529 7.0000 0.0106 
205.0000 4.8326 0.0329 5.0000 0.0099 
207.0000 4.7217 0.1003 4.0000 0.0432 
207.0000 4.7217 0.0546 6.0000 0.0158 
208.0000 4.7337 0.0647 6.0000 0.0260 
210.0000 4.6093 0.0460 5.0000 0.0123 
210.0000 4.6093 0.0377 4.0000 0.0166 
211.0000 4.5269 0.0625 20.0000 0.0331 
212.0000 4.5319 0.0826 5.0000 0.0334 
213.0000 4.5425 0.0181 7.0000 0.0209 
214.0000 4.5464 0.0773 10.0000 0.0165 
216.0000 4.5676 0.0501 7.0000 0.0103 
216.0000 4.5676 0.0349 3.0000 0.0206 
218.0000 4.5693 0.0720 5.0000 0.0375 
218.0000 4.5693 0.0626 8.0000 0.0144 
220.0000 4.5681 0.0877 4.0000 0.0387 
220.0000 4.5681 0.0557 7.0000 0.0151 
222.0000 4.5529 0.0185 4.0000 0.0110 
222.0000 4.5529 0.0906 11.0000 0.0113 
223.0000 4.3984 0.0395 11.0000 0.0193 
224.0000 4.3716 0.0650 9.0000 0.0094 
226.0000 4.3023 0.0172 3.0000 0.0105 
226.0000 4.3023 0.0621 6.0000 0.0136 
227.0000 4.2725 0.0202 7.0000 0.0474 
229.0000 4.2447 0.0576 5.0000 0.0226 
229.0000 4.2447 0.0458 4.0000 0.0169 
231.0000 4.2557 0.0572 4.0000 0.0274 
231.0000 4.2557 0.0482 8.0000 0.0188 
232.0000 4.1930 0.0480 11.0000 0.0136 
235.0000 4.0934 0.0638 5.0000 0.0298 
235.0000 4.0934 0.0263 5.0000 0.0102 
235.0000 4.0934 0.0328 5.0000 0.0125 
236.0000 4.0922 0.0963 15.0000 0.0226 
238.0000 4.0476 0.1045 7.0000 0.0202 
238.0000 4.0476 0.0153 4.0000 0.0083 
246.0000 4.1165 0.0297 14.0000 0.0100 
246.0000 4.1165 0.0190 3.0000 0.0132 
246.0000 4.1165 0.0525 16.0000 0.0153 
246.0000 4.1165 0.0225 4.0000 0.0084 
246.0000 4.1165 0.0595 8.0000 0.0108 
246.0000 4.1165 0.0175 11.0000 0.0009 
246.0000 4.1165 0.0375 6.0000 0.0214 
246.0000 4.1165 0.0420 4.0000 0.0166 
247.0000 4.1194 0.1455 13.0000 0.0201 
248.0000 4.0404 0.0562 8.0000 0.0090 
250.0000 3.9701 0.0752 11.0000 0.0106 
250.0000 3.9701 0.0330 7.0000 0.0100 
252.0000 3.9430 0.0274 4.0000 0.0091 
252.0000 3.9430 0.0512 5.0000 0.0180 
253.0000 3.9347 0.0499 6.0000 0.0109 
254.0000 3.9017 0.0498 3.0000 0.0214 
255.0000 3.8872 0.0149 9.0000 0.0242 
256.0000 3.8415 0.0300 7.0000 0.0142 
260.0000 3.8673 0.0693 11.0000 0.0333 
260.0000 3.8673 0.0367 3.0000 0.0141 
260.0000 3.8673 0.0607 3.0000 0.0319 
260.0000 3.8673 0.0607 4.0000 0.0215 
266.0000 3.9169 0.0347 5.0000 0.0125 
266.0000 3.9169 0.0405 23.0000 0.0358 
266.0000 3.9169 0.0360 3.0000 0.0199 
266.0000 3.9169 0.0509 7.0000 0.0161 
266.0000 3.9169 0.0628 4.0000 0.0352 
266.0000 3.9169 0.0223 8.0000 0.0102 
267.0000 3.8701 0.0463 7.0000 0.0087 
269.0000 3.8727 0.0764 13.0000 0.0090 
269.0000 3.8727 0.0501 3.0000 0.0340 
272.0000 3.8763 0.0649 6.0000 0.0174 
272.0000 3.8763 0.0278 4.0000 0.0100 
272.0000 3.8763 0.0558 3.0000 0.0287 
275.0000 3.8974 0.0444 12.0000 0.0174 
275.0000 3.8974 0.0411 4.0000 0.0125 
275.0000 3.8974 0.0328 3.0000 0.0170 
277.0000 3.8904 0.0484 8.0000 0.0149 
277.0000 3.8904 0.0538 6.0000 0.0133 
278.0000 3.8756 0.1125 32.0000 0.0158 
287.0000 3.9597 0.0859 13.0000 0.0138 
287.0000 3.9597 0.0229 6.0000 0.0080 
287.0000 3.9597 0.0521 10.0000 0.0206 
287.0000 3.9597 0.0400 10.0000 0.0169 
287.0000 3.9597 0.0211 6.0000 0.0165 
287.0000 3.9597 0.0199 5.0000 0.0054 
287.0000 3.9597 0.0221 3.0000 0.0135 
287.0000 3.9597 0.0386 4.0000 0.0177 
287.0000 3.9597 0.0434 4.0000 0.0146 
289.0000 3.9643 0.0304 8.0000 0.0251 
289.0000 3.9643 0.0374 3.0000 0.0236 
296.0000 4.0289 0.0744 13.0000 0.0161 
296.0000 4.0289 0.0318 3.0000 0.0073 
296.0000 4.0289 0.0143 7.0000 0.0033 
296.0000 4.0289 0.0342 11.0000 0.0092 
296.0000 4.0289 0.0242 4.0000 0.0133 
296.0000 4.0289 0.0313 4.0000 0.0132 
296.0000 4.0289 0.0462 4.0000 0.0243 
299.0000 4.0280 0.0111 4.0000 0.0242 
299.0000 4.0280 0.0541 5.0000 0.0171 
299.0000 4.0280 0.0254 3.0000 0.0132 
303.0000 4.0519 0.0855 6.0000 0.0214 
303.0000 4.0519 0.0588 4.0000 0.0245 
303.0000 4.0519 0.0604 4.0000 0.0218 
303.0000 4.0519 0.0447 6.0000 0.0103 
305.0000 4.0683 0.0745 7.0000 0.0234 
305.0000 4.0683 0.0549 7.0000 0.0156 
306.0000 4.0751 0.0676 7.0000 0.0156 
308.0000 4.0532 0.0946 10.0000 0.0228 
308.0000 4.0532 0.0181 3.0000 0.0054 
310.0000 4.0507 0.0499 6.0000 0.0169 
310.0000 4.0507 0.0463 4.0000 0.0171 
312.0000 4.0477 0.0390 5.0000 0.0219 
312.0000 4.0477 0.0596 7.0000 0.0107 
315.0000 3.9873 0.0564 5.0000 0.0362 
315.0000 3.9873 0.0989 6.0000 0.0242 
315.0000 3.9873 0.0479 4.0000 0.0155 
317.0000 3.9960 0.0621 10.0000 0.0185 
317.0000 3.9960 0.0451 6.0000 0.0146 
322.0000 3.9441 0.0441 107.0000 0.0236 
322.0000 3.9441 0.1249 34.0000 0.0532 
322.0000 3.9441 0.1195 6.0000 0.0546 
322.0000 3.9441 0.1195 43.0000 0.0197 
322.0000 3.9441 0.0688 18.0000 0.0171 
324.0000 3.9493 0.0228 3.0000 0.0097 
324.0000 3.9493 0.0706 6.0000 0.0217 
325.0000 3.9533 0.0459 11.0000 0.0144 
327.0000 3.9579 0.0480 7.0000 0.0240 
327.0000 3.9579 0.0505 5.0000 0.0188 
331.0000 3.9793 0.0539 7.0000 0.0230 
331.0000 3.9793 0.0556 13.0000 0.0066 
331.0000 3.9793 0.0676 5.0000 0.0438 
331.0000 3.9793 0.0438 3.0000 0.0234 
332.0000 3.9751 0.1034 13.0000 0.0099 
334.0000 3.9790 0.0563 5.0000 0.0167 
334.0000 3.9790 0.0273 4.0000 0.0143 
337.0000 3.9694 0.0630 4.0000 0.0250 
337.0000 3.9694 0.0842 9.0000 0.0122 
337.0000 3.9694 0.0324 3.0000 0.0092 
340.0000 3.9930 0.0573 4.0000 0.0227 
340.0000 3.9930 0.0603 4.0000 0.0279 
340.0000 3.9930 0.0376 4.0000 0.0159 
346.0000 4.0289 0.0589 15.0000 0.0155 
346.0000 4.0289 0.0378 3.0000 0.0220 
346.0000 4.0289 0.0261 10.0000 0.0024 
346.0000 4.0289 0.0332 26.0000 0.0130 
346.0000 4.0289 0.0360 4.0000 0.0132 
346.0000 4.0289 0.0356 3.0000 0.0243 
347.0000 4.0269 0.0612 12.0000 0.0165 
348.0000 4.0101 0.0946 12.0000 0.0131 
350.0000 4.0124 0.0887 16.0000 0.0100 
350.0000 4.0124 0.0064 3.0000 0.0033 
352.0000 4.0146 0.0444 6.0000 0.0235 
352.0000 4.0146 0.0223 6.0000 0.0056 
357.0000 4.0027 0.0661 21.0000 0.0066 
357.0000 4.0027 0.0394 8.0000 0.0138 
357.0000 4.0027 0.0745 6.0000 0.0423 
357.0000 4.0027 0.0550 5.0000 0.0142 
357.0000 4.0027 0.0302 3.0000 0.0169 
359.0000 4.0202 0.0699 5.0000 0.0431 
359.0000 4.0202 0.0458 3.0000 0.0236 
361.0000 4.0165 0.0600 7.0000 0.0115 
361.0000 4.0165 0.0491 11.0000 0.0109 
362.0000 4.0066 0.0480 6.0000 0.0226 
364.0000 3.9834 0.0715 11.0000 0.0205 
364.0000 3.9834 0.0545 5.0000 0.0199 
365.0000 3.9721 0.0382 8.0000 0.0145 
366.0000 3.9683 0.0616 10.0000 0.0259 
368.0000 3.9232 0.0708 28.0000 0.0104 
368.0000 3.9232 0.0604 13.0000 0.0148 
369.0000 3.9168 0.0706 8.0000 0.0178 
371.0000 3.9147 0.0731 9.0000 0.0137 
371.0000 3.9147 0.0335 3.0000 0.0174 
372.0000 3.9067 0.0886 14.0000 0.0150 
374.0000 3.9138 0.0576 7.0000 0.0152 
374.0000 3.9138 0.0784 12.0000 0.0103 
376.0000 3.9150 0.0808 17.0000 0.0213 
376.0000 3.9150 0.0653 4.0000 0.0246 
379.0000 3.9377 0.0777 3.0000 0.0353 
379.0000 3.9377 0.0519 3.0000 0.0223 
379.0000 3.9377 0.0329 4.0000 0.0199 
381.0000 3.9457 0.0607 9.0000 0.0173 
381.0000 3.9457 0.0355 4.0000 0.0191 
384.0000 3.9641 0.1154 4.0000 0.0505 
384.0000 3.9641 0.0546 6.0000 0.0191 
384.0000 3.9641 0.0437 5.0000 0.0150 
386.0000 3.8900 0.0765 4.0000 0.0390 
386.0000 3.8900 0.0557 8.0000 0.0121 
387.0000 3.8910 0.0220 8.0000 0.0076 
389.0000 3.8997 0.0343 10.0000 0.0167 
389.0000 3.8997 0.0194 5.0000 0.0067 
391.0000 3.9014 0.0037 7.0000 0.0185 
391.0000 3.9014 0.0289 4.0000 0.0130 
392.0000 3.9021 0.0756 9.0000 0.0185 
398.0000 3.9254 0.1173 12.0000 0.0737 
398.0000 3.9254 0.1371 10.0000 0.0562 
398.0000 3.9254 0.1265 5.0000 0.0298 
398.0000 3.9254 0.2005 6.0000 0.0773 
398.0000 3.9254 0.1796 6.0000 0.0586 
398.0000 3.9254 0.1471 33.0000 0.0085 
399.0000 3.9283 0.0685 11.0000 0.0210 
401.0000 3.9291 0.0506 9.0000 0.0180 
401.0000 3.9291 0.0453 4.0000 0.0193 
402.0000 3.9258 0.0854 12.0000 0.0230 
404.0000 3.9273 0.0887 15.0000 0.0342 
404.0000 3.9273 0.0080 4.0000 0.0027 
406.0000 3.9322 0.0346 6.0000 0.0210 
406.0000 3.9322 0.0327 3.0000 0.0163 
408.0000 3.9455 0.0638 6.0000 0.0124 
408.0000 3.9455 0.0202 4.0000 0.0128 
409.0000 3.9441 0.0714 7.0000 0.0089 
410.0000 3.9488 0.0551 9.0000 0.0190 
411.0000 3.9485 0.0052 7.0000 0.0184 
414.0000 3.9361 0.0342 3.0000 0.0141 
414.0000 3.9361 0.0667 11.0000 0.0198 
414.0000 3.9361 0.0517 3.0000 0.0303 
415.0000 3.9363 0.0749 9.0000 0.0217 
417.0000 3.9403 0.0842 5.0000 0.0220 
417.0000 3.9403 0.0297 4.0000 0.0125 
418.0000 3.9308 0.0660 13.0000 0.0107 
424.0000 3.9582 0.0151 10.0000 0.0108 
424.0000 3.9582 0.0540 9.0000 0.0206 
424.0000 3.9582 0.0452 21.0000 0.0152 
424.0000 3.9582 0.0208 3.0000 0.0077 
424.0000 3.9582 0.0274 11.0000 0.0113 
424.0000 3.9582 0.0642 10.0000 0.0184 
425.0000 3.9531 0.0601 13.0000 0.0102 
426.0000 3.9474 0.1133 11.0000 0.0177 
428.0000 3.9494 0.0508 8.0000 0.0133 
428.0000 3.9494 0.0599 9.0000 0.0222 
430.0000 3.9548 0.0475 9.0000 0.0287 
430.0000 3.9548 0.0351 5.0000 0.0141 
432.0000 3.9564 0.0705 12.0000 0.0204 
432.0000 3.9564 0.0437 5.0000 0.0119 
435.0000 3.9726 0.0767 4.0000 0.0311 
435.0000 3.9726 0.0698 9.0000 0.0221 
435.0000 3.9726 0.0291 3.0000 0.0092 
436.0000 3.9493 0.0638 12.0000 0.0094 
438.0000 3.9516 0.1198 14.0000 0.0189 
438.0000 3.9516 0.0426 3.0000 0.0268 
440.0000 3.9529 0.0600 10.0000 0.0104 
440.0000 3.9529 0.0406 4.0000 0.0252 
442.0000 3.9581 0.0531 4.0000 0.0147 
442.0000 3.9581 0.0467 12.0000 0.0208 
444.0000 3.9583 0.0630 6.0000 0.0133 
444.0000 3.9583 0.0835 9.0000 0.0183 
445.0000 3.9489 0.0666 11.0000 0.0127 
446.0000 3.9375 0.0926 14.0000 0.0209 
448.0000 3.9447 0.0612 5.0000 0.0194 
448.0000 3.9447 0.0317 5.0000 0.0114 
450.0000 3.9491 0.0688 8.0000 0.0209 
450.0000 3.9491 0.0317 5.0000 0.0079 
452.0000 3.9576 0.0309 3.0000 0.0095 
452.0000 3.9576 0.0775 8.0000 0.0203 
455.0000 3.9686 0.0291 3.0000 0.0182 
455.0000 3.9686 0.0524 6.0000 0.0101 
455.0000 3.9686 0.0099 4.0000 0.0064 
458.0000 3.9691 0.0735 10.0000 0.0082 
458.0000 3.9691 0.0203 5.0000 0.0129 
458.0000 3.9691 0.0355 4.0000 0.0186 
459.0000 3.9678 0.0323 7.0000 0.0116 
460.0000 3.9720 0.0561 9.0000 0.0159 
468.0000 4.0041 0.0472 15.0000 0.0126 
468.0000 4.0041 0.0206 7.0000 0.0053 
468.0000 4.0041 0.0169 5.0000 0.0075 
468.0000 4.0041 0.0343 6.0000 0.0086 
468.0000 4.0041 0.0322 4.0000 0.0171 
468.0000 4.0041 0.0749 18.0000 0.0137 
468.0000 4.0041 0.0198 4.0000 0.0120 
468.0000 4.0041 0.0434 7.0000 0.0113 
488.0000 4.1188 0.0309 3.0000 0.0202 
488.0000 4.1188 0.0329 5.0000 0.0054 
488.0000 4.1188 0.0088 3.0000 0.0078 
488.0000 4.1188 0.0567 5.0000 0.0323 
488.0000 4.1188 0.0445 6.0000 0.0083 
488.0000 4.1188 0.0211 3.0000 0.0161 
488.0000 4.1188 0.0487 6.0000 0.0186 
488.0000 4.1188 0.0293 8.0000 0.0057 
488.0000 4.1188 0.0439 8.0000 0.0093 
488.0000 4.1188 0.0468 11.0000 0.0054 
488.0000 4.1188 0.0704 22.0000 0.0135 
488.0000 4.1188 0.0402 13.0000 0.0038 
488.0000 4.1188 0.0241 4.0000 0.0099 
488.0000 4.1188 0.0416 3.0000 0.0284 
488.0000 4.1188 0.0567 14.0000 0.0308 
488.0000 4.1188 0.0686 7.0000 0.0162 
488.0000 4.1188 0.0381 7.0000 0.0094 
488.0000 4.1188 0.0110 5.0000 0.0020 
488.0000 4.1188 0.0388 4.0000 0.0291 
488.0000 4.1188 0.0677 4.0000 0.0235 
491.0000 4.1288 0.0549 8.0000 0.0159 
491.0000 4.1288 0.0077 3.0000 0.0018 
491.0000 4.1288 0.0450 7.0000 0.0104 
493.0000 4.1359 0.0981 10.0000 0.0227 
493.0000 4.1359 0.0639 3.0000 0.0331 
498.0000 4.1510 0.0236 3.0000 0.0052 
498.0000 4.1510 0.0269 5.0000 0.0091 
498.0000 4.1510 0.0517 5.0000 0.0110 
498.0000 4.1510 0.0178 10.0000 0.0128 
498.0000 4.1510 0.0685 9.0000 0.0204 
506.0000 4.1853 0.0211 4.0000 0.0081 
506.0000 4.1853 0.0290 8.0000 0.0204 
506.0000 4.1853 0.0327 5.0000 0.0140 
506.0000 4.1853 0.0284 10.0000 0.0463 
506.0000 4.1853 0.0355 3.0000 0.0162 
506.0000 4.1853 0.0856 3.0000 0.0424 
506.0000 4.1853 0.0538 9.0000 0.0166 
506.0000 4.1853 0.0586 4.0000 0.0182 
510.0000 4.1958 0.0282 3.0000 0.0185 
510.0000 4.1958 0.0566 10.0000 0.0100 
510.0000 4.1958 0.0240 3.0000 0.0148 
510.0000 4.1958 0.0371 3.0000 0.0227 
514.0000 4.2017 0.0419 12.0000 0.0090 
514.0000 4.2017 0.0219 5.0000 0.0041 
514.0000 4.2017 0.0313 4.0000 0.0131 
514.0000 4.2017 0.0296 5.0000 0.0116 
515.0000 4.1952 0.0800 8.0000 0.0091 
517.0000 4.2026 0.0420 3.0000 0.0202 
517.0000 4.2026 0.0495 3.0000 0.0291 
518.0000 4.1784 0.1360 8.0000 0.0335 
520.0000 4.1807 0.0797 7.0000 0.0346 
520.0000 4.1807 0.1081 13.0000 0.0144 
522.0000 4.1763 0.0552 7.0000 0.0324 
522.0000 4.1763 0.0756 4.0000 0.0558 
525.0000 4.1740 0.0967 8.0000 0.0301 
525.0000 4.1740 0.0796 15.0000 0.0275 
525.0000 4.1740 0.0380 4.0000 0.0109 
527.0000 4.1644 0.0155 7.0000 0.0231 
527.0000 4.1644 0.1422 40.0000 0.0818 
529.0000 4.1238 0.0555 57.0000 0.0507 
529.0000 4.1238 0.1039 13.0000 0.0070 
530.0000 4.1139 0.0444 7.0000 0.0136 
532.0000 4.1122 0.0695 6.0000 0.0171 
532.0000 4.1122 0.0296 5.0000 0.0148 
533.0000 4.1104 0.1351 13.0000 0.0124 
534.0000 4.1049 0.1280 12.0000 0.0109 
536.0000 4.0994 0.0897 8.0000 0.0161 
536.0000 4.0994 0.0467 6.0000 0.0324 
538.0000 4.1059 0.1279 10.0000 0.0126 
538.0000 4.1059 0.0476 5.0000 0.0204 
540.0000 4.1074 0.0714 6.0000 0.0334 
540.0000 4.1074 0.0451 6.0000 0.0109 
542.0000 4.1045 0.0887 25.0000 0.0123 
542.0000 4.1045 0.1064 12.0000 0.0163 
543.0000 4.1065 0.0633 10.0000 0.0288 
544.0000 4.1050 0.0308 9.0000 0.0350 
546.0000 4.1053 0.0828 10.0000 0.0150 
546.0000 4.1053 0.0098 3.0000 0.0059 
547.0000 4.0943 0.0807 30.0000 0.0154 
548.0000 4.0941 0.1316 11.0000 0.0229 
549.0000 4.0894 0.0785 4.0000 0.0275 
551.0000 4.0991 0.0457 7.0000 0.0539 
551.0000 4.0991 0.0702 6.0000 0.0288 
552.0000 4.0965 0.0498 7.0000 0.0111 
554.0000 4.1046 0.0376 10.0000 0.0116 
554.0000 4.1046 0.0346 5.0000 0.0114 
556.0000 4.1039 0.0738 14.0000 0.0207 
556.0000 4.1039 0.0910 16.0000 0.0156 
558.0000 4.1063 0.0693 9.0000 0.0187 
558.0000 4.1063 0.0639 4.0000 0.0229 
559.0000 4.1037 0.0987 8.0000 0.0164 
560.0000 4.0942 0.1130 8.0000 0.0193 
561.0000 4.0815 0.0823 8.0000 0.0212 
563.0000 4.0750 0.1010 9.0000 0.0154 
563.0000 4.0750 0.0240 3.0000 0.0171 
564.0000 4.0593 0.0548 5.0000 0.0495 
566.0000 4.0638 0.0660 4.0000 0.0330 
566.0000 4.0638 0.0432 4.0000 0.0168 
568.0000 4.0705 0.0866 10.0000 0.0162 
568.0000 4.0705 0.0409 3.0000 0.0242 
569.0000 4.0698 0.0217 13.0000 0.0151 
571.0000 4.0745 0.0685 12.0000 0.0125 
571.0000 4.0745 0.0356 3.0000 0.0187 
573.0000 4.0722 0.0604 14.0000 0.0242 
573.0000 4.0722 0.0485 4.0000 0.0343 
575.0000 4.0616 0.0688 9.0000 0.0181 
575.0000 4.0616 0.0503 4.0000 0.0227 
576.0000 4.0381 0.0746 10.0000 0.0162 
579.0000 4.0410 0.1344 15.0000 0.0153 
579.0000 4.0410 0.1432 6.0000 0.0567 
579.0000 4.0410 0.1107 8.0000 0.0163 
580.0000 4.0325 0.0553 12.0000 0.0184 
582.0000 4.0338 0.1104 13.0000 0.0142 
582.0000 4.0338 0.0218 3.0000 0.0145 
584.0000 4.0371 0.0579 10.0000 0.0321 
584.0000 4.0371 0.0638 5.0000 0.0330 
585.0000 4.0392 0.0798 8.0000 0.0176 
588.0000 4.0460 0.0271 10.0000 0.0115 
588.0000 4.0460 0.0245 4.0000 0.0058 
588.0000 4.0460 0.0342 4.0000 0.0217 
591.0000 4.0521 0.0416 15.0000 0.0090 
591.0000 4.0521 0.0533 6.0000 0.0151 
591.0000 4.0521 0.0320 4.0000 0.0118 
592.0000 4.0520 0.0622 9.0000 0.0257 
594.0000 4.0607 0.0668 4.0000 0.0215 
594.0000 4.0607 0.0056 3.0000 0.0022 
598.0000 4.0822 0.0476 4.0000 0.0279 
598.0000 4.0822 0.0740 5.0000 0.0184 
598.0000 4.0822 0.0288 3.0000 0.0160 
598.0000 4.0822 0.0296 3.0000 0.0118 
601.0000 4.0851 0.0893 9.0000 0.0279 
601.0000 4.0851 0.0225 3.0000 0.0178 
601.0000 4.0851 0.0406 3.0000 0.0207 
602.0000 4.0841 0.0490 7.0000 0.0230 
618.0000 4.1529 0.0246 5.0000 0.0049 
618.0000 4.1529 0.0398 5.0000 0.0144 
618.0000 4.1529 0.0496 7.0000 0.0084 
618.0000 4.1529 0.0219 3.0000 0.0160 
618.0000 4.1529 0.0193 6.0000 0.0065 
618.0000 4.1529 0.0303 4.0000 0.0108 
618.0000 4.1529 0.0073 3.0000 0.0036 
618.0000 4.1529 0.0195 3.0000 0.0136 
618.0000 4.1529 0.0628 4.0000 0.0177 
618.0000 4.1529 0.0275 3.0000 0.0202 
618.0000 4.1529 0.0602 5.0000 0.0166 
618.0000 4.1529 0.0191 3.0000 0.0094 
618.0000 4.1529 0.0153 3.0000 0.0077 
618.0000 4.1529 0.0222 8.0000 0.0076 
618.0000 4.1529 0.0179 7.0000 0.0323 
618.0000 4.1529 0.0285 4.0000 0.0169 
621.0000 4.1538 0.0698 16.0000 0.0200 
621.0000 4.1538 0.1354 18.0000 0.0267 
621.0000 4.1538 0.1088 11.0000 0.0167 
623.0000 4.1519 0.1440 11.0000 0.0181 
623.0000 4.1519 0.0082 4.0000 0.0039 
625.0000 4.1528 0.0699 13.0000 0.0248 
625.0000 4.1528 0.0405 4.0000 0.0096 
626.0000 4.1454 0.0658 7.0000 0.0253 
628.0000 4.1526 0.0924 7.0000 0.0359 
628.0000 4.1526 0.0596 7.0000 0.0178 
629.0000 4.1466 0.1116 10.0000 0.0153 
632.0000 4.1549 0.0596 7.0000 0.0154 
632.0000 4.1549 0.0270 3.0000 0.0193 
632.0000 4.1549 0.0324 4.0000 0.0148 
633.0000 4.1530 0.0597 7.0000 0.0185 
634.0000 4.1487 0.0839 10.0000 0.0136 
635.0000 4.1411 0.0655 13.0000 0.0082 
636.0000 4.1366 0.0694 9.0000 0.0154 
638.0000 4.1345 0.0501 6.0000 0.0351 
638.0000 4.1345 0.0949 5.0000 0.0261 
639.0000 4.1149 0.0519 7.0000 0.0186 
640.0000 4.1152 0.0411 9.0000 0.0207 
641.0000 4.0940 0.0598 14.0000 0.0145 
642.0000 4.0897 0.0216 9.0000 0.0135 
644.0000 4.0930 0.0005 11.0000 0.0093 
644.0000 4.0930 0.0310 3.0000 0.0236 
646.0000 4.0985 0.0705 8.0000 0.0210 
646.0000 4.0985 0.0481 3.0000 0.0215 
648.0000 4.1000 0.0713 9.0000 0.0118 
648.0000 4.1000 0.0246 3.0000 0.0167 
650.0000 4.1087 0.0583 4.0000 0.0315 
650.0000 4.1087 0.0291 5.0000 0.0077 
652.0000 4.1055 0.0801 7.0000 0.0154 
652.0000 4.1055 0.0577 11.0000 0.0234 
655.0000 4.1200 0.0446 8.0000 0.0212 
655.0000 4.1200 0.0363 4.0000 0.0154 
655.0000 4.1200 0.0311 3.0000 0.0156 
659.0000 4.1198 0.0668 16.0000 0.0127 
659.0000 4.1198 0.0358 15.0000 0.0063 
659.0000 4.1198 0.0367 5.0000 0.0254 
659.0000 4.1198 0.0262 7.0000 0.0048 
660.0000 4.0966 0.0855 14.0000 0.0117 
661.0000 4.0858 0.0632 12.0000 0.0134 
664.0000 4.0884 0.0522 8.0000 0.0150 
664.0000 4.0884 0.0180 4.0000 0.0079 
664.0000 4.0884 0.0216 3.0000 0.0108 
665.0000 4.0695 0.0937 10.0000 0.0157 
667.0000 4.0582 0.0800 5.0000 0.0226 
667.0000 4.0582 0.0371 5.0000 0.0304 
669.0000 4.0425 0.0251 8.0000 0.0320 
669.0000 4.0425 0.0743 3.0000 0.0353 
671.0000 4.0339 0.0391 5.0000 0.0131 
671.0000 4.0339 0.0614 4.0000 0.0253 
672.0000 4.0271 0.0613 9.0000 0.0113 
678.0000 4.0536 0.0536 4.0000 0.0213 
678.0000 4.0536 0.0578 8.0000 0.0121 
678.0000 4.0536 0.0437 8.0000 0.0258 
678.0000 4.0536 0.0432 3.0000 0.0184 
678.0000 4.0536 0.0160 6.0000 0.0061 
678.0000 4.0536 0.0289 4.0000 0.0135 
682.0000 4.0653 0.0647 4.0000 0.0170 
682.0000 4.0653 0.0544 11.0000 0.0245 
682.0000 4.0653 0.1012 19.0000 0.0201 
682.0000 4.0653 0.0874 4.0000 0.0280 
692.0000 4.0821 0.0065 22.0000 0.0238 
692.0000 4.0821 0.0715 6.0000 0.0194 
692.0000 4.0821 0.0615 37.0000 0.0180 
692.0000 4.0821 0.0884 31.0000 0.0203 
692.0000 4.0821 0.0474 12.0000 0.0135 
692.0000 4.0821 0.0151 3.0000 0.0101 
692.0000 4.0821 0.0572 5.0000 0.0129 
692.0000 4.0821 0.0499 4.0000 0.0341 
692.0000 4.0821 0.0724 4.0000 0.0230 
692.0000 4.0821 0.0454 39.0000 0.0118 
694.0000 4.0879 0.0720 4.0000 0.0195 
694.0000 4.0879 0.0440 10.0000 0.0076 
695.0000 4.0796 0.1105 11.0000 0.0152 
697.0000 4.0803 0.0594 14.0000 0.0204 
697.0000 4.0803 0.0475 8.0000 0.0066 
702.0000 4.0902 0.1270 13.0000 0.0399 
702.0000 4.0902 0.0455 7.0000 0.0146 
702.0000 4.0902 0.0379 12.0000 0.0217 
702.0000 4.0902 0.0353 12.0000 0.0032 
702.0000 4.0902 0.0565 8.0000 0.0107 
704.0000 4.0918 0.0998 18.0000 0.0188 
704.0000 4.0918 0.0276 3.0000 0.0070 
713.0000 4.1321 0.0844 12.0000 0.0234 
713.0000 4.1321 0.0528 3.0000 0.0294 
713.0000 4.1321 0.0416 3.0000 0.0138 
713.0000 4.1321 0.0156 3.0000 0.0060 
713.0000 4.1321 0.0349 3.0000 0.0193 
713.0000 4.1321 0.0185 4.0000 0.0091 
713.0000 4.1321 0.0289 3.0000 0.0174 
713.0000 4.1321 0.0348 4.0000 0.0091 
713.0000 4.1321 0.0267 6.0000 0.0104 
714.0000 4.1296 0.0845 16.0000 0.0221 
716.0000 4.1280 0.1058 5.0000 0.0357 
716.0000 4.1280 0.0852 9.0000 0.0167 
718.0000 4.1345 0.0626 11.0000 0.0188 
718.0000 4.1345 0.0302 3.0000 0.0206 
724.0000 4.1450 0.1151 11.0000 0.0305 
724.0000 4.1450 0.0386 4.0000 0.0156 
724.0000 4.1450 0.0428 7.0000 0.0113 
724.0000 4.1450 0.1115 18.0000 0.0232 
724.0000 4.1450 0.0509 14.0000 0.0300 
724.0000 4.1450 0.0555 5.0000 0.0196 
726.0000 4.1464 0.0601 16.0000 0.0100 
726.0000 4.1464 0.0336 3.0000 0.0209 
728.0000 4.1477 0.0920 17.0000 0.0137 
728.0000 4.1477 0.0503 4.0000 0.0194 
729.0000 4.1416 0.0321 14.0000 0.0076 
730.0000 4.1411 0.0432 9.0000 0.0199 
732.0000 4.1447 0.1007 7.0000 0.0193 
732.0000 4.1447 0.0446 3.0000 0.0319 
735.0000 4.1525 0.0695 3.0000 0.0395 
735.0000 4.1525 0.0703 4.0000 0.0324 
735.0000 4.1525 0.0822 10.0000 0.0098 
738.0000 4.1540 0.1223 7.0000 0.0379 
738.0000 4.1540 0.0627 9.0000 0.0203 
738.0000 4.1540 0.0580 5.0000 0.0159 
740.0000 4.1578 0.0471 6.0000 0.0120 
740.0000 4.1578 0.0557 12.0000 0.0092 
742.0000 4.1566 0.0624 7.0000 0.0151 
742.0000 4.1566 0.0678 3.0000 0.0337 
743.0000 4.1569 0.0533 3.0000 0.0252 
745.0000 4.1618 0.0722 3.0000 0.0305 
745.0000 4.1618 0.0734 7.0000 0.0127 
746.0000 4.1590 0.0485 3.0000 0.0278 
748.0000 4.1565 0.0755 5.0000 0.0180 
748.0000 4.1565 0.0735 6.0000 0.0206 
749.0000 4.1581 0.0652 11.0000 0.0124 
751.0000 4.1639 0.0581 3.0000 0.0430 
751.0000 4.1639 0.0664 6.0000 0.0108 
755.0000 4.1729 0.0476 6.0000 0.0250 
755.0000 4.1729 0.0511 9.0000 0.0191 
755.0000 4.1729 0.0193 9.0000 0.0025 
755.0000 4.1729 0.0166 5.0000 0.0094 
756.0000 4.1754 0.0626 4.0000 0.0346 
758.0000 4.1747 0.0804 10.0000 0.0145 
758.0000 4.1747 0.0348 4.0000 0.0247 
759.0000 4.1747 0.1051 11.0000 0.0322 
761.0000 4.1815 0.0417 7.0000 0.0313 
761.0000 4.1815 0.0537 4.0000 0.0224 
764.0000 4.1861 0.0680 11.0000 0.0152 
764.0000 4.1861 0.0349 3.0000 0.0211 
764.0000 4.1861 0.0425 5.0000 0.0107 
766.0000 4.1778 0.0373 4.0000 0.0073 
766.0000 4.1778 0.0594 8.0000 0.0188 
767.0000 4.1703 0.0560 12.0000 0.0138 
768.0000 4.1712 0.0675 7.0000 0.0193 