
1.0000 0.8130 0.0855 6.0000 0.0442 
3.0000 0.2461 0.0482 5.0000 0.0212 
3.0000 0.2461 0.0233 4.0000 0.0138 
4.0000 0.3167 0.1222 15.0000 0.0371 
6.0000 0.4662 0.0033 6.0000 0.0181 
6.0000 0.4662 0.0595 3.0000 0.0402 
7.0000 0.4214 0.0783 7.0000 0.0217 
8.0000 0.1872 0.1314 12.0000 0.0185 
9.0000 0.2006 0.0906 5.0000 0.0287 
10.0000 0.1824 0.0754 4.0000 0.0208 
11.0000 0.1632 0.0438 5.0000 0.0045 
12.0000 0.1465 0.0734 8.0000 0.0191 
14.0000 0.1685 0.1005 7.0000 0.0258 
14.0000 0.1685 0.0642 4.0000 0.0215 
15.0000 0.1799 0.0665 6.0000 0.0149 
16.0000 0.1811 0.0813 7.0000 0.0221 
17.0000 0.1844 0.1027 9.0000 0.0158 
18.0000 0.1792 0.0899 7.0000 0.0174 
19.0000 0.1817 0.1247 7.0000 0.0174 
20.0000 0.1813 0.1042 7.0000 0.0243 
21.0000 0.1867 0.1019 9.0000 0.0073 
23.0000 0.2014 0.0498 7.0000 0.0130 
23.0000 0.2014 0.0275 3.0000 0.0159 
24.0000 0.1815 0.1499 10.0000 0.0237 
25.0000 0.1804 0.1027 7.0000 0.0173 
26.0000 0.1751 0.0480 7.0000 0.0125 
27.0000 0.1781 0.1035 6.0000 0.0102 
28.0000 0.1832 0.0465 5.0000 0.0245 
29.0000 0.1888 0.0530 4.0000 0.0205 
30.0000 0.1938 0.1335 8.0000 0.0207 
31.0000 0.1983 0.0887 10.0000 0.0170 
32.0000 0.1989 0.1116 7.0000 0.0155 
33.0000 0.2001 0.0192 6.0000 0.0192 
34.0000 0.1882 0.1295 4.0000 0.0756 
35.0000 0.1897 0.0458 7.0000 0.0190 
36.0000 0.1936 0.1368 8.0000 0.0298 
37.0000 0.1956 0.1480 5.0000 0.0489 