
1.0000 0.1259 0.1415 4.0000 0.0849 
3.0000 0.2504 0.0649 5.0000 0.0176 
3.0000 0.2504 0.0261 3.0000 0.0217 
4.0000 0.2753 0.0536 3.0000 0.0270 
5.0000 0.2691 0.0932 6.0000 0.0241 
6.0000 0.2481 0.0997 6.0000 0.0426 
7.0000 0.1647 0.1059 9.0000 0.0233 
8.0000 0.1495 0.1006 8.0000 0.0273 
9.0000 0.1441 0.0476 7.0000 0.0121 
10.0000 0.1489 0.1233 7.0000 0.0308 
11.0000 0.1629 0.0501 5.0000 0.0168 
12.0000 0.1348 0.0669 8.0000 0.0163 
13.0000 0.1380 0.1335 7.0000 0.0390 
16.0000 0.1647 0.0463 4.0000 0.0140 
16.0000 0.1647 0.1897 4.0000 0.0721 
16.0000 0.1647 0.0818 5.0000 0.0055 
17.0000 0.1748 0.2398 6.0000 0.0823 
18.0000 0.1757 0.0535 3.0000 0.0305 
19.0000 0.1852 0.0972 7.0000 0.0248 
22.0000 0.1855 0.0217 4.0000 0.0379 
22.0000 0.1855 0.1027 5.0000 0.0288 
22.0000 0.1855 0.0719 4.0000 0.0251 
23.0000 0.1745 0.1059 8.0000 0.0243 
24.0000 0.1725 0.0596 5.0000 0.0232 
25.0000 0.1772 0.0768 3.0000 0.0379 
26.0000 0.1840 0.0773 4.0000 0.0260 
27.0000 0.1900 0.1577 9.0000 0.0271 
28.0000 0.1967 0.1179 5.0000 0.0490 
29.0000 0.2035 0.0731 7.0000 0.0223 
31.0000 0.2151 0.0947 4.0000 0.0310 
31.0000 0.2151 0.0405 4.0000 0.0189 
32.0000 0.2195 0.1163 8.0000 0.0633 
33.0000 0.2045 0.1049 9.0000 0.0172 
34.0000 0.2076 0.0614 5.0000 0.0103 
36.0000 0.2165 0.0663 5.0000 0.0306 
36.0000 0.2165 0.0270 3.0000 0.0065 
37.0000 0.2203 0.1014 5.0000 0.0271 
38.0000 0.2240 0.0476 4.0000 0.0118 
40.0000 0.2311 0.0605 8.0000 0.0316 
40.0000 0.2311 0.0993 7.0000 0.0215 
41.0000 0.2366 0.1448 11.0000 0.0249 
42.0000 0.2417 0.0535 7.0000 0.0681 
43.0000 0.2433 0.0866 5.0000 0.0165 
45.0000 0.2531 0.1571 4.0000 0.0855 
45.0000 0.2531 0.1295 4.0000 0.0627 
46.0000 0.2584 0.1022 8.0000 0.0235 
47.0000 0.2618 0.1021 10.0000 0.0142 
48.0000 0.2608 0.0520 5.0000 0.0262 