
1.0000 5.5556 0.0210 4.0000 0.0455 
2.0000 2.7397 0.1696 9.0000 0.0271 
3.0000 1.0239 0.1463 7.0000 0.0368 
5.0000 1.6287 0.0932 5.0000 0.0228 
5.0000 1.6287 0.1702 5.0000 0.0497 
6.0000 1.7045 0.1433 7.0000 0.0383 
7.0000 1.7857 0.1621 5.0000 0.0365 
8.0000 1.3699 0.1227 6.0000 0.0298 
9.0000 1.1111 0.0819 3.0000 0.0225 
10.0000 1.0811 0.1660 8.0000 0.0240 
12.0000 1.0959 0.1251 7.0000 0.0246 
12.0000 1.0959 0.0075 3.0000 0.0015 
13.0000 1.1073 0.1629 9.0000 0.0283 
14.0000 1.1609 0.1659 7.0000 0.0348 
15.0000 1.0925 0.1474 11.0000 0.0200 
16.0000 0.8484 0.1154 9.0000 0.0186 
17.0000 0.8551 0.1039 4.0000 0.0309 
18.0000 0.8443 0.0232 7.0000 0.0438 
19.0000 0.8724 0.1542 9.0000 0.0245 
20.0000 0.8251 0.1151 5.0000 0.0271 
21.0000 0.8232 0.1015 3.0000 0.0547 
22.0000 0.7488 0.0436 9.0000 0.0319 
23.0000 0.7697 0.1692 5.0000 0.0468 
26.0000 0.8578 0.1657 7.0000 0.0362 
26.0000 0.8578 0.1233 4.0000 0.0477 
26.0000 0.8578 0.1559 12.0000 0.0169 
27.0000 0.8832 0.1926 7.0000 0.0550 
28.0000 0.9112 0.1364 8.0000 0.0298 
29.0000 0.9379 0.1591 5.0000 0.0516 
30.0000 0.9622 0.1299 4.0000 0.0397 
31.0000 0.8225 0.1446 9.0000 0.0182 
32.0000 0.8228 0.1702 14.0000 0.0244 
33.0000 0.8367 0.1797 7.0000 0.0405 
36.0000 0.8778 0.1262 11.0000 0.0237 
36.0000 0.8778 0.0271 3.0000 0.0158 
36.0000 0.8778 0.0312 4.0000 0.0121 
37.0000 0.8998 0.1548 8.0000 0.0244 
38.0000 0.9139 0.1533 6.0000 0.0311 
39.0000 0.8530 0.1148 7.0000 0.0187 
40.0000 0.8540 0.1453 8.0000 0.0234 
41.0000 0.8551 0.0774 3.0000 0.0332 
42.0000 0.7723 0.1598 11.0000 0.0222 
43.0000 0.7801 0.0989 4.0000 0.0239 
44.0000 0.7644 0.1692 7.0000 0.0282 
46.0000 0.7344 0.0689 6.0000 0.0201 
46.0000 0.7344 0.1119 9.0000 0.0304 
48.0000 0.7493 0.0889 6.0000 0.0285 
48.0000 0.7493 0.0293 5.0000 0.0124 
49.0000 0.7561 0.0687 3.0000 0.0216 
50.0000 0.7042 0.1525 5.0000 0.0364 
51.0000 0.7161 0.1837 7.0000 0.0444 
52.0000 0.7227 0.1058 6.0000 0.0265 
53.0000 0.7069 0.0686 8.0000 0.0412 
55.0000 0.7305 0.1145 6.0000 0.0210 
55.0000 0.7305 0.0437 5.0000 0.0176 
56.0000 0.7345 0.0546 4.0000 0.0236 
57.0000 0.7341 0.0421 9.0000 0.0411 
58.0000 0.7372 0.0829 4.0000 0.0308 
59.0000 0.7352 0.1194 4.0000 0.0472 
60.0000 0.7161 0.0689 4.0000 0.0166 
61.0000 0.7258 0.1060 5.0000 0.0354 
62.0000 0.7178 0.1938 6.0000 0.0450 
63.0000 0.7271 0.1219 6.0000 0.0260 
65.0000 0.7157 0.1248 7.0000 0.0351 
65.0000 0.7157 0.1372 7.0000 0.0296 
66.0000 0.7075 0.0849 3.0000 0.0295 
67.0000 0.6957 0.1900 7.0000 0.0436 
68.0000 0.7018 0.0926 6.0000 0.0183 
69.0000 0.7090 0.1880 7.0000 0.0316 
70.0000 0.7161 0.1291 9.0000 0.0054 
71.0000 0.7053 0.1416 5.0000 0.0367 
72.0000 0.7132 0.0958 6.0000 0.0309 
73.0000 0.6966 0.1257 9.0000 0.0403 