
1.0000 0.9804 0.2113 11.0000 0.0219 
2.0000 1.6000 0.1490 12.0000 0.0163 
3.0000 0.2962 0.2092 10.0000 0.0266 
5.0000 0.4859 0.1473 8.0000 0.0232 
5.0000 0.4859 0.0130 3.0000 0.0076 
6.0000 0.5597 0.1856 7.0000 0.0404 
7.0000 0.6195 0.1609 8.0000 0.0292 
8.0000 0.6061 0.2217 14.0000 0.0258 
9.0000 0.4539 0.0787 5.0000 0.0169 
10.0000 0.4812 0.0876 11.0000 0.0099 
11.0000 0.4882 0.1764 12.0000 0.0231 
12.0000 0.5159 0.0976 8.0000 0.0108 
13.0000 0.4809 0.1089 14.0000 0.0192 
14.0000 0.4926 0.0825 10.0000 0.0245 
15.0000 0.5074 0.1843 9.0000 0.0270 
16.0000 0.4369 0.0951 13.0000 0.0364 
17.0000 0.3752 0.0429 8.0000 0.0254 
21.0000 0.4271 0.0047 4.0000 0.0362 
21.0000 0.4271 0.0430 7.0000 0.0203 
21.0000 0.4271 0.0125 3.0000 0.0042 
21.0000 0.4271 0.0258 4.0000 0.0139 
22.0000 0.3854 0.1253 12.0000 0.0060 
30.0000 0.4535 0.0372 3.0000 0.0189 
30.0000 0.4535 0.0203 3.0000 0.0111 
30.0000 0.4535 0.0382 3.0000 0.0173 
30.0000 0.4535 0.0195 6.0000 0.0043 
30.0000 0.4535 0.0863 19.0000 0.0106 
30.0000 0.4535 0.0158 6.0000 0.0032 
30.0000 0.4535 0.0428 18.0000 0.0085 
30.0000 0.4535 0.0302 6.0000 0.0095 
31.0000 0.4634 0.1446 10.0000 0.0131 
32.0000 0.4738 0.0730 8.0000 0.0131 
33.0000 0.4703 0.0738 12.0000 0.0184 
34.0000 0.4754 0.1524 9.0000 0.0271 
35.0000 0.4840 0.0934 8.0000 0.0167 
36.0000 0.4967 0.2054 11.0000 0.0268 
37.0000 0.5053 0.1679 11.0000 0.0259 
38.0000 0.5171 0.1214 7.0000 0.0232 
40.0000 0.4149 0.0669 7.0000 0.0247 
40.0000 0.4149 0.0272 5.0000 0.0114 
41.0000 0.4217 0.0836 12.0000 0.0215 
43.0000 0.4084 0.0723 6.0000 0.0278 
43.0000 0.4084 0.0321 3.0000 0.0234 
44.0000 0.4158 0.0605 6.0000 0.0077 
46.0000 0.4327 0.0911 8.0000 0.0103 
46.0000 0.4327 0.0083 3.0000 0.0065 
47.0000 0.4388 0.0532 14.0000 0.0105 
48.0000 0.4235 0.0219 7.0000 0.0155 
49.0000 0.4294 0.0549 7.0000 0.0147 
50.0000 0.4362 0.0843 10.0000 0.0137 
52.0000 0.4423 0.0610 5.0000 0.0156 
52.0000 0.4423 0.0055 4.0000 0.0020 
53.0000 0.4399 0.1387 9.0000 0.0227 
54.0000 0.4409 0.0521 8.0000 0.0105 