
1.0000 1.4286 0.1331 5.0000 0.0412 
2.0000 1.0929 0.0850 4.0000 0.0293 
3.0000 1.3274 0.1346 6.0000 0.0265 
4.0000 0.9217 0.0796 4.0000 0.0298 
5.0000 0.8532 0.0655 3.0000 0.0156 
6.0000 0.8186 0.2599 18.0000 0.0470 
7.0000 0.9284 0.1473 9.0000 0.0212 
8.0000 0.6536 0.1028 5.0000 0.0286 
9.0000 0.6632 0.0933 5.0000 0.0268 
10.0000 0.5981 0.2355 13.0000 0.0349 
11.0000 0.6509 0.1530 10.0000 0.0216 
12.0000 0.6296 0.1690 9.0000 0.0279 
13.0000 0.6121 0.0819 4.0000 0.0259 
15.0000 0.6449 0.2378 10.0000 0.0396 
15.0000 0.6449 0.2215 10.0000 0.0309 
16.0000 0.6555 0.1461 9.0000 0.0249 
17.0000 0.6651 0.1851 8.0000 0.0407 
18.0000 0.6682 0.1929 11.0000 0.0267 
19.0000 0.6207 0.1472 8.0000 0.0278 
20.0000 0.6182 0.1046 6.0000 0.0241 
21.0000 0.6424 0.2442 18.0000 0.0348 
22.0000 0.6693 0.1391 6.0000 0.0310 
23.0000 0.5860 0.0872 5.0000 0.0205 
24.0000 0.5707 0.1678 8.0000 0.0312 
25.0000 0.5792 0.0613 3.0000 0.0239 
26.0000 0.5995 0.1653 8.0000 0.0254 
27.0000 0.6073 0.1044 5.0000 0.0267 
29.0000 0.6472 0.2131 12.0000 0.0289 
29.0000 0.6472 0.2161 11.0000 0.0363 
30.0000 0.6189 0.1604 10.0000 0.0228 
31.0000 0.6147 0.1257 8.0000 0.0182 
32.0000 0.6308 0.1882 10.0000 0.0246 
33.0000 0.6301 0.1688 9.0000 0.0239 
34.0000 0.6469 0.1604 8.0000 0.0375 
35.0000 0.6485 0.1289 7.0000 0.0305 
37.0000 0.6793 0.2403 9.0000 0.0392 
37.0000 0.6793 0.2061 11.0000 0.0278 
38.0000 0.6664 0.2155 10.0000 0.0463 
39.0000 0.6815 0.1515 10.0000 0.0185 
40.0000 0.6657 0.1677 7.0000 0.0321 
41.0000 0.6580 0.1681 9.0000 0.0279 
43.0000 0.6653 0.1595 8.0000 0.0304 
43.0000 0.6653 0.0410 3.0000 0.0334 
44.0000 0.6635 0.0794 6.0000 0.0236 
45.0000 0.6687 0.2047 8.0000 0.0372 
47.0000 0.6747 0.1721 6.0000 0.0398 
47.0000 0.6747 0.2045 9.0000 0.0427 
48.0000 0.6877 0.1976 9.0000 0.0305 
49.0000 0.7004 0.2375 10.0000 0.0331 
50.0000 0.7005 0.1888 9.0000 0.0272 
51.0000 0.7034 0.1911 10.0000 0.0135 
52.0000 0.7153 0.1651 7.0000 0.0362 
53.0000 0.7040 0.1648 8.0000 0.0265 
54.0000 0.7152 0.2113 9.0000 0.0300 
55.0000 0.7165 0.1705 10.0000 0.0251 
56.0000 0.7277 0.2033 8.0000 0.0390 
58.0000 0.7374 0.2017 10.0000 0.0278 
58.0000 0.7374 0.2299 12.0000 0.0295 
59.0000 0.7132 0.1761 7.0000 0.0535 
61.0000 0.7344 0.1879 8.0000 0.0351 
61.0000 0.7344 0.2035 14.0000 0.0308 
62.0000 0.7357 0.1642 6.0000 0.0368 
63.0000 0.7463 0.1993 9.0000 0.0282 
64.0000 0.7177 0.1951 9.0000 0.0261 
65.0000 0.7263 0.2220 10.0000 0.0273 
66.0000 0.7334 0.1452 8.0000 0.0247 
67.0000 0.7240 0.1948 10.0000 0.0258 
68.0000 0.7321 0.1968 14.0000 0.0485 
69.0000 0.7415 0.2080 11.0000 0.0275 
70.0000 0.7498 0.1702 7.0000 0.0417 
71.0000 0.7593 0.1500 8.0000 0.0239 
72.0000 0.7487 0.2024 10.0000 0.0318 
73.0000 0.7546 0.1895 9.0000 0.0285 
74.0000 0.7630 0.1151 7.0000 0.0241 
75.0000 0.7561 0.1413 9.0000 0.0211 
76.0000 0.7651 0.1634 7.0000 0.0350 
77.0000 0.7646 0.2022 9.0000 0.0381 
78.0000 0.7734 0.2043 9.0000 0.0275 
79.0000 0.7486 0.1844 9.0000 0.0363 
80.0000 0.7486 0.1673 7.0000 0.0377 
81.0000 0.7552 0.2213 16.0000 0.0406 
82.0000 0.7634 0.1806 10.0000 0.0242 
84.0000 0.7778 0.1941 15.0000 0.0311 
84.0000 0.7778 0.2242 11.0000 0.0313 
85.0000 0.7737 0.1466 6.0000 0.0418 
86.0000 0.7773 0.1967 7.0000 0.0360 
87.0000 0.7778 0.1857 9.0000 0.0269 
88.0000 0.7859 0.1809 8.0000 0.0310 
89.0000 0.7860 0.2173 10.0000 0.0288 
90.0000 0.7741 0.1163 8.0000 0.0202 
91.0000 0.7545 0.1566 9.0000 0.0264 
92.0000 0.7580 0.1900 9.0000 0.0373 
93.0000 0.7649 0.1792 9.0000 0.0290 
94.0000 0.7650 0.1869 8.0000 0.0365 
95.0000 0.7484 0.2382 10.0000 0.0394 
97.0000 0.7423 0.2134 9.0000 0.0291 
97.0000 0.7423 0.2252 8.0000 0.0430 
98.0000 0.7433 0.1704 10.0000 0.0249 
99.0000 0.7494 0.2041 10.0000 0.0288 
100.0000 0.7453 0.2129 11.0000 0.0250 
101.0000 0.7390 0.1208 8.0000 0.0171 
102.0000 0.7450 0.1431 8.0000 0.0258 
105.0000 0.7543 0.1815 8.0000 0.0341 
105.0000 0.7543 0.2117 8.0000 0.0399 
105.0000 0.7543 0.2503 11.0000 0.0391 
106.0000 0.7573 0.2034 8.0000 0.0313 
107.0000 0.7611 0.1397 6.0000 0.0317 
108.0000 0.7539 0.1565 8.0000 0.0274 
109.0000 0.7599 0.1865 7.0000 0.0427 
110.0000 0.7560 0.1720 8.0000 0.0243 
111.0000 0.7619 0.1727 9.0000 0.0295 
112.0000 0.7594 0.1160 5.0000 0.0285 
113.0000 0.7646 0.1876 8.0000 0.0359 
114.0000 0.7584 0.1178 6.0000 0.0269 
115.0000 0.7602 0.1830 9.0000 0.0302 
116.0000 0.7651 0.2178 9.0000 0.0355 
117.0000 0.7598 0.1300 6.0000 0.0373 
118.0000 0.7652 0.1428 7.0000 0.0283 
120.0000 0.7750 0.2401 11.0000 0.0400 
120.0000 0.7750 0.2033 8.0000 0.0489 
121.0000 0.7601 0.1749 8.0000 0.0330 
122.0000 0.7507 0.1735 10.0000 0.0240 
124.0000 0.7545 0.2070 9.0000 0.0429 
124.0000 0.7545 0.1926 9.0000 0.0429 
125.0000 0.7500 0.1813 8.0000 0.0311 
126.0000 0.7412 0.1695 7.0000 0.0339 
127.0000 0.7464 0.2001 9.0000 0.0279 
128.0000 0.7378 0.2051 13.0000 0.0298 
129.0000 0.7303 0.1844 8.0000 0.0299 
130.0000 0.7272 0.1675 7.0000 0.0322 
131.0000 0.7293 0.2280 10.0000 0.0371 
132.0000 0.7313 0.2520 14.0000 0.0364 
133.0000 0.7325 0.1882 9.0000 0.0297 
134.0000 0.7334 0.1965 8.0000 0.0321 