
1.0000 1.2987 0.1689 11.0000 0.0243 
2.0000 1.4388 0.1866 8.0000 0.0364 
3.0000 1.8405 0.0948 7.0000 0.0234 
4.0000 1.6393 0.1461 7.0000 0.0338 
5.0000 1.7065 0.1898 9.0000 0.0270 
6.0000 1.8127 0.0829 4.0000 0.0211 
7.0000 1.5351 0.1594 8.0000 0.0325 
8.0000 1.0855 0.1381 7.0000 0.0232 
10.0000 1.2755 0.1891 9.0000 0.0362 
10.0000 1.2755 0.2175 11.0000 0.0386 
11.0000 1.1866 0.1487 8.0000 0.0238 
12.0000 1.1730 0.1494 8.0000 0.0277 
13.0000 1.2276 0.1556 9.0000 0.0206 
14.0000 1.2601 0.1788 7.0000 0.0350 
15.0000 1.3112 0.1199 8.0000 0.0203 
16.0000 1.2365 0.0685 5.0000 0.0301 
17.0000 1.2649 0.1947 10.0000 0.0340 
18.0000 1.2793 0.2396 18.0000 0.0380 
19.0000 1.3361 0.2058 7.0000 0.0465 
20.0000 1.3228 0.1507 9.0000 0.0225 
21.0000 1.2915 0.0801 5.0000 0.0242 
22.0000 1.2724 0.0937 8.0000 0.0224 
23.0000 1.2055 0.1529 9.0000 0.0319 
24.0000 1.1869 0.1502 8.0000 0.0210 
25.0000 1.2025 0.1663 11.0000 0.0179 
26.0000 1.1733 0.1535 8.0000 0.0302 
27.0000 1.1796 0.1040 8.0000 0.0168 
28.0000 1.1900 0.1099 7.0000 0.0187 
29.0000 1.1993 0.1735 11.0000 0.0241 
30.0000 1.1816 0.1503 9.0000 0.0228 
31.0000 1.1914 0.1410 10.0000 0.0212 
32.0000 1.2021 0.1394 9.0000 0.0223 
33.0000 1.2035 0.1591 7.0000 0.0294 
34.0000 1.2323 0.0953 5.0000 0.0245 
35.0000 1.2268 0.0899 7.0000 0.0190 
36.0000 1.2346 0.1194 5.0000 0.0271 
37.0000 1.2370 0.1385 8.0000 0.0229 
38.0000 1.2583 0.1425 9.0000 0.0170 
39.0000 1.2532 0.1472 7.0000 0.0274 
40.0000 1.2767 0.1946 12.0000 0.0261 
41.0000 1.2765 0.0707 8.0000 0.0169 
42.0000 1.2951 0.1377 6.0000 0.0425 
43.0000 1.3158 0.1953 12.0000 0.0261 
44.0000 1.3350 0.1578 9.0000 0.0316 
45.0000 1.3538 0.1630 8.0000 0.0253 
46.0000 1.3581 0.1906 10.0000 0.0253 
47.0000 1.3807 0.2020 10.0000 0.0327 
48.0000 1.3785 0.1566 7.0000 0.0462 
49.0000 1.3956 0.1517 10.0000 0.0228 
50.0000 1.3827 0.1474 10.0000 0.0211 
51.0000 1.3957 0.1496 9.0000 0.0230 
52.0000 1.3911 0.1667 8.0000 0.0295 
53.0000 1.4058 0.1477 12.0000 0.0154 
54.0000 1.4081 0.1188 9.0000 0.0171 
55.0000 1.4230 0.2009 16.0000 0.0380 
56.0000 1.4381 0.1622 8.0000 0.0285 
57.0000 1.4427 0.1765 7.0000 0.0378 
58.0000 1.4536 0.1725 8.0000 0.0271 
59.0000 1.4518 0.0901 4.0000 0.0348 
60.0000 1.4299 0.0966 5.0000 0.0282 
61.0000 1.4356 0.1316 8.0000 0.0220 
62.0000 1.4392 0.0977 5.0000 0.0243 
63.0000 1.4516 0.2056 19.0000 0.0244 
64.0000 1.4659 0.1370 7.0000 0.0246 
65.0000 1.4837 0.1854 8.0000 0.0372 
66.0000 1.4735 0.1518 10.0000 0.0224 
67.0000 1.4722 0.2042 8.0000 0.0390 
70.0000 1.5122 0.1652 9.0000 0.0296 
70.0000 1.5122 0.2309 13.0000 0.0358 
70.0000 1.5122 0.1641 6.0000 0.0314 
71.0000 1.5243 0.1227 6.0000 0.0360 
72.0000 1.4891 0.1794 10.0000 0.0248 
73.0000 1.4539 0.2241 11.0000 0.0295 
74.0000 1.4305 0.1427 8.0000 0.0297 
75.0000 1.4390 0.0495 4.0000 0.0120 
76.0000 1.3768 0.1359 6.0000 0.0340 
77.0000 1.3525 0.1938 8.0000 0.0333 
78.0000 1.3384 0.1569 9.0000 0.0279 
79.0000 1.3275 0.1584 9.0000 0.0290 
80.0000 1.3305 0.1436 7.0000 0.0253 
81.0000 1.3253 0.0628 4.0000 0.0214 
82.0000 1.3288 0.1807 10.0000 0.0272 
83.0000 1.3143 0.0777 5.0000 0.0231 
84.0000 1.3111 0.2523 13.0000 0.0271 
85.0000 1.3199 0.1613 7.0000 0.0296 
86.0000 1.3313 0.1752 8.0000 0.0326 
87.0000 1.3339 0.1564 9.0000 0.0241 
88.0000 1.3435 0.1292 8.0000 0.0268 
90.0000 1.3640 0.1361 7.0000 0.0398 
90.0000 1.3640 0.0487 5.0000 0.0170 
91.0000 1.3688 0.1324 8.0000 0.0229 
92.0000 1.3622 0.1633 9.0000 0.0291 
93.0000 1.3705 0.2152 12.0000 0.0277 
94.0000 1.3797 0.2314 10.0000 0.0321 
95.0000 1.3887 0.1935 11.0000 0.0281 
96.0000 1.3953 0.2192 11.0000 0.0259 
97.0000 1.3929 0.1469 8.0000 0.0303 
98.0000 1.4012 0.1410 7.0000 0.0243 
99.0000 1.4103 0.1994 9.0000 0.0318 
100.0000 1.4194 0.1437 8.0000 0.0309 
101.0000 1.4144 0.1421 9.0000 0.0191 
102.0000 1.4244 0.1851 10.0000 0.0284 
103.0000 1.4152 0.1758 10.0000 0.0261 
104.0000 1.4243 0.1659 11.0000 0.0209 
105.0000 1.4064 0.1085 6.0000 0.0261 
109.0000 1.4280 0.1444 8.0000 0.0275 
109.0000 1.4280 0.2132 19.0000 0.0391 
109.0000 1.4280 0.2300 13.0000 0.0229 
109.0000 1.4280 0.2042 10.0000 0.0333 
110.0000 1.4210 0.1675 9.0000 0.0247 
111.0000 1.4198 0.1263 9.0000 0.0200 
112.0000 1.4253 0.1435 10.0000 0.0205 
113.0000 1.4322 0.1573 9.0000 0.0281 
114.0000 1.4105 0.1841 10.0000 0.0250 
115.0000 1.4074 0.2060 12.0000 0.0209 
116.0000 1.4158 0.1775 11.0000 0.0259 
118.0000 1.4172 0.1005 6.0000 0.0208 
118.0000 1.4172 0.0295 3.0000 0.0229 
119.0000 1.4224 0.1812 8.0000 0.0297 
120.0000 1.4211 0.1960 10.0000 0.0263 
121.0000 1.4264 0.1710 10.0000 0.0284 
122.0000 1.4358 0.2075 8.0000 0.0353 
123.0000 1.4327 0.1243 7.0000 0.0300 
124.0000 1.4414 0.1456 7.0000 0.0246 
125.0000 1.4314 0.1648 25.0000 0.0277 
126.0000 1.4276 0.1550 10.0000 0.0294 
127.0000 1.4160 0.1718 13.0000 0.0188 
128.0000 1.4213 0.1903 9.0000 0.0287 
129.0000 1.4249 0.1763 14.0000 0.0248 
130.0000 1.4150 0.1711 11.0000 0.0316 
131.0000 1.3905 0.1443 7.0000 0.0266 
132.0000 1.3851 0.1371 7.0000 0.0271 
133.0000 1.3608 0.1261 10.0000 0.0135 
134.0000 1.3509 0.1520 11.0000 0.0221 
135.0000 1.3481 0.1796 12.0000 0.0206 
136.0000 1.3440 0.1377 9.0000 0.0200 
137.0000 1.3452 0.0511 14.0000 0.0255 
138.0000 1.3453 0.1880 9.0000 0.0299 
139.0000 1.3427 0.1165 6.0000 0.0210 
140.0000 1.3311 0.1952 17.0000 0.0182 
141.0000 1.3332 0.1472 9.0000 0.0250 
142.0000 1.3410 0.1087 7.0000 0.0295 
143.0000 1.3428 0.1680 10.0000 0.0255 
144.0000 1.3424 0.1625 9.0000 0.0245 
145.0000 1.3324 0.1590 9.0000 0.0294 
146.0000 1.3315 0.0955 5.0000 0.0323 
148.0000 1.3464 0.1455 6.0000 0.0270 
148.0000 1.3464 0.0315 4.0000 0.0174 
149.0000 1.3426 0.2046 13.0000 0.0238 
150.0000 1.3225 0.2171 20.0000 0.0238 
151.0000 1.3278 0.1782 9.0000 0.0303 
152.0000 1.3231 0.1784 10.0000 0.0199 
153.0000 1.3295 0.1718 8.0000 0.0457 
154.0000 1.3274 0.1637 7.0000 0.0310 
155.0000 1.3336 0.2091 10.0000 0.0363 
156.0000 1.3305 0.0988 5.0000 0.0344 
157.0000 1.3223 0.1771 10.0000 0.0251 
158.0000 1.3226 0.1541 9.0000 0.0218 
160.0000 1.3273 0.1200 5.0000 0.0313 
160.0000 1.3273 0.0281 4.0000 0.0153 
161.0000 1.3302 0.1695 6.0000 0.0482 
162.0000 1.3144 0.1805 9.0000 0.0262 
163.0000 1.3104 0.1789 10.0000 0.0244 
164.0000 1.3111 0.2323 12.0000 0.0313 
165.0000 1.3153 0.1772 7.0000 0.0341 
166.0000 1.3206 0.1606 7.0000 0.0359 
167.0000 1.3209 0.1914 10.0000 0.0271 
168.0000 1.3236 0.2020 11.0000 0.0280 
169.0000 1.3036 0.1827 11.0000 0.0218 
170.0000 1.2968 0.1635 11.0000 0.0225 
171.0000 1.2937 0.2068 8.0000 0.0419 
172.0000 1.2811 0.1047 9.0000 0.0144 
173.0000 1.2812 0.1414 8.0000 0.0259 
174.0000 1.2692 0.1359 11.0000 0.0233 
175.0000 1.2679 0.2155 10.0000 0.0343 
176.0000 1.2717 0.2302 19.0000 0.0445 
177.0000 1.2774 0.1332 6.0000 0.0259 
178.0000 1.2772 0.1803 10.0000 0.0255 
179.0000 1.2765 0.1275 7.0000 0.0257 
180.0000 1.2784 0.1216 8.0000 0.0226 
181.0000 1.2744 0.2182 26.0000 0.0225 
182.0000 1.2793 0.1049 7.0000 0.0228 
183.0000 1.2754 0.1600 21.0000 0.0263 
184.0000 1.2682 0.1740 11.0000 0.0243 
186.0000 1.2762 0.2165 8.0000 0.0404 
186.0000 1.2762 0.2089 15.0000 0.0391 
187.0000 1.2813 0.1281 7.0000 0.0257 
188.0000 1.2803 0.1386 10.0000 0.0177 
189.0000 1.2686 0.2009 12.0000 0.0238 
190.0000 1.2737 0.1440 11.0000 0.0197 
191.0000 1.2728 0.1049 5.0000 0.0340 
192.0000 1.2780 0.1799 9.0000 0.0259 
193.0000 1.2808 0.0836 19.0000 0.0316 
194.0000 1.2839 0.1728 10.0000 0.0231 
195.0000 1.2858 0.1882 9.0000 0.0330 
196.0000 1.2882 0.2164 14.0000 0.0454 
197.0000 1.2935 0.1753 9.0000 0.0288 
198.0000 1.2765 0.0560 5.0000 0.0093 
199.0000 1.2802 0.1613 7.0000 0.0309 
200.0000 1.2714 0.1372 9.0000 0.0198 
201.0000 1.2754 0.2171 11.0000 0.0292 
202.0000 1.2729 0.1584 10.0000 0.0238 
203.0000 1.2671 0.1413 26.0000 0.0310 
204.0000 1.2689 0.1347 10.0000 0.0203 
205.0000 1.2739 0.1428 10.0000 0.0171 
206.0000 1.2711 0.0825 6.0000 0.0228 
207.0000 1.2749 0.1179 9.0000 0.0156 
208.0000 1.2767 0.2591 21.0000 0.0291 
210.0000 1.2853 0.1801 8.0000 0.0392 
210.0000 1.2853 0.1952 9.0000 0.0313 
211.0000 1.2871 0.1622 7.0000 0.0308 
213.0000 1.2889 0.1889 12.0000 0.0241 
213.0000 1.2889 0.2010 9.0000 0.0352 
214.0000 1.2841 0.2136 28.0000 0.0219 
215.0000 1.2821 0.1674 9.0000 0.0256 
216.0000 1.2824 0.1454 8.0000 0.0285 
217.0000 1.2869 0.1780 9.0000 0.0271 
218.0000 1.2784 0.1913 12.0000 0.0264 
219.0000 1.2805 0.1368 7.0000 0.0419 
220.0000 1.2843 0.1675 7.0000 0.0380 
221.0000 1.2849 0.1168 22.0000 0.0241 
222.0000 1.2851 0.0622 5.0000 0.0204 
223.0000 1.2846 0.1691 10.0000 0.0292 
224.0000 1.2874 0.1731 9.0000 0.0275 
225.0000 1.2889 0.1341 9.0000 0.0180 
226.0000 1.2928 0.1345 9.0000 0.0247 
227.0000 1.2920 0.0903 16.0000 0.0316 
228.0000 1.2876 0.1477 13.0000 0.0188 
229.0000 1.2788 0.0424 32.0000 0.0237 
230.0000 1.2832 0.1846 11.0000 0.0222 
231.0000 1.2818 0.1562 9.0000 0.0198 
232.0000 1.2852 0.2208 12.0000 0.0470 
233.0000 1.2886 0.1616 8.0000 0.0281 
234.0000 1.2904 0.1573 7.0000 0.0371 
235.0000 1.2947 0.1623 6.0000 0.0336 
236.0000 1.2940 0.1498 7.0000 0.0338 
237.0000 1.2904 0.1775 9.0000 0.0272 
238.0000 1.2913 0.1696 10.0000 0.0203 
239.0000 1.2911 0.1599 9.0000 0.0257 
240.0000 1.2923 0.1473 9.0000 0.0224 
241.0000 1.2962 0.1214 9.0000 0.0194 