
1.0000 3.7037 0.1168 7.0000 0.0272 
2.0000 3.9216 0.1517 8.0000 0.0308 
3.0000 4.6875 0.1160 7.0000 0.0231 
4.0000 3.4188 0.1696 6.0000 0.0406 
5.0000 3.8168 0.1515 9.0000 0.0284 
6.0000 3.6364 0.1208 11.0000 0.0276 
7.0000 3.1390 0.0781 5.0000 0.0313 
8.0000 3.2520 0.0545 4.0000 0.0104 
9.0000 2.8481 0.1506 7.0000 0.0331 
10.0000 2.2523 0.0858 6.0000 0.0158 
11.0000 2.2044 0.0765 5.0000 0.0238 
12.0000 2.1661 0.1459 8.0000 0.0249 
13.0000 2.2767 0.1466 7.0000 0.0312 
14.0000 2.3256 0.1146 9.0000 0.0225 
15.0000 2.1157 0.1356 7.0000 0.0248 
16.0000 2.1080 0.0712 6.0000 0.0220 
17.0000 2.1303 0.1017 6.0000 0.0356 
18.0000 2.2305 0.0759 5.0000 0.0258 
19.0000 2.3002 0.0766 5.0000 0.0192 
20.0000 2.3753 0.0853 7.0000 0.0190 
21.0000 2.4419 0.0973 6.0000 0.0215 
22.0000 2.5258 0.0514 4.0000 0.0138 
23.0000 2.5814 0.1159 6.0000 0.0284 
24.0000 2.6258 0.1111 8.0000 0.0268 
25.0000 2.6681 0.0451 4.0000 0.0316 
26.0000 2.6777 0.1355 6.0000 0.0483 
27.0000 2.7328 0.1427 6.0000 0.0363 
28.0000 2.7586 0.1476 9.0000 0.0259 
29.0000 2.8210 0.0743 6.0000 0.0537 
31.0000 2.9637 0.1005 5.0000 0.0384 
31.0000 2.9637 0.0123 3.0000 0.0050 
32.0000 3.0075 0.1544 9.0000 0.0220 
33.0000 3.0584 0.1241 8.0000 0.0286 
34.0000 3.0222 0.1180 9.0000 0.0250 
35.0000 3.0568 0.1251 7.0000 0.0208 
36.0000 3.0796 0.1201 8.0000 0.0208 
37.0000 3.1383 0.0755 6.0000 0.0222 
38.0000 3.1852 0.1383 7.0000 0.0278 
39.0000 3.2205 0.0921 5.0000 0.0358 
40.0000 3.2680 0.0637 4.0000 0.0315 
41.0000 3.3065 0.0902 6.0000 0.0262 
42.0000 3.3573 0.0912 6.0000 0.0243 
43.0000 3.3778 0.1159 9.0000 0.0176 
44.0000 3.3924 0.1057 7.0000 0.0261 
45.0000 3.4351 0.1237 8.0000 0.0205 
46.0000 3.4691 0.1431 8.0000 0.0262 
47.0000 3.5153 0.1010 7.0000 0.0251 
48.0000 3.5556 0.1046 9.0000 0.0146 
49.0000 3.5303 0.1008 9.0000 0.0184 
50.0000 3.5361 0.1062 7.0000 0.0270 
51.0000 3.4576 0.1352 7.0000 0.0318 
52.0000 3.4946 0.1426 8.0000 0.0220 
53.0000 3.5146 0.1148 7.0000 0.0232 
54.0000 3.5503 0.1394 8.0000 0.0263 
55.0000 3.5761 0.1470 7.0000 0.0301 
56.0000 3.6129 0.0807 5.0000 0.0210 
57.0000 3.5872 0.0989 7.0000 0.0277 
58.0000 3.6160 0.1215 8.0000 0.0197 
59.0000 3.6263 0.1687 8.0000 0.0315 
60.0000 3.6697 0.0826 5.0000 0.0342 
61.0000 3.7037 0.0887 6.0000 0.0207 
62.0000 3.7349 0.1384 6.0000 0.0374 
63.0000 3.7500 0.1152 7.0000 0.0282 
64.0000 3.7123 0.0355 7.0000 0.0353 
65.0000 3.7356 0.0842 7.0000 0.0167 
66.0000 3.7607 0.1640 8.0000 0.0296 
67.0000 3.7875 0.1525 7.0000 0.0286 
68.0000 3.8202 0.1302 8.0000 0.0232 
69.0000 3.8483 0.0770 5.0000 0.0229 
70.0000 3.8064 0.1004 7.0000 0.0268 
71.0000 3.8358 0.1209 6.0000 0.0302 
73.0000 3.9100 0.1291 8.0000 0.0243 
73.0000 3.9100 0.0662 3.0000 0.0310 
74.0000 3.9071 0.0747 6.0000 0.0251 
75.0000 3.9185 0.1560 9.0000 0.0247 
76.0000 3.9297 0.1175 6.0000 0.0290 
77.0000 3.9467 0.1252 7.0000 0.0270 
78.0000 3.9695 0.1119 8.0000 0.0199 
79.0000 3.9500 0.1218 8.0000 0.0251 
80.0000 3.9545 0.1792 9.0000 0.0324 
81.0000 3.9589 0.0736 6.0000 0.0155 
82.0000 3.9942 0.0433 3.0000 0.0108 
83.0000 4.0174 0.0898 6.0000 0.0385 
84.0000 4.0268 0.1051 7.0000 0.0358 
85.0000 4.0476 0.1442 6.0000 0.0306 
86.0000 4.0357 0.0613 5.0000 0.0186 
87.0000 4.0484 0.1318 7.0000 0.0351 
88.0000 4.0684 0.1200 10.0000 0.0143 
89.0000 4.0126 0.1039 6.0000 0.0314 
90.0000 4.0377 0.1150 7.0000 0.0218 
91.0000 4.0571 0.1272 6.0000 0.0272 
92.0000 4.0333 0.0739 4.0000 0.0202 
93.0000 3.9966 0.1030 6.0000 0.0575 
94.0000 3.9780 0.1411 7.0000 0.0342 
95.0000 3.9882 0.1267 6.0000 0.0382 
96.0000 3.9884 0.0954 6.0000 0.0246 
97.0000 3.9951 0.1469 8.0000 0.0295 
98.0000 4.0098 0.1305 7.0000 0.0287 
99.0000 4.0162 0.1566 7.0000 0.0392 
100.0000 4.0323 0.0906 8.0000 0.0231 
101.0000 4.0319 0.1130 8.0000 0.0175 
102.0000 4.0380 0.1007 9.0000 0.0181 
103.0000 4.0156 0.1046 10.0000 0.0128 
104.0000 4.0170 0.1151 7.0000 0.0269 
105.0000 4.0153 0.1315 8.0000 0.0218 
106.0000 4.0228 0.1367 7.0000 0.0322 
107.0000 3.9896 0.1499 10.0000 0.0207 
108.0000 4.0000 0.0822 8.0000 0.0193 
109.0000 4.0015 0.0970 6.0000 0.0243 
110.0000 3.9956 0.1211 7.0000 0.0262 
111.0000 4.0029 0.0693 7.0000 0.0201 
112.0000 4.0129 0.0890 8.0000 0.0245 
113.0000 4.0228 0.0669 6.0000 0.0230 
114.0000 4.0354 0.1494 9.0000 0.0258 
115.0000 4.0564 0.0825 7.0000 0.0194 
116.0000 4.0716 0.1356 7.0000 0.0305 
117.0000 4.0795 0.0744 8.0000 0.0185 
119.0000 4.1205 0.0967 6.0000 0.0255 
119.0000 4.1205 0.0366 3.0000 0.0138 
120.0000 4.1138 0.1122 10.0000 0.0284 
121.0000 4.1255 0.1108 9.0000 0.0156 
122.0000 4.1258 0.1143 8.0000 0.0106 
123.0000 4.1234 0.0763 7.0000 0.0228 
124.0000 4.1292 0.1414 10.0000 0.0215 
125.0000 4.1309 0.0841 7.0000 0.0153 
126.0000 4.0962 0.0879 6.0000 0.0157 
127.0000 4.0797 0.0895 6.0000 0.0243 
128.0000 4.0571 0.0594 5.0000 0.0295 
129.0000 4.0388 0.1263 7.0000 0.0237 
130.0000 3.9902 0.0884 7.0000 0.0232 
131.0000 3.9517 0.1258 7.0000 0.0256 
132.0000 3.9262 0.1338 7.0000 0.0280 
133.0000 3.9268 0.1573 10.0000 0.0233 
134.0000 3.9239 0.1147 7.0000 0.0221 
135.0000 3.9267 0.0915 5.0000 0.0344 
136.0000 3.9284 0.1188 7.0000 0.0249 
137.0000 3.9357 0.0895 6.0000 0.0228 
138.0000 3.9116 0.1161 7.0000 0.0234 
139.0000 3.8968 0.1321 7.0000 0.0320 
140.0000 3.9062 0.0941 5.0000 0.0281 
141.0000 3.9156 0.0765 6.0000 0.0228 
142.0000 3.9259 0.0953 5.0000 0.0296 
143.0000 3.9210 0.1401 8.0000 0.0226 
144.0000 3.9046 0.0758 5.0000 0.0201 
145.0000 3.9189 0.0767 6.0000 0.0213 
146.0000 3.9290 0.0842 9.0000 0.0168 
147.0000 3.9421 0.0645 5.0000 0.0292 
148.0000 3.9414 0.1236 9.0000 0.0223 
149.0000 3.9544 0.1436 8.0000 0.0316 
150.0000 3.9662 0.0854 6.0000 0.0231 
151.0000 3.9779 0.0765 7.0000 0.0214 
152.0000 3.9864 0.1204 9.0000 0.0188 
153.0000 3.9937 0.1341 6.0000 0.0343 
154.0000 4.0052 0.1033 7.0000 0.0213 
155.0000 4.0166 0.0752 7.0000 0.0153 
156.0000 4.0072 0.0653 8.0000 0.0168 
157.0000 4.0143 0.1261 8.0000 0.0235 
158.0000 4.0132 0.0686 10.0000 0.0187 
159.0000 4.0131 0.1170 8.0000 0.0182 
160.0000 4.0252 0.0880 7.0000 0.0223 
161.0000 4.0290 0.0798 5.0000 0.0156 
162.0000 4.0079 0.0818 6.0000 0.0224 
163.0000 4.0118 0.0477 5.0000 0.0140 
164.0000 3.9815 0.1178 9.0000 0.0189 
165.0000 3.9913 0.1189 5.0000 0.0315 
167.0000 4.0212 0.1325 8.0000 0.0248 
167.0000 4.0212 0.1141 7.0000 0.0303 
168.0000 4.0356 0.0748 6.0000 0.0121 
169.0000 4.0315 0.1083 8.0000 0.0257 
170.0000 4.0151 0.0918 11.0000 0.0297 
171.0000 4.0264 0.0845 8.0000 0.0170 
172.0000 4.0376 0.1608 9.0000 0.0273 
174.0000 4.0730 0.0771 5.0000 0.0469 
174.0000 4.0730 0.0470 3.0000 0.0366 
175.0000 4.0736 0.1322 8.0000 0.0222 
176.0000 4.0854 0.1239 7.0000 0.0311 
178.0000 4.1014 0.0869 5.0000 0.0284 
178.0000 4.1014 0.0505 3.0000 0.0313 
179.0000 4.0914 0.1053 7.0000 0.0271 
180.0000 4.0974 0.1260 8.0000 0.0222 
181.0000 3.9806 0.1022 8.0000 0.0245 
182.0000 3.9904 0.1193 9.0000 0.0190 
183.0000 4.0017 0.0986 8.0000 0.0171 
184.0000 4.0087 0.1167 7.0000 0.0385 
186.0000 4.0400 0.1244 7.0000 0.0241 
186.0000 4.0400 0.0252 4.0000 0.0130 
187.0000 4.0467 0.0907 8.0000 0.0232 
188.0000 4.0552 0.0813 5.0000 0.0286 
189.0000 4.0497 0.0570 7.0000 0.0178 
190.0000 4.0323 0.0473 4.0000 0.0101 
191.0000 4.0219 0.1239 7.0000 0.0262 
192.0000 3.9776 0.0887 8.0000 0.0220 
193.0000 3.9868 0.1079 8.0000 0.0172 
194.0000 3.9893 0.1182 6.0000 0.0423 
195.0000 3.9780 0.0952 8.0000 0.0179 
196.0000 3.9318 0.1142 7.0000 0.0358 
197.0000 3.9243 0.1189 6.0000 0.0311 
198.0000 3.9270 0.1895 8.0000 0.0330 
199.0000 3.9112 0.0835 7.0000 0.0276 
200.0000 3.9162 0.1131 8.0000 0.0226 
201.0000 3.8991 0.1200 7.0000 0.0256 
202.0000 3.9087 0.0621 5.0000 0.0148 
203.0000 3.8586 0.1387 8.0000 0.0329 
204.0000 3.8702 0.0630 5.0000 0.0215 
205.0000 3.8527 0.1127 8.0000 0.0243 
206.0000 3.8433 0.0466 3.0000 0.0097 
207.0000 3.7691 0.0763 7.0000 0.0197 
208.0000 3.7736 0.1088 8.0000 0.0168 
209.0000 3.7732 0.1015 8.0000 0.0217 
210.0000 3.7777 0.1044 5.0000 0.0373 
211.0000 3.7726 0.1013 7.0000 0.0279 
212.0000 3.7776 0.1448 9.0000 0.0226 
213.0000 3.7840 0.0624 3.0000 0.0386 
214.0000 3.7910 0.1182 8.0000 0.0237 
215.0000 3.7986 0.0800 6.0000 0.0251 
216.0000 3.7895 0.1416 8.0000 0.0273 
217.0000 3.7904 0.1037 5.0000 0.0217 
218.0000 3.7056 0.0784 7.0000 0.0225 
219.0000 3.7156 0.1183 6.0000 0.0246 
220.0000 3.7250 0.1007 7.0000 0.0223 
221.0000 3.6907 0.0790 8.0000 0.0151 
222.0000 3.6376 0.0968 7.0000 0.0160 
223.0000 3.6260 0.1749 9.0000 0.0304 
224.0000 3.5623 0.1224 9.0000 0.0229 
226.0000 3.4909 0.1407 8.0000 0.0286 
226.0000 3.4909 0.0237 3.0000 0.0043 
227.0000 3.4467 0.0725 7.0000 0.0177 
228.0000 3.4462 0.1539 10.0000 0.0250 
229.0000 3.4338 0.0198 7.0000 0.0341 
230.0000 3.4375 0.1157 10.0000 0.0161 
231.0000 3.3556 0.1678 8.0000 0.0338 
232.0000 3.3594 0.1216 10.0000 0.0155 
233.0000 3.3205 0.1331 10.0000 0.0215 
234.0000 3.2677 0.1449 7.0000 0.0330 
235.0000 3.2616 0.1156 9.0000 0.0159 
237.0000 3.2267 0.1258 8.0000 0.0266 
237.0000 3.2267 0.1511 9.0000 0.0249 
238.0000 3.2324 0.1497 8.0000 0.0348 
239.0000 3.2124 0.1411 9.0000 0.0238 
241.0000 3.2150 0.1265 9.0000 0.0193 
241.0000 3.2150 0.1376 10.0000 0.0195 
242.0000 3.2215 0.1337 7.0000 0.0336 
243.0000 3.2275 0.1044 7.0000 0.0233 
244.0000 3.1854 0.1220 7.0000 0.0341 
245.0000 3.1798 0.0789 5.0000 0.0320 
246.0000 3.1482 0.0952 9.0000 0.0163 
247.0000 3.1565 0.0873 5.0000 0.0219 
248.0000 3.1633 0.0526 11.0000 0.0171 
249.0000 3.1599 0.1601 9.0000 0.0277 
250.0000 3.1502 0.1123 8.0000 0.0173 
251.0000 3.1446 0.1225 9.0000 0.0176 
252.0000 3.1488 0.1296 9.0000 0.0203 
253.0000 3.1475 0.0837 8.0000 0.0203 
255.0000 3.1622 0.1158 6.0000 0.0298 
255.0000 3.1622 0.0387 3.0000 0.0336 
256.0000 3.1582 0.1313 7.0000 0.0267 
257.0000 3.1607 0.1475 8.0000 0.0234 
258.0000 3.1618 0.1459 7.0000 0.0298 
259.0000 3.1670 0.1316 8.0000 0.0322 
260.0000 3.1638 0.1344 7.0000 0.0224 
261.0000 3.1514 0.0673 10.0000 0.0226 
262.0000 3.1551 0.0940 7.0000 0.0226 
263.0000 3.1637 0.0835 5.0000 0.0343 
264.0000 3.1674 0.0972 7.0000 0.0269 
265.0000 3.1559 0.1535 7.0000 0.0293 
266.0000 3.1561 0.0937 7.0000 0.0187 
267.0000 3.1609 0.1039 8.0000 0.0221 
268.0000 3.1596 0.0834 6.0000 0.0307 
269.0000 3.1584 0.1213 7.0000 0.0234 
270.0000 3.1575 0.0945 8.0000 0.0202 
271.0000 3.1585 0.1048 7.0000 0.0234 
272.0000 3.1661 0.0677 4.0000 0.0235 
273.0000 3.1722 0.1192 8.0000 0.0241 
274.0000 3.1772 0.0465 5.0000 0.0120 
275.0000 3.1796 0.1075 6.0000 0.0208 
276.0000 3.1827 0.1449 8.0000 0.0299 
277.0000 3.1846 0.0851 6.0000 0.0214 
278.0000 3.1899 0.0963 8.0000 0.0197 
279.0000 3.1959 0.0798 7.0000 0.0182 
280.0000 3.2022 0.1245 9.0000 0.0176 
281.0000 3.1777 0.1130 7.0000 0.0277 
282.0000 3.1803 0.1599 8.0000 0.0286 
283.0000 3.1862 0.1648 8.0000 0.0389 
284.0000 3.1704 0.1569 10.0000 0.0363 
285.0000 3.1758 0.1840 10.0000 0.0304 
286.0000 3.1757 0.1489 7.0000 0.0279 
287.0000 3.1808 0.1686 10.0000 0.0290 
288.0000 3.1830 0.2108 11.0000 0.0257 
289.0000 3.1825 0.1593 11.0000 0.0219 
290.0000 3.1784 0.1549 9.0000 0.0370 
291.0000 3.1703 0.1613 10.0000 0.0258 
292.0000 3.1626 0.1569 7.0000 0.0476 
293.0000 3.1686 0.1024 7.0000 0.0169 
294.0000 3.1749 0.1670 11.0000 0.0231 
295.0000 3.1768 0.1211 8.0000 0.0399 
296.0000 3.1828 0.1476 9.0000 0.0232 
297.0000 3.1843 0.1310 9.0000 0.0240 
302.0000 3.2049 0.1703 7.0000 0.0379 
302.0000 3.2049 0.1600 14.0000 0.0334 
302.0000 3.2049 0.1783 8.0000 0.0373 
302.0000 3.2049 0.1480 18.0000 0.0228 
302.0000 3.2049 0.1388 9.0000 0.0172 
304.0000 3.2024 0.1005 7.0000 0.0388 
304.0000 3.2024 0.1249 7.0000 0.0306 
305.0000 3.2028 0.1123 7.0000 0.0366 
306.0000 3.2082 0.1362 7.0000 0.0265 
307.0000 3.2157 0.0779 6.0000 0.0084 
308.0000 3.2221 0.0882 7.0000 0.0268 
309.0000 3.2288 0.0715 6.0000 0.0214 
310.0000 3.2349 0.1239 9.0000 0.0200 
311.0000 3.2379 0.1492 6.0000 0.0435 
312.0000 3.2419 0.1364 8.0000 0.0213 
313.0000 3.2445 0.1922 8.0000 0.0380 
314.0000 3.2408 0.1126 6.0000 0.0235 
315.0000 3.2434 0.1311 9.0000 0.0199 
316.0000 3.2377 0.1693 10.0000 0.0286 
317.0000 3.2423 0.1451 8.0000 0.0220 
318.0000 3.2456 0.1217 9.0000 0.0168 
319.0000 3.2438 0.0709 6.0000 0.0247 
320.0000 3.2497 0.0716 6.0000 0.0212 
321.0000 3.2477 0.0915 7.0000 0.0222 
322.0000 3.2486 0.1109 7.0000 0.0222 
324.0000 3.2642 0.1218 7.0000 0.0275 
324.0000 3.2642 0.0376 3.0000 0.0166 
325.0000 3.2680 0.1141 8.0000 0.0162 
326.0000 3.2688 0.1343 9.0000 0.0356 
327.0000 3.2693 0.1763 8.0000 0.0294 
328.0000 3.2679 0.0966 6.0000 0.0204 
329.0000 3.2743 0.1067 6.0000 0.0249 
330.0000 3.2722 0.1619 10.0000 0.0246 
331.0000 3.2776 0.1230 7.0000 0.0307 
332.0000 3.2755 0.1567 8.0000 0.0297 
333.0000 3.2750 0.1676 7.0000 0.0446 
334.0000 3.2755 0.1405 9.0000 0.0311 
335.0000 3.2756 0.1605 9.0000 0.0296 
336.0000 3.2796 0.1831 9.0000 0.0242 
337.0000 3.2852 0.0928 7.0000 0.0289 
338.0000 3.2847 0.1325 8.0000 0.0293 
339.0000 3.2887 0.1635 11.0000 0.0195 
340.0000 3.2888 0.1185 7.0000 0.0214 
341.0000 3.2861 0.0639 4.0000 0.0162 
342.0000 3.2891 0.1542 7.0000 0.0367 
343.0000 3.2921 0.1527 10.0000 0.0208 
344.0000 3.2897 0.1404 10.0000 0.0212 
345.0000 3.2948 0.1475 9.0000 0.0260 
346.0000 3.2781 0.0778 7.0000 0.0287 
347.0000 3.2754 0.0840 6.0000 0.0120 
348.0000 3.2691 0.0549 4.0000 0.0145 
349.0000 3.2727 0.1282 7.0000 0.0305 
350.0000 3.2701 0.0753 7.0000 0.0195 
351.0000 3.2660 0.0972 5.0000 0.0338 
352.0000 3.2665 0.1474 7.0000 0.0338 
353.0000 3.2652 0.1232 5.0000 0.0448 
354.0000 3.2690 0.0326 8.0000 0.0296 
355.0000 3.2581 0.1253 7.0000 0.0295 
356.0000 3.2613 0.1124 7.0000 0.0238 
357.0000 3.2223 0.1088 8.0000 0.0300 
358.0000 3.1987 0.1269 7.0000 0.0269 
360.0000 3.1805 0.1292 7.0000 0.0243 
360.0000 3.1805 0.0193 3.0000 0.0138 
361.0000 3.1775 0.1229 7.0000 0.0261 
362.0000 3.1799 0.1333 7.0000 0.0298 
363.0000 3.1814 0.1130 7.0000 0.0268 
364.0000 3.1729 0.1422 7.0000 0.0240 
365.0000 3.1723 0.1595 8.0000 0.0301 
366.0000 3.1776 0.1317 8.0000 0.0201 
367.0000 3.1764 0.1032 6.0000 0.0256 
368.0000 3.1787 0.1337 6.0000 0.0326 
369.0000 3.1802 0.1157 7.0000 0.0155 
370.0000 3.1828 0.1440 6.0000 0.0307 
371.0000 3.1862 0.1031 8.0000 0.0207 
372.0000 3.1789 0.0903 7.0000 0.0226 
373.0000 3.1834 0.1232 9.0000 0.0262 
374.0000 3.1773 0.1047 15.0000 0.0249 
375.0000 3.1782 0.1664 7.0000 0.0359 
376.0000 3.1701 0.1064 9.0000 0.0307 
377.0000 3.1742 0.1229 9.0000 0.0211 
378.0000 3.1765 0.0897 8.0000 0.0132 
379.0000 3.1803 0.1267 10.0000 0.0203 
380.0000 3.1735 0.1033 9.0000 0.0185 
381.0000 3.1753 0.1067 7.0000 0.0305 
382.0000 3.1804 0.0813 8.0000 0.0234 
383.0000 3.1774 0.0802 6.0000 0.0297 
384.0000 3.1657 0.1273 7.0000 0.0320 
385.0000 3.1532 0.0926 9.0000 0.0201 
386.0000 3.1513 0.0478 5.0000 0.0176 
387.0000 3.1484 0.1320 7.0000 0.0238 
388.0000 3.1529 0.1129 8.0000 0.0242 
389.0000 3.1575 0.1003 8.0000 0.0185 
390.0000 3.1579 0.1055 7.0000 0.0239 
391.0000 3.1609 0.0990 9.0000 0.0135 
392.0000 3.1615 0.0828 6.0000 0.0343 
393.0000 3.1635 0.0834 7.0000 0.0187 
394.0000 3.1631 0.1230 9.0000 0.0239 
395.0000 3.1532 0.0623 5.0000 0.0244 
397.0000 3.1633 0.0669 6.0000 0.0262 
397.0000 3.1633 0.0290 4.0000 0.0154 
398.0000 3.1678 0.1045 8.0000 0.0190 
399.0000 3.1732 0.0710 5.0000 0.0118 
400.0000 3.1761 0.0808 6.0000 0.0226 
401.0000 3.1722 0.1500 7.0000 0.0336 
403.0000 3.1737 0.0419 3.0000 0.0211 
403.0000 3.1737 0.0266 3.0000 0.0197 
404.0000 3.1654 0.0898 6.0000 0.0203 
405.0000 3.1651 0.1319 8.0000 0.0280 
406.0000 3.1598 0.0940 8.0000 0.0196 
407.0000 3.1409 0.1196 8.0000 0.0235 
408.0000 3.1281 0.1096 9.0000 0.0181 
409.0000 3.1063 0.1451 8.0000 0.0241 
410.0000 3.1108 0.1340 8.0000 0.0232 
411.0000 3.1094 0.1381 8.0000 0.0237 
412.0000 3.1099 0.1124 9.0000 0.0163 
413.0000 3.1055 0.1336 8.0000 0.0233 
414.0000 3.1100 0.1615 7.0000 0.0338 
415.0000 3.1140 0.1200 7.0000 0.0244 
416.0000 3.0994 0.0857 10.0000 0.0142 
417.0000 3.0974 0.1157 8.0000 0.0198 
418.0000 3.0849 0.1161 6.0000 0.0397 
419.0000 3.0879 0.1159 7.0000 0.0282 
420.0000 3.0896 0.1571 7.0000 0.0315 
421.0000 3.0935 0.0506 4.0000 0.0302 
422.0000 3.0970 0.1158 9.0000 0.0225 
423.0000 3.1025 0.0568 3.0000 0.0365 
424.0000 3.1044 0.0938 8.0000 0.0203 
425.0000 3.0840 0.0785 5.0000 0.0395 
426.0000 3.0731 0.0766 5.0000 0.0290 
427.0000 3.0775 0.1074 6.0000 0.0245 
428.0000 3.0785 0.0950 8.0000 0.0172 
429.0000 3.0739 0.1534 6.0000 0.0362 
430.0000 3.0710 0.1000 7.0000 0.0209 
431.0000 3.0705 0.1224 6.0000 0.0268 
432.0000 3.0739 0.1106 8.0000 0.0202 
433.0000 3.0773 0.0721 6.0000 0.0209 
435.0000 3.0849 0.0962 6.0000 0.0255 
435.0000 3.0849 0.1211 9.0000 0.0213 
436.0000 3.0859 0.1538 7.0000 0.0333 
437.0000 3.0875 0.0918 7.0000 0.0250 
438.0000 3.0917 0.1579 6.0000 0.0329 
439.0000 3.0924 0.1487 19.0000 0.0174 
440.0000 3.0910 0.1117 8.0000 0.0287 
441.0000 3.0904 0.1339 8.0000 0.0232 
442.0000 3.0935 0.1246 6.0000 0.0309 
443.0000 3.0960 0.1269 7.0000 0.0346 
444.0000 3.0960 0.0945 7.0000 0.0175 
445.0000 3.0967 0.1326 8.0000 0.0255 
446.0000 3.1000 0.1026 9.0000 0.0145 
447.0000 3.1009 0.1454 13.0000 0.0208 
448.0000 3.1036 0.0894 8.0000 0.0154 
449.0000 3.1062 0.0871 8.0000 0.0154 
450.0000 3.1088 0.0841 7.0000 0.0192 
451.0000 3.1088 0.0822 7.0000 0.0203 
452.0000 3.1127 0.0950 7.0000 0.0205 
453.0000 3.1032 0.0800 6.0000 0.0178 
454.0000 3.1024 0.1550 9.0000 0.0223 
455.0000 3.0997 0.0947 9.0000 0.0174 
456.0000 3.0974 0.0970 7.0000 0.0279 
457.0000 3.0887 0.1266 9.0000 0.0255 
458.0000 3.0871 0.1316 7.0000 0.0290 
459.0000 3.0909 0.1700 11.0000 0.0238 
462.0000 3.0955 0.1189 7.0000 0.0263 
462.0000 3.0955 0.1258 7.0000 0.0372 
462.0000 3.0955 0.1696 12.0000 0.0419 
463.0000 3.0993 0.0823 6.0000 0.0282 
464.0000 3.0767 0.1198 7.0000 0.0398 
465.0000 3.0552 0.0666 4.0000 0.0248 
466.0000 3.0579 0.0816 7.0000 0.0160 
467.0000 3.0605 0.1475 8.0000 0.0331 
468.0000 3.0481 0.0996 5.0000 0.0315 
469.0000 3.0474 0.1293 8.0000 0.0213 
470.0000 3.0492 0.0850 8.0000 0.0173 
471.0000 3.0517 0.1262 9.0000 0.0190 
472.0000 3.0534 0.1111 8.0000 0.0188 
473.0000 3.0563 0.1343 8.0000 0.0215 
474.0000 3.0596 0.1459 7.0000 0.0286 
475.0000 3.0645 0.0837 4.0000 0.0283 
476.0000 3.0439 0.0764 4.0000 0.0308 
477.0000 3.0419 0.0906 7.0000 0.0213 
478.0000 3.0405 0.1132 8.0000 0.0242 
479.0000 3.0353 0.1159 8.0000 0.0201 
480.0000 3.0374 0.0907 7.0000 0.0210 
481.0000 3.0215 0.1377 10.0000 0.0125 
482.0000 3.0114 0.1135 13.0000 0.0226 
483.0000 3.0082 0.0990 5.0000 0.0303 
484.0000 2.9973 0.1487 5.0000 0.0427 
485.0000 2.9959 0.1115 6.0000 0.0286 
486.0000 2.9829 0.1647 7.0000 0.0402 
487.0000 2.9813 0.1213 7.0000 0.0276 
488.0000 2.9709 0.1146 7.0000 0.0233 
489.0000 2.9698 0.1253 10.0000 0.0186 
490.0000 2.9731 0.1606 10.0000 0.0228 
491.0000 2.9752 0.0715 5.0000 0.0114 
492.0000 2.9681 0.1020 8.0000 0.0183 
493.0000 2.9606 0.0881 6.0000 0.0303 
494.0000 2.9538 0.1407 8.0000 0.0268 