
1.0000 1.8182 0.1385 7.0000 0.0332 
3.0000 1.6393 0.1884 10.0000 0.0371 
3.0000 1.6393 0.1421 10.0000 0.0225 
4.0000 2.0305 0.1666 11.0000 0.0183 
5.0000 2.0492 0.0764 16.0000 0.0215 
6.0000 2.2901 0.0236 9.0000 0.0226 
7.0000 2.2436 0.1606 17.0000 0.0181 
8.0000 2.1918 0.1324 7.0000 0.0261 
9.0000 2.3018 0.1621 7.0000 0.0405 
10.0000 2.1834 0.1660 23.0000 0.0293 
11.0000 1.9332 0.1397 30.0000 0.0260 
12.0000 1.9512 0.1139 6.0000 0.0307 
13.0000 2.0701 0.0809 8.0000 0.0152 
15.0000 2.2693 0.0893 14.0000 0.0237 
15.0000 2.2693 0.0891 8.0000 0.0255 
16.0000 2.3704 0.1100 6.0000 0.0270 
19.0000 2.4204 0.1580 8.0000 0.0291 
19.0000 2.4204 0.1266 14.0000 0.0410 
19.0000 2.4204 0.1242 9.0000 0.0322 
21.0000 2.4677 0.1359 10.0000 0.0198 
21.0000 2.4677 0.1071 7.0000 0.0383 
22.0000 2.2917 0.1078 9.0000 0.0235 
23.0000 2.3566 0.1374 11.0000 0.0163 
25.0000 2.4631 0.0931 5.0000 0.0278 
25.0000 2.4631 0.1026 8.0000 0.0157 
26.0000 2.5121 0.0986 12.0000 0.0332 
27.0000 2.3519 0.0824 8.0000 0.0175 
28.0000 2.4055 0.1206 9.0000 0.0274 
29.0000 2.4370 0.1504 10.0000 0.0219 
30.0000 2.4938 0.1757 8.0000 0.0314 
31.0000 2.4900 0.1384 9.0000 0.0238 
32.0000 2.4409 0.1712 8.0000 0.0394 
33.0000 2.4738 0.1410 7.0000 0.0297 
34.0000 2.5167 0.1347 9.0000 0.0262 
36.0000 2.5586 0.0348 3.0000 0.0244 
36.0000 2.5586 0.0554 5.0000 0.0232 
37.0000 2.3183 0.1134 8.0000 0.0200 
38.0000 2.1665 0.0968 10.0000 0.0173 
39.0000 2.1429 0.0816 7.0000 0.0179 
40.0000 2.1587 0.0831 6.0000 0.0182 
42.0000 2.2484 0.0117 6.0000 0.0216 
42.0000 2.2484 0.0260 5.0000 0.0087 
43.0000 2.2655 0.0539 7.0000 0.0091 
44.0000 2.2622 0.0816 8.0000 0.0200 
45.0000 2.2189 0.1046 9.0000 0.0165 
46.0000 2.1999 0.0330 9.0000 0.0103 
52.0000 2.2877 0.0535 14.0000 0.0270 
52.0000 2.2877 0.0817 6.0000 0.0158 
52.0000 2.2877 0.0861 7.0000 0.0205 
52.0000 2.2877 0.0848 7.0000 0.0222 
52.0000 2.2877 0.0499 4.0000 0.0219 
52.0000 2.2877 0.0863 14.0000 0.0120 
53.0000 2.2776 0.0997 7.0000 0.0205 
54.0000 2.0753 0.0183 8.0000 0.0117 
55.0000 1.8194 0.0664 9.0000 0.0124 
56.0000 1.7960 0.0785 9.0000 0.0218 
57.0000 1.7746 0.0819 5.0000 0.0332 
58.0000 1.7808 0.0724 5.0000 0.0229 
60.0000 1.8034 0.0240 4.0000 0.0118 
60.0000 1.8034 0.0820 3.0000 0.0437 
61.0000 1.6522 0.1302 4.0000 0.0426 
62.0000 1.6376 0.0834 7.0000 0.0192 
64.0000 1.6667 0.0655 4.0000 0.0448 
64.0000 1.6667 0.0295 5.0000 0.0061 
65.0000 1.6637 0.1000 7.0000 0.0482 
66.0000 1.6604 0.0384 9.0000 0.0192 
69.0000 1.7272 0.0215 3.0000 0.0159 
69.0000 1.7272 0.0959 5.0000 0.0600 
69.0000 1.7272 0.0462 5.0000 0.0218 
71.0000 1.7596 0.0722 5.0000 0.0221 
71.0000 1.7596 0.1018 4.0000 0.0387 
72.0000 1.7664 0.1000 7.0000 0.0178 
73.0000 1.6208 0.0461 5.0000 0.0084 
82.0000 1.6338 0.0959 7.0000 0.0524 
82.0000 1.6338 0.1550 16.0000 0.0312 
82.0000 1.6338 0.1384 17.0000 0.0217 
82.0000 1.6338 0.1630 8.0000 0.0270 
82.0000 1.6338 0.1529 8.0000 0.0234 
82.0000 1.6338 0.1170 11.0000 0.0187 
82.0000 1.6338 0.1028 8.0000 0.0214 
82.0000 1.6338 0.1198 12.0000 0.0281 
82.0000 1.6338 0.1189 19.0000 0.0210 
88.0000 1.7064 0.1347 18.0000 0.0265 
88.0000 1.7064 0.0993 8.0000 0.0233 
88.0000 1.7064 0.1227 59.0000 0.0296 
88.0000 1.7064 0.0972 12.0000 0.0209 
88.0000 1.7064 0.0754 5.0000 0.0184 
88.0000 1.7064 0.0354 3.0000 0.0327 
89.0000 1.7215 0.1412 9.0000 0.0179 
90.0000 1.7361 0.1047 10.0000 0.0169 
91.0000 1.7503 0.1044 9.0000 0.0260 
98.0000 1.8178 0.0388 12.0000 0.0263 
98.0000 1.8178 0.0323 9.0000 0.0148 
98.0000 1.8178 0.1072 89.0000 0.0216 
98.0000 1.8178 0.1078 9.0000 0.0210 
98.0000 1.8178 0.1057 12.0000 0.0098 
98.0000 1.8178 0.0795 7.0000 0.0286 
98.0000 1.8178 0.1069 17.0000 0.0227 
99.0000 1.8089 0.1024 8.0000 0.0330 
100.0000 1.8044 0.1204 9.0000 0.0230 
101.0000 1.8097 0.0956 8.0000 0.0179 
104.0000 1.8303 0.1046 17.0000 0.0192 
104.0000 1.8303 0.1075 65.0000 0.0232 
104.0000 1.8303 0.1211 9.0000 0.0202 
105.0000 1.8437 0.0877 9.0000 0.0193 
107.0000 1.8423 0.0807 16.0000 0.0085 
107.0000 1.8423 0.0495 20.0000 0.0050 
108.0000 1.8509 0.0471 9.0000 0.0261 
109.0000 1.8626 0.1327 7.0000 0.0253 
110.0000 1.8688 0.1513 8.0000 0.0285 
111.0000 1.8807 0.1660 8.0000 0.0313 
113.0000 1.8953 0.1187 28.0000 0.0293 
113.0000 1.8953 0.1425 8.0000 0.0345 
114.0000 1.9038 0.1308 7.0000 0.0253 
115.0000 1.9125 0.0877 7.0000 0.0164 
116.0000 1.9199 0.1094 8.0000 0.0207 
117.0000 1.9281 0.1258 8.0000 0.0280 
118.0000 1.9316 0.0741 13.0000 0.0146 
119.0000 1.9312 0.0817 9.0000 0.0219 
120.0000 1.9215 0.1011 9.0000 0.0096 
121.0000 1.9304 0.0266 9.0000 0.0187 
122.0000 1.9128 0.0578 8.0000 0.0131 
124.0000 1.9267 0.0488 7.0000 0.0170 
124.0000 1.9267 0.0364 3.0000 0.0212 
125.0000 1.9210 0.0719 11.0000 0.0143 
126.0000 1.9126 0.0868 9.0000 0.0171 
127.0000 1.9006 0.0574 7.0000 0.0125 
128.0000 1.9110 0.0652 12.0000 0.0135 
129.0000 1.9162 0.0713 12.0000 0.0132 
130.0000 1.9036 0.0911 8.0000 0.0189 
131.0000 1.8857 0.0778 9.0000 0.0242 
134.0000 1.8999 0.1140 14.0000 0.0258 
134.0000 1.8999 0.0976 30.0000 0.0221 
134.0000 1.8999 0.0851 23.0000 0.0153 
145.0000 1.9784 0.0482 12.0000 0.0291 
145.0000 1.9784 0.0385 6.0000 0.0251 
145.0000 1.9784 0.0423 5.0000 0.0182 
145.0000 1.9784 0.0598 15.0000 0.0203 
145.0000 1.9784 0.0881 11.0000 0.0393 
145.0000 1.9784 0.0563 8.0000 0.0340 
145.0000 1.9784 0.0807 8.0000 0.0128 
145.0000 1.9784 0.0188 19.0000 0.0218 
145.0000 1.9784 0.0591 6.0000 0.0298 
145.0000 1.9784 0.0545 12.0000 0.0097 
145.0000 1.9784 0.0237 16.0000 0.0044 
172.0000 2.1559 0.0235 46.0000 0.0148 
172.0000 2.1559 0.0559 195.0000 0.0188 
172.0000 2.1559 0.0395 6.0000 0.0167 
172.0000 2.1559 0.0539 36.0000 0.0100 
172.0000 2.1559 0.0294 9.0000 0.0050 
172.0000 2.1559 0.0330 79.0000 0.0112 
172.0000 2.1559 0.0527 12.0000 0.0141 
172.0000 2.1559 0.0336 70.0000 0.0036 
172.0000 2.1559 0.0053 8.0000 0.0008 
172.0000 2.1559 0.0376 3.0000 0.0202 
172.0000 2.1559 0.0718 5.0000 0.0260 
172.0000 2.1559 0.0382 4.0000 0.0147 
172.0000 2.1559 0.0204 4.0000 0.0092 
172.0000 2.1559 0.0525 23.0000 0.0274 
172.0000 2.1559 0.0631 5.0000 0.0236 
172.0000 2.1559 0.0663 16.0000 0.0113 
172.0000 2.1559 0.0151 36.0000 0.0045 
172.0000 2.1559 0.0773 17.0000 0.0203 
172.0000 2.1559 0.0300 4.0000 0.0071 
172.0000 2.1559 0.0444 7.0000 0.0310 
172.0000 2.1559 0.0381 5.0000 0.0088 
172.0000 2.1559 0.0234 4.0000 0.0070 
172.0000 2.1559 0.0425 25.0000 0.0059 
172.0000 2.1559 0.0607 7.0000 0.0220 
172.0000 2.1559 0.0808 18.0000 0.0336 
172.0000 2.1559 0.0282 7.0000 0.0076 
172.0000 2.1559 0.0613 8.0000 0.0146 
192.0000 2.3495 0.0138 7.0000 0.0337 
192.0000 2.3495 0.0511 3.0000 0.0312 
192.0000 2.3495 0.0663 3.0000 0.0287 
192.0000 2.3495 0.0359 6.0000 0.0176 
192.0000 2.3495 0.0809 7.0000 0.0159 
192.0000 2.3495 0.0695 13.0000 0.0163 
192.0000 2.3495 0.0718 3.0000 0.0424 
192.0000 2.3495 0.0621 12.0000 0.0213 
192.0000 2.3495 0.0562 51.0000 0.0222 
192.0000 2.3495 0.0051 7.0000 0.0009 
192.0000 2.3495 0.0414 11.0000 0.0074 
192.0000 2.3495 0.0846 6.0000 0.0248 
192.0000 2.3495 0.0297 3.0000 0.0166 
192.0000 2.3495 0.0644 12.0000 0.0247 
192.0000 2.3495 0.0340 4.0000 0.0141 
192.0000 2.3495 0.0507 11.0000 0.0160 
192.0000 2.3495 0.0677 5.0000 0.0212 
192.0000 2.3495 0.0380 19.0000 0.0227 
192.0000 2.3495 0.0375 16.0000 0.0133 
192.0000 2.3495 0.0208 4.0000 0.0033 
202.0000 2.4073 0.0233 9.0000 0.0229 
202.0000 2.4073 0.0709 4.0000 0.0298 
202.0000 2.4073 0.0648 34.0000 0.0173 
202.0000 2.4073 0.0622 68.0000 0.0145 
202.0000 2.4073 0.0558 8.0000 0.0114 
202.0000 2.4073 0.0436 3.0000 0.0272 
202.0000 2.4073 0.0526 26.0000 0.0171 
202.0000 2.4073 0.0432 19.0000 0.0065 
202.0000 2.4073 0.0513 19.0000 0.0149 
202.0000 2.4073 0.0173 5.0000 0.0038 
212.0000 2.4859 0.0598 19.0000 0.0109 
212.0000 2.4859 0.0608 11.0000 0.0219 
212.0000 2.4859 0.0232 30.0000 0.0091 
212.0000 2.4859 0.0532 3.0000 0.0341 
212.0000 2.4859 0.0622 31.0000 0.0241 
212.0000 2.4859 0.0515 10.0000 0.0297 
212.0000 2.4859 0.0326 4.0000 0.0175 
212.0000 2.4859 0.0580 8.0000 0.0164 
212.0000 2.4859 0.0541 10.0000 0.0107 
212.0000 2.4859 0.0329 9.0000 0.0051 
217.0000 2.5315 0.0604 4.0000 0.0237 
217.0000 2.5315 0.0573 4.0000 0.0214 
217.0000 2.5315 0.0382 7.0000 0.0115 
217.0000 2.5315 0.0618 4.0000 0.0303 
217.0000 2.5315 0.0273 4.0000 0.0163 
219.0000 2.5489 0.0210 11.0000 0.0152 
219.0000 2.5489 0.0871 5.0000 0.0264 
221.0000 2.5677 0.0609 7.0000 0.0283 
221.0000 2.5677 0.0514 5.0000 0.0377 
222.0000 2.5694 0.0769 9.0000 0.0371 
231.0000 2.6521 0.0642 17.0000 0.0168 
231.0000 2.6521 0.0399 5.0000 0.0116 
231.0000 2.6521 0.0465 13.0000 0.0067 
231.0000 2.6521 0.0241 4.0000 0.0120 
231.0000 2.6521 0.0310 10.0000 0.0155 
231.0000 2.6521 0.0106 3.0000 0.0056 
231.0000 2.6521 0.0504 9.0000 0.0089 
231.0000 2.6521 0.0631 3.0000 0.0279 
231.0000 2.6521 0.0409 3.0000 0.0204 
233.0000 2.6650 0.0339 3.0000 0.0121 
233.0000 2.6650 0.0660 5.0000 0.0241 
239.0000 2.7162 0.0554 15.0000 0.0160 
239.0000 2.7162 0.0454 7.0000 0.0074 
239.0000 2.7162 0.0558 7.0000 0.0151 
239.0000 2.7162 0.0324 3.0000 0.0064 
239.0000 2.7162 0.0456 13.0000 0.0219 
239.0000 2.7162 0.0516 4.0000 0.0253 
240.0000 2.7248 0.0462 7.0000 0.0129 
245.0000 2.7624 0.0530 10.0000 0.0187 
245.0000 2.7624 0.0223 5.0000 0.0016 
245.0000 2.7624 0.0221 9.0000 0.0042 
245.0000 2.7624 0.0621 7.0000 0.0377 
245.0000 2.7624 0.0421 24.0000 0.0142 
266.0000 2.7956 0.0290 33.0000 0.0264 
266.0000 2.7956 0.0334 8.0000 0.0115 
266.0000 2.7956 0.0240 7.0000 0.0059 
266.0000 2.7956 0.0448 109.0000 0.0185 
266.0000 2.7956 0.0717 70.0000 0.0159 
266.0000 2.7956 0.0400 26.0000 0.0191 
266.0000 2.7956 0.0528 16.0000 0.0141 
266.0000 2.7956 0.0533 75.0000 0.0118 
266.0000 2.7956 0.0358 21.0000 0.0186 
266.0000 2.7956 0.0560 3.0000 0.0257 
266.0000 2.7956 0.0732 6.0000 0.0351 
266.0000 2.7956 0.0351 4.0000 0.0043 
266.0000 2.7956 0.0404 9.0000 0.0083 
266.0000 2.7956 0.0537 53.0000 0.0120 
266.0000 2.7956 0.0373 8.0000 0.0138 
266.0000 2.7956 0.0718 4.0000 0.0202 
266.0000 2.7956 0.0793 26.0000 0.0170 
266.0000 2.7956 0.0559 133.0000 0.0240 
266.0000 2.7956 0.0428 14.0000 0.0040 
266.0000 2.7956 0.0565 12.0000 0.0069 
266.0000 2.7956 0.0589 15.0000 0.0133 
272.0000 2.7265 0.0572 66.0000 0.0206 
272.0000 2.7265 0.0325 3.0000 0.0221 
272.0000 2.7265 0.0869 21.0000 0.0287 
272.0000 2.7265 0.0287 4.0000 0.0101 
272.0000 2.7265 0.0297 15.0000 0.0073 
272.0000 2.7265 0.0433 9.0000 0.0108 
289.0000 2.8487 0.0626 10.0000 0.0184 
289.0000 2.8487 0.0308 4.0000 0.0066 
289.0000 2.8487 0.0491 6.0000 0.0115 
289.0000 2.8487 0.0209 7.0000 0.0027 
289.0000 2.8487 0.0527 10.0000 0.0099 
289.0000 2.8487 0.0486 19.0000 0.0106 
289.0000 2.8487 0.0389 25.0000 0.0065 
289.0000 2.8487 0.0366 15.0000 0.0295 
289.0000 2.8487 0.0393 17.0000 0.0263 
289.0000 2.8487 0.0581 9.0000 0.0118 
289.0000 2.8487 0.0144 3.0000 0.0090 
289.0000 2.8487 0.0466 13.0000 0.0157 
289.0000 2.8487 0.0040 3.0000 0.0031 
289.0000 2.8487 0.0367 14.0000 0.0175 
289.0000 2.8487 0.0422 4.0000 0.0139 
289.0000 2.8487 0.0333 4.0000 0.0144 
289.0000 2.8487 0.0280 4.0000 0.0060 
291.0000 2.8614 0.0713 4.0000 0.0186 
291.0000 2.8614 0.0178 3.0000 0.0106 
292.0000 2.8477 0.0462 7.0000 0.0256 
293.0000 2.8521 0.1157 7.0000 0.0292 
295.0000 2.8627 0.1162 13.0000 0.0231 
295.0000 2.8627 0.0796 9.0000 0.0168 
296.0000 2.8693 0.1311 7.0000 0.0301 
297.0000 2.8757 0.1200 9.0000 0.0201 
304.0000 2.9096 0.1136 12.0000 0.0292 
304.0000 2.9096 0.1223 9.0000 0.0207 
304.0000 2.9096 0.1266 13.0000 0.0205 
304.0000 2.9096 0.1011 34.0000 0.0165 
304.0000 2.9096 0.1024 13.0000 0.0308 
304.0000 2.9096 0.1347 11.0000 0.0192 
304.0000 2.9096 0.1125 18.0000 0.0185 
305.0000 2.9111 0.0946 7.0000 0.0221 
306.0000 2.9162 0.1075 8.0000 0.0202 
307.0000 2.9216 0.0975 11.0000 0.0156 
308.0000 2.9211 0.0619 7.0000 0.0164 
309.0000 2.9245 0.1146 11.0000 0.0229 
311.0000 2.9317 0.0374 9.0000 0.0261 
311.0000 2.9317 0.0279 3.0000 0.0267 
312.0000 2.9340 0.0938 6.0000 0.0246 
313.0000 2.9370 0.1079 7.0000 0.0199 
314.0000 2.9437 0.0518 3.0000 0.0274 
323.0000 2.9767 0.1070 31.0000 0.0278 
323.0000 2.9767 0.1062 8.0000 0.0232 
323.0000 2.9767 0.1225 14.0000 0.0168 
323.0000 2.9767 0.0985 16.0000 0.0147 
323.0000 2.9767 0.1139 9.0000 0.0214 
323.0000 2.9767 0.1211 6.0000 0.0281 
323.0000 2.9767 0.0959 35.0000 0.0211 
323.0000 2.9767 0.1043 15.0000 0.0184 
323.0000 2.9767 0.0781 21.0000 0.0096 
324.0000 2.9562 0.0783 8.0000 0.0265 
327.0000 2.9555 0.1145 12.0000 0.0238 
327.0000 2.9555 0.0819 70.0000 0.0109 
327.0000 2.9555 0.1064 9.0000 0.0219 
328.0000 2.9584 0.0989 8.0000 0.0185 
331.0000 2.9630 0.1181 32.0000 0.0090 
331.0000 2.9630 0.1240 8.0000 0.0303 
331.0000 2.9630 0.1242 8.0000 0.0226 
332.0000 2.9651 0.0833 7.0000 0.0167 
333.0000 2.9409 0.1397 10.0000 0.0208 
363.0000 2.9818 0.0307 10.0000 0.0154 
363.0000 2.9818 0.0360 5.0000 0.0125 
363.0000 2.9818 0.0260 11.0000 0.0031 
363.0000 2.9818 0.0452 6.0000 0.0129 
363.0000 2.9818 0.0247 4.0000 0.0058 
363.0000 2.9818 0.0130 5.0000 0.0041 
363.0000 2.9818 0.0263 4.0000 0.0098 
363.0000 2.9818 0.0092 5.0000 0.0039 
363.0000 2.9818 0.0181 3.0000 0.0097 
363.0000 2.9818 0.0295 6.0000 0.0067 
363.0000 2.9818 0.0225 23.0000 0.0058 
363.0000 2.9818 0.0287 8.0000 0.0136 
363.0000 2.9818 0.0358 11.0000 0.0111 
363.0000 2.9818 0.0427 8.0000 0.0084 
363.0000 2.9818 0.0309 4.0000 0.0107 
363.0000 2.9818 0.0119 4.0000 0.0061 
363.0000 2.9818 0.0182 4.0000 0.0082 
363.0000 2.9818 0.0052 16.0000 0.0044 
363.0000 2.9818 0.0256 7.0000 0.0083 
363.0000 2.9818 0.0294 17.0000 0.0144 
363.0000 2.9818 0.0408 23.0000 0.0123 
363.0000 2.9818 0.0323 9.0000 0.0069 
363.0000 2.9818 0.0209 13.0000 0.0065 
363.0000 2.9818 0.0311 6.0000 0.0059 
363.0000 2.9818 0.0179 3.0000 0.0074 
363.0000 2.9818 0.0102 6.0000 0.0054 
363.0000 2.9818 0.0359 4.0000 0.0209 
363.0000 2.9818 0.0395 6.0000 0.0159 
363.0000 2.9818 0.0267 3.0000 0.0123 
363.0000 2.9818 0.0062 4.0000 0.0025 
410.0000 3.2258 0.0432 16.0000 0.0193 
410.0000 3.2258 0.0338 16.0000 0.0046 
410.0000 3.2258 0.0318 6.0000 0.0104 
410.0000 3.2258 0.0261 8.0000 0.0049 
410.0000 3.2258 0.0350 10.0000 0.0087 
410.0000 3.2258 0.0224 5.0000 0.0080 
410.0000 3.2258 0.0433 7.0000 0.0120 
410.0000 3.2258 0.0354 10.0000 0.0108 
410.0000 3.2258 0.0360 5.0000 0.0105 
410.0000 3.2258 0.0332 17.0000 0.0137 
410.0000 3.2258 0.0222 6.0000 0.0056 
410.0000 3.2258 0.0135 7.0000 0.0026 
410.0000 3.2258 0.0182 24.0000 0.0203 
410.0000 3.2258 0.0387 4.0000 0.0129 
410.0000 3.2258 0.0521 14.0000 0.0128 
410.0000 3.2258 0.0228 9.0000 0.0120 
410.0000 3.2258 0.0220 3.0000 0.0100 
410.0000 3.2258 0.0242 20.0000 0.0077 
410.0000 3.2258 0.0230 13.0000 0.0066 
410.0000 3.2258 0.0283 21.0000 0.0152 
410.0000 3.2258 0.0536 17.0000 0.0067 
410.0000 3.2258 0.0306 12.0000 0.0085 
410.0000 3.2258 0.0113 5.0000 0.0028 
410.0000 3.2258 0.0377 6.0000 0.0076 
410.0000 3.2258 0.0415 27.0000 0.0110 
410.0000 3.2258 0.0441 36.0000 0.0069 
410.0000 3.2258 0.0281 26.0000 0.0154 
410.0000 3.2258 0.0301 24.0000 0.0056 
410.0000 3.2258 0.0476 14.0000 0.0051 
410.0000 3.2258 0.0418 32.0000 0.0255 
410.0000 3.2258 0.0420 13.0000 0.0160 
410.0000 3.2258 0.0310 13.0000 0.0075 
410.0000 3.2258 0.0232 8.0000 0.0050 
410.0000 3.2258 0.0365 8.0000 0.0166 
410.0000 3.2258 0.0366 6.0000 0.0178 
410.0000 3.2258 0.0268 16.0000 0.0170 
410.0000 3.2258 0.0210 3.0000 0.0124 
410.0000 3.2258 0.0270 3.0000 0.0162 
410.0000 3.2258 0.0346 9.0000 0.0064 
410.0000 3.2258 0.0184 8.0000 0.0035 
410.0000 3.2258 0.0240 5.0000 0.0104 
410.0000 3.2258 0.0181 5.0000 0.0095 
410.0000 3.2258 0.0307 5.0000 0.0100 
410.0000 3.2258 0.0183 4.0000 0.0121 
410.0000 3.2258 0.0375 8.0000 0.0214 
410.0000 3.2258 0.0468 4.0000 0.0153 
410.0000 3.2258 0.0330 3.0000 0.0146 
429.0000 3.3331 0.0233 10.0000 0.0141 
429.0000 3.3331 0.0507 8.0000 0.0153 
429.0000 3.3331 0.0261 3.0000 0.0142 
429.0000 3.3331 0.0424 8.0000 0.0088 
429.0000 3.3331 0.0488 3.0000 0.0255 
429.0000 3.3331 0.0462 8.0000 0.0114 
429.0000 3.3331 0.0330 3.0000 0.0119 
429.0000 3.3331 0.0571 7.0000 0.0131 
429.0000 3.3331 0.0268 8.0000 0.0022 
429.0000 3.3331 0.0367 10.0000 0.0124 
429.0000 3.3331 0.0502 6.0000 0.0175 
429.0000 3.3331 0.0434 14.0000 0.0039 
429.0000 3.3331 0.0658 3.0000 0.0301 
429.0000 3.3331 0.0393 5.0000 0.0097 
429.0000 3.3331 0.0344 12.0000 0.0153 
429.0000 3.3331 0.0509 16.0000 0.0135 
429.0000 3.3331 0.0294 4.0000 0.0106 
429.0000 3.3331 0.0236 26.0000 0.0157 
429.0000 3.3331 0.0154 4.0000 0.0063 
431.0000 3.3450 0.0318 7.0000 0.0167 
431.0000 3.3450 0.0535 4.0000 0.0298 
432.0000 3.3431 0.0405 4.0000 0.0141 
435.0000 3.3588 0.0316 4.0000 0.0082 
435.0000 3.3588 0.0502 3.0000 0.0272 
435.0000 3.3588 0.0340 3.0000 0.0168 
466.0000 3.5127 0.0477 7.0000 0.0084 
466.0000 3.5127 0.0158 9.0000 0.0073 
466.0000 3.5127 0.0258 4.0000 0.0139 
466.0000 3.5127 0.0178 12.0000 0.0096 
466.0000 3.5127 0.0154 4.0000 0.0039 
466.0000 3.5127 0.0135 3.0000 0.0106 
466.0000 3.5127 0.0363 17.0000 0.0119 
466.0000 3.5127 0.0193 12.0000 0.0163 
466.0000 3.5127 0.0228 3.0000 0.0102 
466.0000 3.5127 0.0392 3.0000 0.0256 
466.0000 3.5127 0.0457 10.0000 0.0191 
466.0000 3.5127 0.0379 3.0000 0.0123 
466.0000 3.5127 0.0251 28.0000 0.0110 
466.0000 3.5127 0.0346 14.0000 0.0049 
466.0000 3.5127 0.0374 14.0000 0.0071 
466.0000 3.5127 0.0203 16.0000 0.0014 
466.0000 3.5127 0.0252 4.0000 0.0137 
466.0000 3.5127 0.0336 17.0000 0.0074 
466.0000 3.5127 0.0200 4.0000 0.0068 
466.0000 3.5127 0.0430 36.0000 0.0247 
466.0000 3.5127 0.0206 23.0000 0.0100 
466.0000 3.5127 0.0164 21.0000 0.0200 
466.0000 3.5127 0.0147 3.0000 0.0110 
466.0000 3.5127 0.0219 11.0000 0.0023 
466.0000 3.5127 0.0473 7.0000 0.0239 
466.0000 3.5127 0.0413 7.0000 0.0078 
466.0000 3.5127 0.0240 8.0000 0.0044 
466.0000 3.5127 0.0257 11.0000 0.0076 
466.0000 3.5127 0.0380 6.0000 0.0089 
466.0000 3.5127 0.0408 5.0000 0.0144 
466.0000 3.5127 0.0163 13.0000 0.0097 
487.0000 3.5952 0.0394 51.0000 0.0295 
487.0000 3.5952 0.0516 4.0000 0.0173 
487.0000 3.5952 0.0566 7.0000 0.0204 
487.0000 3.5952 0.0514 17.0000 0.0041 
487.0000 3.5952 0.0432 10.0000 0.0084 
487.0000 3.5952 0.0394 17.0000 0.0207 
487.0000 3.5952 0.0344 13.0000 0.0086 
487.0000 3.5952 0.0206 8.0000 0.0078 
487.0000 3.5952 0.0754 35.0000 0.0200 
487.0000 3.5952 0.0274 3.0000 0.0097 
487.0000 3.5952 0.0340 6.0000 0.0081 
487.0000 3.5952 0.0217 18.0000 0.0100 
487.0000 3.5952 0.0682 4.0000 0.0472 
487.0000 3.5952 0.0832 30.0000 0.0228 
487.0000 3.5952 0.0381 10.0000 0.0115 
487.0000 3.5952 0.0450 18.0000 0.0129 
487.0000 3.5952 0.0246 7.0000 0.0045 
487.0000 3.5952 0.0323 7.0000 0.0225 
487.0000 3.5952 0.0411 3.0000 0.0303 
487.0000 3.5952 0.0574 14.0000 0.0176 
487.0000 3.5952 0.0239 4.0000 0.0113 
495.0000 3.6174 0.0521 15.0000 0.0285 
495.0000 3.6174 0.0309 3.0000 0.0213 
495.0000 3.6174 0.0706 4.0000 0.0256 
495.0000 3.6174 0.0999 21.0000 0.0170 
495.0000 3.6174 0.0525 16.0000 0.0138 
495.0000 3.6174 0.0301 11.0000 0.0045 
495.0000 3.6174 0.0703 8.0000 0.0207 
495.0000 3.6174 0.0256 3.0000 0.0139 
497.0000 3.6135 0.0124 7.0000 0.0168 
497.0000 3.6135 0.0375 6.0000 0.0140 
500.0000 3.6143 0.0401 5.0000 0.0228 
500.0000 3.6143 0.0219 5.0000 0.0087 
500.0000 3.6143 0.0489 3.0000 0.0200 
502.0000 3.6193 0.0672 3.0000 0.0325 
502.0000 3.6193 0.0633 21.0000 0.0159 
505.0000 3.6211 0.0091 20.0000 0.0175 
505.0000 3.6211 0.1527 7.0000 0.0357 
505.0000 3.6211 0.1551 27.0000 0.0212 
506.0000 3.6200 0.0924 6.0000 0.0205 
507.0000 3.6183 0.1068 9.0000 0.0168 
508.0000 3.6182 0.0649 12.0000 0.0218 
509.0000 3.5962 0.0860 9.0000 0.0264 
510.0000 3.5941 0.1262 19.0000 0.0182 
511.0000 3.5855 0.0772 17.0000 0.0314 
512.0000 3.5802 0.0880 10.0000 0.0256 
513.0000 3.5759 0.1285 10.0000 0.0241 
517.0000 3.5538 0.0628 6.0000 0.0175 
517.0000 3.5538 0.0442 18.0000 0.0144 
517.0000 3.5538 0.0371 9.0000 0.0228 
517.0000 3.5538 0.0316 5.0000 0.0200 
519.0000 3.5378 0.0338 7.0000 0.0157 
519.0000 3.5378 0.0476 12.0000 0.0092 
521.0000 3.5483 0.0196 4.0000 0.0084 
521.0000 3.5483 0.0389 3.0000 0.0164 
526.0000 3.5671 0.0528 17.0000 0.0215 
526.0000 3.5671 0.0314 4.0000 0.0118 
526.0000 3.5671 0.0529 13.0000 0.0092 
526.0000 3.5671 0.0249 3.0000 0.0146 
526.0000 3.5671 0.0251 7.0000 0.0085 
527.0000 3.5591 0.0818 9.0000 0.0177 
528.0000 3.5601 0.0288 10.0000 0.0265 
530.0000 3.5444 0.0949 20.0000 0.0134 
530.0000 3.5444 0.0839 15.0000 0.0281 
534.0000 3.5255 0.0110 4.0000 0.0025 
534.0000 3.5255 0.0279 3.0000 0.0146 
534.0000 3.5255 0.0140 6.0000 0.0045 
534.0000 3.5255 0.0461 5.0000 0.0167 
536.0000 3.3542 0.0733 450.0000 0.0260 
536.0000 3.3542 0.1295 13.0000 0.0273 
537.0000 3.3546 0.1304 8.0000 0.0308 