
1.0000 1.0638 0.1251 9.0000 0.0225 
2.0000 0.9346 0.1287 12.0000 0.0119 
3.0000 1.1811 0.1653 9.0000 0.0304 
4.0000 1.0363 0.1803 9.0000 0.0266 
5.0000 1.1792 0.1507 10.0000 0.0290 
7.0000 1.4925 0.1490 10.0000 0.0242 
7.0000 1.4925 0.0170 3.0000 0.0073 
8.0000 0.9060 0.1549 7.0000 0.0307 
9.0000 0.9174 0.1267 10.0000 0.0211 
10.0000 0.7541 0.0978 10.0000 0.0150 
11.0000 0.7983 0.0844 11.0000 0.0073 
12.0000 0.8608 0.1174 8.0000 0.0309 
13.0000 0.6436 0.1025 9.0000 0.0128 
14.0000 0.6601 0.1117 9.0000 0.0102 
15.0000 0.7009 0.0538 7.0000 0.0187 
16.0000 0.7289 0.0961 9.0000 0.0182 
17.0000 0.7424 0.0661 11.0000 0.0176 
18.0000 0.7762 0.1407 8.0000 0.0391 
19.0000 0.7907 0.0652 6.0000 0.0134 
20.0000 0.8127 0.0644 11.0000 0.0054 
21.0000 0.8444 0.0668 9.0000 0.0165 
22.0000 0.8754 0.1315 8.0000 0.0259 
23.0000 0.8732 0.0993 10.0000 0.0051 
24.0000 0.9046 0.0754 7.0000 0.0257 
25.0000 0.9294 0.0955 16.0000 0.0113 
26.0000 0.9194 0.1572 9.0000 0.0205 
27.0000 0.9237 0.1153 14.0000 0.0156 
28.0000 0.9456 0.1274 8.0000 0.0234 
30.0000 0.9817 0.0570 4.0000 0.0281 
30.0000 0.9817 0.0212 5.0000 0.0088 
31.0000 0.9663 0.0942 9.0000 0.0233 
32.0000 0.9558 0.1566 13.0000 0.0156 
33.0000 0.7923 0.0812 7.0000 0.0242 
34.0000 0.7949 0.1419 9.0000 0.0293 
35.0000 0.7947 0.1679 11.0000 0.0110 
36.0000 0.8114 0.1358 13.0000 0.0149 
37.0000 0.8127 0.1388 11.0000 0.0252 
38.0000 0.8232 0.0944 9.0000 0.0134 
39.0000 0.7741 0.0372 8.0000 0.0249 
40.0000 0.7678 0.0652 7.0000 0.0223 
41.0000 0.7742 0.0736 7.0000 0.0170 
42.0000 0.7646 0.1031 4.0000 0.0200 
43.0000 0.7655 0.1751 12.0000 0.0239 
44.0000 0.7751 0.0829 6.0000 0.0197 
45.0000 0.7792 0.1632 9.0000 0.0247 
46.0000 0.7066 0.1548 8.0000 0.0278 
47.0000 0.7143 0.1147 9.0000 0.0060 
48.0000 0.7196 0.1202 9.0000 0.0186 
49.0000 0.7227 0.1505 10.0000 0.0174 
50.0000 0.7259 0.1825 11.0000 0.0233 
51.0000 0.7343 0.0545 5.0000 0.0372 
52.0000 0.7391 0.0774 6.0000 0.0261 
53.0000 0.7402 0.1169 10.0000 0.0240 
54.0000 0.7384 0.0468 5.0000 0.0106 
56.0000 0.7259 0.1181 8.0000 0.0325 
56.0000 0.7259 0.0182 3.0000 0.0067 
57.0000 0.7334 0.1772 8.0000 0.0405 
58.0000 0.7386 0.1201 8.0000 0.0350 
59.0000 0.7462 0.1623 11.0000 0.0246 
60.0000 0.7528 0.1279 9.0000 0.0258 
62.0000 0.7651 0.0437 7.0000 0.0294 
62.0000 0.7651 0.0310 5.0000 0.0141 
63.0000 0.7751 0.0894 8.0000 0.0108 
64.0000 0.7812 0.1240 11.0000 0.0191 
65.0000 0.7871 0.1474 12.0000 0.0185 
66.0000 0.7839 0.1281 11.0000 0.0200 
67.0000 0.7936 0.1033 6.0000 0.0198 
68.0000 0.8025 0.1325 10.0000 0.0189 
69.0000 0.8100 0.1508 8.0000 0.0371 
70.0000 0.7961 0.1847 9.0000 0.0212 
71.0000 0.8033 0.1526 10.0000 0.0235 
72.0000 0.8025 0.1605 9.0000 0.0380 
73.0000 0.8044 0.1683 11.0000 0.0257 
74.0000 0.8057 0.2034 13.0000 0.0230 
76.0000 0.7849 0.1626 9.0000 0.0256 
76.0000 0.7849 0.0215 5.0000 0.0082 
78.0000 0.7929 0.1678 9.0000 0.0332 
78.0000 0.7929 0.0289 4.0000 0.0156 
79.0000 0.7976 0.1333 7.0000 0.0244 
80.0000 0.7945 0.1671 7.0000 0.0360 
81.0000 0.7984 0.1716 8.0000 0.0299 
82.0000 0.8064 0.1629 7.0000 0.0448 
83.0000 0.8132 0.1668 8.0000 0.0338 
84.0000 0.8130 0.1700 9.0000 0.0265 
85.0000 0.8124 0.1398 7.0000 0.0301 
86.0000 0.7973 0.1025 13.0000 0.0062 
87.0000 0.8011 0.1063 9.0000 0.0327 
88.0000 0.7897 0.1383 13.0000 0.0154 
89.0000 0.7806 0.0930 11.0000 0.0235 
91.0000 0.7910 0.0577 9.0000 0.0258 
91.0000 0.7910 0.0416 3.0000 0.0329 
92.0000 0.7789 0.1151 8.0000 0.0298 
94.0000 0.7767 0.0232 3.0000 0.0159 
94.0000 0.7767 0.1073 7.0000 0.0274 
95.0000 0.7758 0.1940 10.0000 0.0300 
96.0000 0.7812 0.1698 12.0000 0.0199 
97.0000 0.7628 0.0426 3.0000 0.0291 
98.0000 0.7269 0.1439 8.0000 0.0254 
99.0000 0.7319 0.1398 9.0000 0.0212 
100.0000 0.7351 0.1506 9.0000 0.0277 
101.0000 0.7399 0.1243 9.0000 0.0188 
102.0000 0.7434 0.1262 9.0000 0.0236 
103.0000 0.7472 0.0909 8.0000 0.0285 
104.0000 0.7460 0.1079 7.0000 0.0224 
105.0000 0.7301 0.1266 9.0000 0.0225 
106.0000 0.7318 0.1440 14.0000 0.0181 
107.0000 0.7320 0.1580 11.0000 0.0194 
108.0000 0.7305 0.1369 12.0000 0.0185 
109.0000 0.7305 0.1593 8.0000 0.0244 
111.0000 0.7305 0.1528 7.0000 0.0382 
111.0000 0.7305 0.0570 5.0000 0.0141 
112.0000 0.7217 0.1185 10.0000 0.0317 
113.0000 0.7264 0.1541 8.0000 0.0302 
114.0000 0.7212 0.1581 12.0000 0.0169 
115.0000 0.7247 0.0461 9.0000 0.0165 
116.0000 0.7231 0.0443 11.0000 0.0174 
117.0000 0.7265 0.1561 9.0000 0.0197 
118.0000 0.6907 0.1806 9.0000 0.0299 
119.0000 0.6830 0.0914 5.0000 0.0224 
120.0000 0.6702 0.1155 6.0000 0.0403 
122.0000 0.6777 0.0575 3.0000 0.0152 
122.0000 0.6777 0.1063 9.0000 0.0162 
123.0000 0.6792 0.0716 14.0000 0.0112 
124.0000 0.6834 0.1108 11.0000 0.0184 
125.0000 0.6832 0.1328 11.0000 0.0112 
126.0000 0.6858 0.0963 8.0000 0.0136 
127.0000 0.6907 0.0446 4.0000 0.0227 
128.0000 0.6883 0.1196 21.0000 0.0147 
129.0000 0.6886 0.1154 10.0000 0.0236 
130.0000 0.6783 0.1316 10.0000 0.0132 
131.0000 0.6826 0.1639 7.0000 0.0369 