
1.0000 0.3650 0.0118 10.0000 0.0107 
2.0000 0.6173 0.0612 8.0000 0.0090 
3.0000 0.7692 0.0808 8.0000 0.0215 
4.0000 0.9926 0.0799 7.0000 0.0157 
6.0000 1.4019 0.0571 5.0000 0.0167 
6.0000 1.4019 0.0327 4.0000 0.0135 
7.0000 1.4000 0.0812 11.0000 0.0132 
8.0000 1.4363 0.0267 9.0000 0.0170 
9.0000 1.2987 0.1025 10.0000 0.0170 
11.0000 1.4031 0.0678 8.0000 0.0178 
11.0000 1.4031 0.0183 6.0000 0.0062 
12.0000 1.4944 0.0896 8.0000 0.0223 
13.0000 1.5012 0.0585 8.0000 0.0084 
14.0000 1.4752 0.0546 8.0000 0.0072 
16.0000 1.4995 0.0457 5.0000 0.0155 
16.0000 1.4995 0.0908 9.0000 0.0189 
17.0000 1.3969 0.0941 10.0000 0.0137 
18.0000 1.3255 0.0903 13.0000 0.0129 
19.0000 1.2558 0.1028 9.0000 0.0196 
20.0000 1.2270 0.0608 9.0000 0.0156 
21.0000 1.2202 0.1300 11.0000 0.0196 
22.0000 1.2564 0.1117 11.0000 0.0120 
23.0000 1.3024 0.1071 10.0000 0.0148 
25.0000 1.3744 0.0472 4.0000 0.0286 
25.0000 1.3744 0.0302 5.0000 0.0077 
26.0000 1.2464 0.0691 6.0000 0.0198 
27.0000 1.1638 0.0864 11.0000 0.0149 
29.0000 1.2398 0.0492 6.0000 0.0200 
29.0000 1.2398 0.0327 4.0000 0.0212 
32.0000 1.1782 0.0569 4.0000 0.0226 
32.0000 1.1782 0.0531 6.0000 0.0151 
32.0000 1.1782 0.0272 3.0000 0.0206 
33.0000 1.1735 0.0633 7.0000 0.0154 
34.0000 1.1934 0.1004 8.0000 0.0195 
35.0000 1.1852 0.0809 9.0000 0.0092 
36.0000 1.1060 0.0625 9.0000 0.0131 
37.0000 1.1131 0.0793 9.0000 0.0106 
38.0000 1.0929 0.0847 11.0000 0.0195 
39.0000 1.1033 0.1296 13.0000 0.0341 
40.0000 1.1195 0.0875 11.0000 0.0082 
41.0000 1.1301 0.0430 8.0000 0.0276 
43.0000 1.1433 0.0602 8.0000 0.0299 
43.0000 1.1433 0.0730 4.0000 0.0369 
44.0000 1.1204 0.0636 9.0000 0.0221 
46.0000 1.0973 0.0968 12.0000 0.0149 
46.0000 1.0973 0.0501 3.0000 0.0186 
47.0000 1.0792 0.0752 10.0000 0.0142 
48.0000 1.0679 0.0939 10.0000 0.0156 
49.0000 1.0249 0.0399 8.0000 0.0152 
53.0000 1.0746 0.0836 17.0000 0.0411 
53.0000 1.0746 0.2229 15.0000 0.0322 
53.0000 1.0746 0.1652 8.0000 0.0284 
53.0000 1.0746 0.0395 4.0000 0.0160 
55.0000 1.1053 0.0349 8.0000 0.0264 
55.0000 1.1053 0.0103 3.0000 0.0025 
56.0000 1.1000 0.0840 12.0000 0.0166 
57.0000 1.0978 0.0834 10.0000 0.0208 
58.0000 1.0929 0.0344 12.0000 0.0156 
59.0000 1.0882 0.0743 10.0000 0.0186 
60.0000 1.1025 0.0418 9.0000 0.0127 
62.0000 1.1020 0.0565 7.0000 0.0138 
62.0000 1.1020 0.0219 5.0000 0.0057 
63.0000 1.1113 0.0499 7.0000 0.0231 
66.0000 1.1044 0.0376 6.0000 0.0146 
66.0000 1.1044 0.0474 5.0000 0.0137 
66.0000 1.1044 0.0283 4.0000 0.0095 
68.0000 1.1242 0.0415 12.0000 0.0187 
68.0000 1.1242 0.0217 4.0000 0.0113 
69.0000 1.1326 0.1009 19.0000 0.0135 
70.0000 1.1412 0.0897 10.0000 0.0237 
72.0000 1.1075 0.0493 5.0000 0.0180 
72.0000 1.1075 0.0659 4.0000 0.0273 
73.0000 1.0792 0.0386 12.0000 0.0193 
75.0000 1.0854 0.0019 5.0000 0.0171 
75.0000 1.0854 0.0485 5.0000 0.0158 
76.0000 1.0795 0.0486 20.0000 0.0173 
77.0000 1.0781 0.0646 6.0000 0.0147 
79.0000 1.0928 0.0616 8.0000 0.0114 
79.0000 1.0928 0.0486 4.0000 0.0216 
80.0000 1.1021 0.0678 10.0000 0.0323 
83.0000 1.1364 0.0463 6.0000 0.0222 
83.0000 1.1364 0.0173 3.0000 0.0098 
83.0000 1.1364 0.0228 4.0000 0.0128 
84.0000 1.1463 0.0426 9.0000 0.0090 
85.0000 1.1085 0.0834 8.0000 0.0189 
87.0000 1.1042 0.0293 3.0000 0.0208 
87.0000 1.1042 0.0519 9.0000 0.0091 
88.0000 1.1068 0.1306 18.0000 0.0005 
89.0000 1.1131 0.0894 12.0000 0.0116 
90.0000 1.1137 0.0523 7.0000 0.0138 
91.0000 1.1123 0.0605 10.0000 0.0129 
92.0000 1.0989 0.0990 8.0000 0.0207 
93.0000 1.0998 0.0534 5.0000 0.0380 
94.0000 1.1050 0.0694 10.0000 0.0129 
95.0000 1.1070 0.0812 11.0000 0.0110 
96.0000 1.0946 0.0697 7.0000 0.0142 
97.0000 1.1042 0.0667 10.0000 0.0177 
99.0000 1.1090 0.0061 8.0000 0.0104 
99.0000 1.1090 0.0144 3.0000 0.0091 
105.0000 1.1584 0.0369 4.0000 0.0155 
105.0000 1.1584 0.0278 5.0000 0.0071 
105.0000 1.1584 0.0178 4.0000 0.0080 
105.0000 1.1584 0.0282 4.0000 0.0093 
105.0000 1.1584 0.0113 3.0000 0.0096 
105.0000 1.1584 0.0200 4.0000 0.0069 
111.0000 1.1566 0.0359 7.0000 0.0167 
111.0000 1.1566 0.0217 8.0000 0.0174 
111.0000 1.1566 0.0344 3.0000 0.0179 
111.0000 1.1566 0.0348 4.0000 0.0113 
111.0000 1.1566 0.0221 3.0000 0.0102 
111.0000 1.1566 0.0338 5.0000 0.0092 
112.0000 1.1369 0.0706 12.0000 0.0134 
114.0000 1.1519 0.0634 10.0000 0.0225 
114.0000 1.1519 0.0322 3.0000 0.0156 
115.0000 1.1567 0.1415 14.0000 0.0137 
116.0000 1.1584 0.1030 10.0000 0.0143 
118.0000 1.1704 0.0943 9.0000 0.0252 
118.0000 1.1704 0.0499 4.0000 0.0272 
119.0000 1.1561 0.0806 8.0000 0.0104 
120.0000 1.1498 0.0910 11.0000 0.0112 
121.0000 1.1519 0.0552 9.0000 0.0112 
124.0000 1.1477 0.0095 10.0000 0.0062 
124.0000 1.1477 0.0507 18.0000 0.0314 
124.0000 1.1477 0.0431 3.0000 0.0241 
127.0000 1.1686 -0.0060 19.0000 0.0085 
127.0000 1.1686 0.0287 17.0000 0.0137 
127.0000 1.1686 0.0370 7.0000 0.0202 
130.0000 1.1819 0.0375 43.0000 0.0224 
130.0000 1.1819 0.0287 10.0000 0.0077 
130.0000 1.1819 0.0388 4.0000 0.0173 
132.0000 1.1218 0.0893 10.0000 0.0172 
132.0000 1.1218 0.0317 4.0000 0.0103 
133.0000 1.1236 0.0984 15.0000 0.0164 
134.0000 1.1282 0.1331 15.0000 0.0082 
135.0000 1.1345 0.1039 10.0000 0.0118 
136.0000 1.1356 0.0974 11.0000 0.0249 
138.0000 1.1428 0.1280 10.0000 0.0241 
138.0000 1.1428 0.0226 3.0000 0.0157 
139.0000 1.1461 0.1013 10.0000 0.0140 
140.0000 1.1474 0.0767 11.0000 0.0171 
142.0000 1.1580 0.1090 9.0000 0.0176 
142.0000 1.1580 0.0108 3.0000 0.0015 
143.0000 1.1529 0.0760 8.0000 0.0142 
144.0000 1.1499 0.1321 12.0000 0.0132 
145.0000 1.1549 0.0088 7.0000 0.0093 
147.0000 1.1538 0.0777 7.0000 0.0205 
147.0000 1.1538 0.0462 3.0000 0.0226 
148.0000 1.1470 0.1081 10.0000 0.0147 
149.0000 1.0860 0.0521 7.0000 0.0095 
150.0000 1.0837 0.0486 4.0000 0.0242 
151.0000 1.0614 0.0432 7.0000 0.0162 
152.0000 1.0624 0.0972 11.0000 0.0134 
154.0000 1.0741 0.0263 12.0000 0.0207 
154.0000 1.0741 0.0362 3.0000 0.0167 
155.0000 1.0731 0.0637 11.0000 0.0140 
158.0000 1.0905 0.0715 9.0000 0.0167 
158.0000 1.0905 0.0211 3.0000 0.0142 
158.0000 1.0905 0.0574 3.0000 0.0328 
159.0000 1.0705 0.0520 10.0000 0.0143 
164.0000 1.0675 0.0381 9.0000 0.0171 
164.0000 1.0675 0.0478 4.0000 0.0221 
164.0000 1.0675 0.0319 4.0000 0.0106 
164.0000 1.0675 0.0375 5.0000 0.0108 
164.0000 1.0675 0.0508 4.0000 0.0212 
165.0000 1.0647 0.0593 7.0000 0.0140 
167.0000 1.0711 0.0250 8.0000 0.0113 
167.0000 1.0711 0.0415 6.0000 0.0114 
168.0000 1.0672 0.0371 10.0000 0.0154 
169.0000 1.0295 0.0462 8.0000 0.0114 
172.0000 1.0361 0.0255 10.0000 0.0068 
172.0000 1.0361 0.0289 7.0000 0.0201 
172.0000 1.0361 0.0408 6.0000 0.0098 
173.0000 1.0378 0.0513 7.0000 0.0206 
174.0000 1.0424 0.0725 11.0000 0.0286 
175.0000 1.0457 0.0420 6.0000 0.0140 
176.0000 1.0503 0.1217 11.0000 0.0212 
178.0000 1.0603 0.0530 8.0000 0.0141 
178.0000 1.0603 0.0314 4.0000 0.0169 
179.0000 1.0641 0.0939 17.0000 0.0168 
180.0000 1.0679 0.0692 17.0000 0.0130 
181.0000 1.0716 0.0263 9.0000 0.0154 
183.0000 1.0805 0.0505 9.0000 0.0206 
183.0000 1.0805 0.0312 5.0000 0.0121 
190.0000 1.1064 0.0256 22.0000 0.0098 
190.0000 1.1064 0.0388 5.0000 0.0166 
190.0000 1.1064 0.0400 17.0000 0.0100 
190.0000 1.1064 0.0492 8.0000 0.0226 
190.0000 1.1064 0.0480 3.0000 0.0291 
190.0000 1.1064 0.0362 6.0000 0.0074 
190.0000 1.1064 0.0417 3.0000 0.0247 
191.0000 1.1020 0.0628 12.0000 0.0125 
192.0000 1.1052 0.0845 15.0000 0.0230 
194.0000 1.1071 0.0454 5.0000 0.0106 
194.0000 1.1071 0.0207 11.0000 0.0171 
195.0000 1.1120 0.0523 3.0000 0.0293 
197.0000 1.1154 0.0522 7.0000 0.0128 
197.0000 1.1154 0.0287 4.0000 0.0094 
198.0000 1.1140 0.0511 4.0000 0.0211 
200.0000 1.1146 0.0316 7.0000 0.0405 
200.0000 1.1146 0.0712 3.0000 0.0375 
201.0000 1.1147 0.0238 8.0000 0.0161 
202.0000 1.1163 0.0421 7.0000 0.0170 
204.0000 1.1162 0.0399 3.0000 0.0197 
204.0000 1.1162 0.0308 3.0000 0.0178 
205.0000 1.1146 0.0506 10.0000 0.0159 
207.0000 1.1201 0.0595 5.0000 0.0184 
207.0000 1.1201 0.0670 5.0000 0.0223 
208.0000 1.0601 0.1029 14.0000 0.0070 
210.0000 1.0678 0.0384 9.0000 0.0094 
210.0000 1.0678 0.0201 4.0000 0.0063 
213.0000 1.0583 0.0395 5.0000 0.0143 
213.0000 1.0583 0.0567 3.0000 0.0339 
213.0000 1.0583 0.0534 4.0000 0.0157 
214.0000 1.0224 0.0658 8.0000 0.0197 