
1.0000 0.7299 0.1091 14.0000 0.0146 
3.0000 1.0101 0.0798 8.0000 0.0154 
3.0000 1.0101 0.0158 3.0000 0.0132 
4.0000 0.8421 0.0468 7.0000 0.0125 
5.0000 0.9542 0.0933 7.0000 0.0277 
6.0000 0.8186 0.1009 7.0000 0.0286 
7.0000 0.9358 0.1231 10.0000 0.0226 
8.0000 0.8649 0.1524 13.0000 0.0186 
9.0000 0.8212 0.1709 9.0000 0.0388 
10.0000 0.8210 0.1583 10.0000 0.0219 
12.0000 0.8639 0.1184 9.0000 0.0131 
12.0000 0.8639 0.0105 3.0000 0.0037 
14.0000 0.9144 0.0938 9.0000 0.0192 
14.0000 0.9144 0.0566 3.0000 0.0352 
15.0000 0.8818 0.0733 8.0000 0.0184 
16.0000 0.8126 0.1579 12.0000 0.0175 
17.0000 0.7696 0.0931 6.0000 0.0251 
18.0000 0.7296 0.1258 9.0000 0.0241 
19.0000 0.6613 0.0987 10.0000 0.0149 
20.0000 0.6904 0.0984 10.0000 0.0118 
21.0000 0.6716 0.0920 7.0000 0.0164 
22.0000 0.6820 0.1111 9.0000 0.0193 
24.0000 0.7227 0.1376 8.0000 0.0235 
24.0000 0.7227 0.0239 4.0000 0.0064 
25.0000 0.7125 0.1153 9.0000 0.0166 
27.0000 0.7152 0.0618 7.0000 0.0140 
27.0000 0.7152 0.0260 3.0000 0.0220 
28.0000 0.6801 0.0904 10.0000 0.0206 
29.0000 0.6991 0.1444 13.0000 0.0129 
31.0000 0.7362 0.0860 6.0000 0.0242 
31.0000 0.7362 0.0395 4.0000 0.0207 
32.0000 0.7553 0.1220 10.0000 0.0193 
34.0000 0.7994 0.0841 6.0000 0.0169 
34.0000 0.7994 0.0241 4.0000 0.0142 
35.0000 0.7998 0.1353 10.0000 0.0257 
36.0000 0.7949 0.1049 11.0000 0.0117 
37.0000 0.8077 0.0735 7.0000 0.0119 
38.0000 0.8037 0.1350 10.0000 0.0147 
39.0000 0.8171 0.1083 8.0000 0.0198 
40.0000 0.8172 0.0792 8.0000 0.0169 
42.0000 0.7778 0.0571 7.0000 0.0245 
42.0000 0.7778 0.0366 3.0000 0.0247 
43.0000 0.7091 0.1295 9.0000 0.0199 
44.0000 0.6952 0.1398 12.0000 0.0148 
46.0000 0.7074 0.0499 5.0000 0.0251 
46.0000 0.7074 0.0589 3.0000 0.0310 
47.0000 0.7033 0.0846 11.0000 0.0117 
48.0000 0.6894 0.0763 9.0000 0.0146 
49.0000 0.6990 0.0674 8.0000 0.0330 
50.0000 0.6843 0.1219 11.0000 0.0200 
52.0000 0.6610 0.1251 7.0000 0.0239 
52.0000 0.6610 0.0305 3.0000 0.0276 
53.0000 0.6515 0.1407 11.0000 0.0223 
54.0000 0.6582 0.1301 10.0000 0.0158 
55.0000 0.6580 0.1492 8.0000 0.0339 
57.0000 0.6774 0.0551 5.0000 0.0240 
57.0000 0.6774 0.0313 5.0000 0.0147 
59.0000 0.6967 0.0602 4.0000 0.0307 
59.0000 0.6967 0.0265 5.0000 0.0111 
60.0000 0.7057 0.1122 9.0000 0.0126 
61.0000 0.7152 0.0766 9.0000 0.0201 
62.0000 0.6859 0.1460 13.0000 0.0119 
63.0000 0.6532 0.1083 8.0000 0.0228 
64.0000 0.6619 0.1254 9.0000 0.0193 
66.0000 0.6809 0.1335 11.0000 0.0258 
66.0000 0.6809 0.0113 3.0000 0.0055 
67.0000 0.6886 0.1233 8.0000 0.0245 
68.0000 0.6846 0.1324 13.0000 0.0130 
69.0000 0.6898 0.1018 10.0000 0.0301 
70.0000 0.6549 0.0966 11.0000 0.0139 
71.0000 0.6536 0.0967 9.0000 0.0179 
72.0000 0.6309 0.1402 8.0000 0.0333 
73.0000 0.6143 0.1510 11.0000 0.0223 
75.0000 0.6225 0.1400 13.0000 0.0099 
75.0000 0.6225 0.0167 3.0000 0.0138 
76.0000 0.6272 0.1590 12.0000 0.0189 
77.0000 0.6298 0.1313 11.0000 0.0194 
78.0000 0.6294 0.1236 8.0000 0.0227 
79.0000 0.6367 0.1390 10.0000 0.0314 
80.0000 0.6255 0.0972 9.0000 0.0235 
82.0000 0.6402 0.1293 9.0000 0.0232 
82.0000 0.6402 0.0253 4.0000 0.0092 
84.0000 0.6544 0.1518 9.0000 0.0275 
84.0000 0.6544 0.0147 3.0000 0.0019 
85.0000 0.6513 0.0938 8.0000 0.0246 
86.0000 0.6421 0.0232 9.0000 0.0121 
88.0000 0.6544 0.1324 8.0000 0.0208 
88.0000 0.6544 0.0074 3.0000 0.0041 
89.0000 0.6296 0.1036 9.0000 0.0201 
90.0000 0.6248 0.1537 11.0000 0.0224 
91.0000 0.6308 0.1049 9.0000 0.0270 
92.0000 0.6287 0.0780 8.0000 0.0147 
93.0000 0.6346 0.1176 10.0000 0.0227 
94.0000 0.6320 0.0841 8.0000 0.0174 
95.0000 0.6381 0.0964 12.0000 0.0219 
96.0000 0.6406 0.1148 9.0000 0.0174 
97.0000 0.6461 0.0835 9.0000 0.0145 
98.0000 0.6412 0.0876 9.0000 0.0125 
99.0000 0.6441 0.1045 9.0000 0.0151 
100.0000 0.6499 0.1185 8.0000 0.0254 
101.0000 0.6554 0.1434 10.0000 0.0263 
102.0000 0.6427 0.1197 8.0000 0.0206 
103.0000 0.6351 0.1150 7.0000 0.0439 
104.0000 0.6195 0.0927 8.0000 0.0171 
105.0000 0.6233 0.1226 6.0000 0.0261 
107.0000 0.6258 0.1311 10.0000 0.0196 
107.0000 0.6258 0.1371 9.0000 0.0321 
108.0000 0.6305 0.1498 13.0000 0.0179 
110.0000 0.6315 0.1341 9.0000 0.0208 
110.0000 0.6315 0.0065 3.0000 0.0033 
111.0000 0.6358 0.1114 8.0000 0.0253 
112.0000 0.6285 0.1418 9.0000 0.0212 