
1.0000 0.6849 0.1131 9.0000 0.0177 
2.0000 0.6211 0.0426 5.0000 0.0195 
3.0000 0.6993 0.0995 8.0000 0.0188 
4.0000 0.8909 0.0658 6.0000 0.0149 
5.0000 0.7184 0.0746 5.0000 0.0180 
6.0000 0.6186 0.0427 7.0000 0.0200 
7.0000 0.6536 0.0770 8.0000 0.0140 
8.0000 0.6211 0.1271 11.0000 0.0133 
9.0000 0.6907 0.0855 8.0000 0.0210 
10.0000 0.6983 0.0764 8.0000 0.0153 
11.0000 0.7378 0.1443 8.0000 0.0281 
12.0000 0.7905 0.1151 7.0000 0.0265 
13.0000 0.8469 0.0792 7.0000 0.0178 
14.0000 0.8777 0.1004 7.0000 0.0208 
15.0000 0.9311 0.0880 8.0000 0.0196 
16.0000 0.9768 0.0487 5.0000 0.0102 
17.0000 0.9179 0.0670 5.0000 0.0273 
18.0000 0.9005 0.0879 8.0000 0.0287 
19.0000 0.9373 0.0921 8.0000 0.0215 
20.0000 0.8929 0.0779 10.0000 0.0189 
21.0000 0.8838 0.0663 8.0000 0.0127 
22.0000 0.8375 0.0719 6.0000 0.0193 
23.0000 0.8447 0.0724 8.0000 0.0216 
24.0000 0.8348 0.0781 7.0000 0.0225 
25.0000 0.8621 0.1367 10.0000 0.0070 
26.0000 0.8793 0.0128 9.0000 0.0171 
27.0000 0.8485 0.0790 8.0000 0.0162 
28.0000 0.8584 0.0838 9.0000 0.0220 
29.0000 0.8644 0.1050 6.0000 0.0296 
30.0000 0.8905 0.1126 9.0000 0.0195 
31.0000 0.9131 0.0169 7.0000 0.0171 
32.0000 0.9387 0.0407 8.0000 0.0237 
33.0000 0.9383 0.1033 8.0000 0.0225 
34.0000 0.9192 0.0512 4.0000 0.0148 
35.0000 0.9414 0.0170 9.0000 0.0150 
36.0000 0.9114 0.0552 6.0000 0.0235 
37.0000 0.9024 0.1134 8.0000 0.0222 
38.0000 0.9237 0.0960 10.0000 0.0187 
39.0000 0.9418 0.0722 6.0000 0.0234 
40.0000 0.9553 0.0543 3.0000 0.0174 
42.0000 0.9972 0.0622 4.0000 0.0216 
42.0000 0.9972 0.0308 4.0000 0.0173 
43.0000 0.9833 0.0891 9.0000 0.0182 
44.0000 0.9815 0.0957 8.0000 0.0215 
45.0000 0.9843 0.1269 8.0000 0.0266 
46.0000 0.9816 0.0500 8.0000 0.0181 
47.0000 0.9512 0.0856 8.0000 0.0192 
49.0000 0.9516 0.0418 5.0000 0.0124 
49.0000 0.9516 0.0251 4.0000 0.0135 
50.0000 0.9249 0.1190 9.0000 0.0146 
51.0000 0.9256 0.0451 7.0000 0.0191 
52.0000 0.9136 0.0527 7.0000 0.0296 
53.0000 0.9237 0.1028 9.0000 0.0335 
54.0000 0.9294 0.0524 5.0000 0.0107 
55.0000 0.9287 0.1247 9.0000 0.0194 
56.0000 0.9244 0.0927 7.0000 0.0260 
57.0000 0.9314 0.0686 6.0000 0.0193 
58.0000 0.9249 0.0744 8.0000 0.0204 
59.0000 0.9238 0.0889 6.0000 0.0330 
60.0000 0.9346 0.1081 7.0000 0.0252 
61.0000 0.9414 0.0094 4.0000 0.0270 
62.0000 0.9549 0.0494 4.0000 0.0231 
63.0000 0.9232 0.0337 8.0000 0.0288 
64.0000 0.9306 0.0956 7.0000 0.0201 
65.0000 0.9393 0.1007 8.0000 0.0211 
66.0000 0.9469 0.0787 9.0000 0.0168 
67.0000 0.9516 0.0936 10.0000 0.0173 
68.0000 0.9496 0.0680 8.0000 0.0171 
69.0000 0.8889 0.0675 7.0000 0.0189 
70.0000 0.8949 0.0499 4.0000 0.0246 
71.0000 0.8772 0.1157 10.0000 0.0168 
72.0000 0.8635 0.0618 8.0000 0.0110 
73.0000 0.8665 0.1169 7.0000 0.0306 
74.0000 0.8772 0.1167 3.0000 0.0408 
76.0000 0.8961 0.1050 7.0000 0.0211 
76.0000 0.8961 0.0344 4.0000 0.0182 
77.0000 0.9057 0.0773 6.0000 0.0301 
78.0000 0.9120 0.0524 4.0000 0.0194 
79.0000 0.9201 0.0795 8.0000 0.0189 
80.0000 0.9021 0.0870 7.0000 0.0267 
81.0000 0.9119 0.0115 8.0000 0.0237 
82.0000 0.9211 0.1098 9.0000 0.0166 
83.0000 0.9240 0.0816 9.0000 0.0128 
85.0000 0.9408 0.0483 5.0000 0.0188 
85.0000 0.9408 0.0269 4.0000 0.0134 
86.0000 0.9210 0.0663 8.0000 0.0170 
87.0000 0.9302 0.0885 5.0000 0.0213 
88.0000 0.9374 0.1107 9.0000 0.0155 
89.0000 0.9256 0.0729 9.0000 0.0174 
90.0000 0.9327 0.0673 7.0000 0.0133 
91.0000 0.9352 0.0751 8.0000 0.0154 
92.0000 0.9441 0.0437 6.0000 0.0285 
93.0000 0.9519 0.0763 9.0000 0.0229 
94.0000 0.9570 0.1245 8.0000 0.0290 
95.0000 0.9344 0.0603 5.0000 0.0203 
96.0000 0.9427 0.0846 8.0000 0.0172 
97.0000 0.9507 0.0501 8.0000 0.0158 
98.0000 0.9578 0.0901 7.0000 0.0264 
99.0000 0.9628 0.0803 7.0000 0.0189 
100.0000 0.9577 0.0866 11.0000 0.0128 
101.0000 0.9647 0.0156 9.0000 0.0111 
102.0000 0.9623 0.1119 9.0000 0.0147 
103.0000 0.9554 0.0532 5.0000 0.0198 
104.0000 0.9604 0.1035 9.0000 0.0216 
105.0000 0.9672 0.0850 7.0000 0.0154 
106.0000 0.9666 0.0674 7.0000 0.0214 
107.0000 0.9746 0.0490 5.0000 0.0224 
108.0000 0.9797 0.0526 7.0000 0.0136 
109.0000 0.9671 0.0856 8.0000 0.0197 
110.0000 0.9704 0.0638 10.0000 0.0183 
111.0000 0.9451 0.0528 7.0000 0.0127 
112.0000 0.9523 0.0673 9.0000 0.0115 
113.0000 0.9489 0.1354 9.0000 0.0271 
114.0000 0.9531 0.0799 9.0000 0.0169 
115.0000 0.9511 0.0884 10.0000 0.0178 
116.0000 0.9178 0.0643 8.0000 0.0114 
117.0000 0.9031 0.0619 9.0000 0.0096 
118.0000 0.8820 0.0548 7.0000 0.0145 
119.0000 0.8665 0.0887 9.0000 0.0294 
120.0000 0.8720 0.0997 6.0000 0.0188 
121.0000 0.8781 0.0546 6.0000 0.0212 
122.0000 0.8823 0.0607 6.0000 0.0241 
123.0000 0.8827 0.0581 5.0000 0.0218 
124.0000 0.8823 0.0738 11.0000 0.0163 
125.0000 0.8617 0.0402 4.0000 0.0188 
126.0000 0.8580 0.0606 7.0000 0.0128 
127.0000 0.8579 0.1018 9.0000 0.0214 
128.0000 0.8632 0.0681 7.0000 0.0339 
129.0000 0.8636 0.1291 10.0000 0.0166 
130.0000 0.8677 0.1012 9.0000 0.0198 
131.0000 0.8639 0.0698 6.0000 0.0234 
132.0000 0.8693 0.0738 6.0000 0.0227 
133.0000 0.8632 0.0539 5.0000 0.0172 
134.0000 0.8601 0.0757 11.0000 0.0154 
135.0000 0.8595 0.1113 10.0000 0.0185 
136.0000 0.8616 0.0686 8.0000 0.0149 
137.0000 0.8648 0.0563 6.0000 0.0322 
138.0000 0.8697 0.0714 8.0000 0.0207 
139.0000 0.8720 0.0448 6.0000 0.0106 
140.0000 0.8721 0.0303 7.0000 0.0191 
141.0000 0.8588 0.0720 6.0000 0.0172 
142.0000 0.8452 0.1116 11.0000 0.0187 
143.0000 0.8469 0.1238 11.0000 0.0249 
144.0000 0.8456 0.1139 6.0000 0.0260 
145.0000 0.8505 0.1327 10.0000 0.0156 
146.0000 0.8551 0.0584 10.0000 0.0190 
147.0000 0.8570 0.1175 11.0000 0.0161 
148.0000 0.8582 0.0742 8.0000 0.0157 
149.0000 0.8560 0.1113 8.0000 0.0206 
151.0000 0.8664 0.0268 5.0000 0.0276 
151.0000 0.8664 0.0282 4.0000 0.0147 
152.0000 0.8617 0.0248 7.0000 0.0188 
153.0000 0.8568 0.0649 7.0000 0.0175 
154.0000 0.8577 0.0598 5.0000 0.0141 