
1.0000 0.1695 0.1755 15.0000 0.0222 
2.0000 0.2729 0.1657 10.0000 0.0258 
4.0000 0.4551 0.1441 10.0000 0.0208 
4.0000 0.4551 0.1591 11.0000 0.0195 
5.0000 0.3064 0.0969 8.0000 0.0130 
6.0000 0.3026 0.1667 14.0000 0.0220 
7.0000 0.3140 0.1166 10.0000 0.0182 
9.0000 0.4000 0.0740 3.0000 0.0324 
9.0000 0.4000 0.1278 11.0000 0.0187 
10.0000 0.3785 0.1058 9.0000 0.0115 
11.0000 0.3906 0.0792 8.0000 0.0159 
12.0000 0.3411 0.0656 6.0000 0.0156 
14.0000 0.3889 0.0587 5.0000 0.0184 
14.0000 0.3889 0.0284 3.0000 0.0227 
15.0000 0.3886 0.1026 12.0000 0.0136 
16.0000 0.3988 0.1020 13.0000 0.0151 
18.0000 0.4427 0.1732 12.0000 0.0200 
18.0000 0.4427 0.0324 3.0000 0.0221 
19.0000 0.4563 0.1543 15.0000 0.0156 
20.0000 0.4487 0.1610 11.0000 0.0199 
22.0000 0.4811 0.1074 6.0000 0.0403 
22.0000 0.4811 0.0770 8.0000 0.0194 
23.0000 0.4923 0.1525 17.0000 0.0170 
24.0000 0.5043 0.0559 7.0000 0.0168 
25.0000 0.5112 0.1094 11.0000 0.0145 
27.0000 0.5239 0.0967 9.0000 0.0396 
27.0000 0.5239 0.0302 3.0000 0.0172 
28.0000 0.5147 0.1623 13.0000 0.0194 
29.0000 0.5258 0.1412 12.0000 0.0183 
30.0000 0.5263 0.1373 10.0000 0.0192 
31.0000 0.5329 0.1723 11.0000 0.0196 
32.0000 0.5303 0.1412 13.0000 0.0199 
33.0000 0.5286 0.1578 13.0000 0.0164 
34.0000 0.5357 0.1336 13.0000 0.0149 
35.0000 0.5348 0.0722 10.0000 0.0186 
36.0000 0.5394 0.1229 13.0000 0.0116 
37.0000 0.5422 0.1313 11.0000 0.0206 
39.0000 0.5602 0.0389 3.0000 0.0205 
39.0000 0.5602 0.0697 7.0000 0.0211 
40.0000 0.5650 0.0701 9.0000 0.0134 
41.0000 0.5673 0.0721 5.0000 0.0162 
43.0000 0.5676 0.0596 3.0000 0.0249 
43.0000 0.5676 0.0543 5.0000 0.0223 
44.0000 0.5673 0.0730 7.0000 0.0122 
45.0000 0.5715 0.0900 7.0000 0.0145 
46.0000 0.5649 0.0837 7.0000 0.0080 
47.0000 0.5764 0.0499 5.0000 0.0168 
48.0000 0.5759 0.0571 5.0000 0.0099 
49.0000 0.4945 0.1237 11.0000 0.0190 
50.0000 0.4991 0.0866 13.0000 0.0140 
51.0000 0.4939 0.0146 10.0000 0.0154 
52.0000 0.4696 0.0297 9.0000 0.0132 
55.0000 0.4959 0.0294 7.0000 0.0246 
55.0000 0.4959 0.0324 5.0000 0.0083 
55.0000 0.4959 0.0331 4.0000 0.0182 
56.0000 0.4677 0.0869 12.0000 0.0113 
57.0000 0.4753 0.0625 7.0000 0.0120 
58.0000 0.4392 0.1268 12.0000 0.0188 
59.0000 0.4388 0.1335 10.0000 0.0197 
61.0000 0.4494 0.0709 3.0000 0.0284 
61.0000 0.4494 0.1263 9.0000 0.0204 
62.0000 0.4495 0.1067 11.0000 0.0223 
64.0000 0.4523 0.1158 8.0000 0.0190 
64.0000 0.4523 0.0186 3.0000 0.0112 
65.0000 0.4534 0.1136 11.0000 0.0131 
66.0000 0.4549 0.1184 12.0000 0.0154 
67.0000 0.4587 0.0835 9.0000 0.0167 
69.0000 0.4580 0.0976 5.0000 0.0604 
69.0000 0.4580 0.1146 8.0000 0.0238 
71.0000 0.4676 0.1231 4.0000 0.0479 
71.0000 0.4676 0.1350 8.0000 0.0253 
72.0000 0.4689 0.1182 12.0000 0.0203 
73.0000 0.4692 0.0962 11.0000 0.0195 
74.0000 0.4685 0.1044 10.0000 0.0206 
75.0000 0.4536 0.1263 17.0000 0.0181 
77.0000 0.4630 0.0942 3.0000 0.0325 
77.0000 0.4630 0.1022 11.0000 0.0230 
78.0000 0.4677 0.1508 13.0000 0.0185 
79.0000 0.4720 0.1001 9.0000 0.0214 
80.0000 0.4638 0.1399 13.0000 0.0130 
81.0000 0.4660 0.0382 6.0000 0.0317 
83.0000 0.4687 0.1289 9.0000 0.0262 
83.0000 0.4687 0.0509 4.0000 0.0240 