
1.0000 0.8264 0.1484 13.0000 0.0268 
2.0000 0.9434 0.1541 9.0000 0.0177 
3.0000 1.1111 0.0413 5.0000 0.0181 
4.0000 1.0989 0.0981 9.0000 0.0363 
5.0000 0.6120 0.1399 13.0000 0.0159 
6.0000 0.5535 0.0864 7.0000 0.0368 
8.0000 0.6661 0.1223 5.0000 0.0507 
8.0000 0.6661 0.1437 12.0000 0.0189 
9.0000 0.5451 0.1161 8.0000 0.0073 
12.0000 0.4320 0.0689 12.0000 0.0196 
12.0000 0.4320 0.1042 4.0000 0.0434 
12.0000 0.4320 0.0954 8.0000 0.0186 
14.0000 0.4411 0.1633 10.0000 0.0476 
14.0000 0.4411 0.0718 3.0000 0.0336 
15.0000 0.4625 0.0456 6.0000 0.0131 
17.0000 0.5215 -0.0021 7.0000 0.0514 
17.0000 0.5215 0.1090 5.0000 0.0406 
19.0000 0.5794 0.0458 10.0000 0.0461 
19.0000 0.5794 0.0752 6.0000 0.0185 
22.0000 0.4355 0.1498 6.0000 0.0540 
22.0000 0.4355 0.1375 3.0000 0.0626 
22.0000 0.4355 0.0731 4.0000 0.0330 
24.0000 0.4725 0.0482 8.0000 0.0563 
24.0000 0.4725 0.1802 11.0000 0.0126 
27.0000 0.4108 0.0857 4.0000 0.0627 
27.0000 0.4108 0.1674 5.0000 0.0597 
27.0000 0.4108 0.1071 8.0000 0.0044 
28.0000 0.3834 0.1278 11.0000 0.0306 
31.0000 0.4084 0.1405 3.0000 0.0768 
31.0000 0.4084 0.0983 4.0000 0.0348 
31.0000 0.4084 0.0535 4.0000 0.0234 
33.0000 0.4200 0.1366 14.0000 0.0111 
33.0000 0.4200 0.0439 4.0000 0.0252 
34.0000 0.4093 0.1455 14.0000 0.0432 
36.0000 0.4186 0.0726 6.0000 0.0271 
36.0000 0.4186 0.0429 4.0000 0.0260 
38.0000 0.4370 0.1539 16.0000 0.0227 
38.0000 0.4370 0.0287 3.0000 0.0232 
40.0000 0.4438 0.1083 9.0000 0.0171 
40.0000 0.4438 0.0291 3.0000 0.0176 
41.0000 0.4471 0.1149 10.0000 0.0131 
42.0000 0.4464 0.1439 18.0000 0.0241 
44.0000 0.4551 0.1386 14.0000 0.0266 
44.0000 0.4551 0.0394 4.0000 0.0179 
46.0000 0.4676 0.1704 13.0000 0.0198 
46.0000 0.4676 0.1614 10.0000 0.0212 
47.0000 0.4723 0.1836 16.0000 0.0066 
48.0000 0.4357 0.1267 13.0000 0.0211 
49.0000 0.4419 0.1599 14.0000 0.0252 
50.0000 0.4478 0.1895 23.0000 0.0208 
51.0000 0.4494 0.0656 8.0000 0.0122 
53.0000 0.4563 0.1678 22.0000 0.0108 
53.0000 0.4563 0.1309 14.0000 0.0181 
54.0000 0.4400 0.1370 15.0000 0.0160 
55.0000 0.4379 0.1564 14.0000 0.0153 
56.0000 0.4407 0.1486 17.0000 0.0161 
57.0000 0.4377 0.1530 17.0000 0.0138 
58.0000 0.4415 0.1263 16.0000 0.0169 
59.0000 0.4297 0.1266 11.0000 0.0158 
60.0000 0.4327 0.1417 15.0000 0.0135 
61.0000 0.4323 0.1480 18.0000 0.0161 
62.0000 0.4323 0.1719 12.0000 0.0210 
63.0000 0.4367 0.1410 14.0000 0.0227 
64.0000 0.4432 0.1436 13.0000 0.0239 
65.0000 0.4470 0.1268 9.0000 0.0165 
66.0000 0.4524 0.0917 14.0000 0.0251 
67.0000 0.4563 0.1006 9.0000 0.0108 
68.0000 0.4551 0.1550 15.0000 0.0157 
69.0000 0.4582 0.1373 18.0000 0.0149 
71.0000 0.4649 0.1204 5.0000 0.0308 
71.0000 0.4649 0.1007 11.0000 0.0134 
72.0000 0.4625 0.1061 10.0000 0.0198 
73.0000 0.4670 0.1607 16.0000 0.0167 
74.0000 0.4715 0.0983 8.0000 0.0079 
75.0000 0.4740 0.1203 7.0000 0.0280 
76.0000 0.4776 0.1809 16.0000 0.0170 
77.0000 0.4794 0.1526 16.0000 0.0197 
78.0000 0.4820 0.0591 5.0000 0.0214 
81.0000 0.4991 0.0970 6.0000 0.0217 
81.0000 0.4991 0.0957 9.0000 0.0176 
81.0000 0.4991 0.0210 3.0000 0.0202 
83.0000 0.5067 0.0705 7.0000 0.0178 
83.0000 0.5067 0.0380 5.0000 0.0161 
85.0000 0.5049 0.0898 7.0000 0.0296 
85.0000 0.5049 0.1155 6.0000 0.0406 
86.0000 0.5101 0.1200 9.0000 0.0203 
87.0000 0.5139 0.1090 12.0000 0.0254 
88.0000 0.5055 0.0479 5.0000 0.0133 
90.0000 0.5164 0.0548 4.0000 0.0282 
90.0000 0.5164 0.0468 4.0000 0.0175 
91.0000 0.5140 0.1258 13.0000 0.0171 
94.0000 0.5249 0.1315 8.0000 0.0316 
94.0000 0.5249 0.1190 10.0000 0.0174 
94.0000 0.5249 0.0243 3.0000 0.0201 
95.0000 0.5289 0.0822 15.0000 0.0222 
97.0000 0.5375 0.1362 8.0000 0.0304 
97.0000 0.5375 0.1243 7.0000 0.0255 
98.0000 0.5293 0.1137 13.0000 0.0234 
99.0000 0.5233 0.1652 6.0000 0.0487 