
3.0000 0.9174 0.1914 12.0000 0.0201 
3.0000 0.9174 0.1744 11.0000 0.0295 
3.0000 0.9174 0.1635 9.0000 0.0209 
4.0000 0.7505 0.1754 11.0000 0.0185 
5.0000 0.7278 0.1750 11.0000 0.0218 
6.0000 0.7663 0.1682 10.0000 0.0239 
7.0000 0.7277 0.1202 9.0000 0.0227 
8.0000 0.3413 0.2033 8.0000 0.0381 
9.0000 0.2511 0.1761 10.0000 0.0272 
10.0000 0.2476 0.1884 11.0000 0.0264 
12.0000 0.2889 0.1522 11.0000 0.0213 
12.0000 0.2889 0.0335 3.0000 0.0187 
13.0000 0.3018 0.1677 10.0000 0.0247 
14.0000 0.3140 0.1600 10.0000 0.0211 
15.0000 0.3086 0.1867 12.0000 0.0213 
16.0000 0.3235 0.1807 11.0000 0.0238 
17.0000 0.3364 0.2007 13.0000 0.0201 
18.0000 0.3414 0.1432 11.0000 0.0176 
19.0000 0.3537 0.1421 10.0000 0.0202 
20.0000 0.3579 0.1757 11.0000 0.0201 
21.0000 0.3687 0.1627 12.0000 0.0196 
22.0000 0.3519 0.1646 9.0000 0.0285 
23.0000 0.3544 0.1729 12.0000 0.0193 
25.0000 0.3804 0.1241 11.0000 0.0198 
25.0000 0.3804 0.1396 6.0000 0.0472 
26.0000 0.3710 0.2037 12.0000 0.0236 
27.0000 0.3781 0.1304 9.0000 0.0170 
28.0000 0.3846 0.1283 8.0000 0.0239 
29.0000 0.3942 0.1646 9.0000 0.0242 
30.0000 0.3987 0.1740 12.0000 0.0274 
31.0000 0.4071 0.1890 10.0000 0.0297 
33.0000 0.4033 0.1568 7.0000 0.0317 
33.0000 0.4033 0.0648 4.0000 0.0304 
34.0000 0.4097 0.1672 9.0000 0.0274 
35.0000 0.4160 0.1534 10.0000 0.0227 
36.0000 0.3929 0.1187 11.0000 0.0161 
37.0000 0.4018 0.1759 12.0000 0.0234 
38.0000 0.4096 0.1820 9.0000 0.0389 
39.0000 0.3891 0.1871 9.0000 0.0354 
40.0000 0.3799 0.0992 7.0000 0.0183 
41.0000 0.3808 0.2123 12.0000 0.0278 
43.0000 0.3866 0.1267 8.0000 0.0327 
43.0000 0.3866 0.0220 4.0000 0.0117 
44.0000 0.3893 0.1003 8.0000 0.0195 
45.0000 0.3899 0.0985 9.0000 0.0177 
46.0000 0.3820 0.1352 13.0000 0.0199 
47.0000 0.3848 0.1733 10.0000 0.0241 
48.0000 0.3886 0.0497 7.0000 0.0185 
49.0000 0.3859 0.1471 11.0000 0.0167 
50.0000 0.3918 0.2119 11.0000 0.0301 
51.0000 0.3848 0.2070 12.0000 0.0293 
52.0000 0.3754 0.1840 13.0000 0.0205 
53.0000 0.3372 0.0500 5.0000 0.0086 
54.0000 0.3429 0.2030 13.0000 0.0228 
55.0000 0.3470 0.0695 5.0000 0.0217 
57.0000 0.3566 0.1195 8.0000 0.0277 
57.0000 0.3566 0.1711 8.0000 0.0379 
58.0000 0.3597 0.1573 8.0000 0.0325 
59.0000 0.3617 0.1178 9.0000 0.0198 
60.0000 0.3642 0.0723 4.0000 0.0259 
61.0000 0.3614 0.1875 11.0000 0.0252 
63.0000 0.3612 0.1520 9.0000 0.0331 
63.0000 0.3612 0.1507 11.0000 0.0244 
64.0000 0.3665 0.1891 8.0000 0.0357 
65.0000 0.3680 0.1744 10.0000 0.0253 
66.0000 0.3724 0.1187 8.0000 0.0224 
67.0000 0.3743 0.1948 11.0000 0.0312 