
1.0000 0.1531 0.0526 13.0000 0.0134 
3.0000 0.2799 0.0285 6.0000 0.0214 
3.0000 0.2799 0.0247 3.0000 0.0190 
4.0000 0.1553 0.0924 8.0000 0.0198 
5.0000 0.1218 0.0744 11.0000 0.0142 
6.0000 0.1450 0.0915 10.0000 0.0136 
7.0000 0.1498 0.1212 11.0000 0.0195 
8.0000 0.1575 0.0902 10.0000 0.0163 
9.0000 0.1728 0.0718 7.0000 0.0266 
10.0000 0.1914 0.1534 12.0000 0.0217 
11.0000 0.2092 0.1428 10.0000 0.0230 
12.0000 0.2272 0.1335 9.0000 0.0209 
13.0000 0.2200 0.0920 9.0000 0.0187 
14.0000 0.2210 0.1403 11.0000 0.0166 
15.0000 0.2339 0.0900 9.0000 0.0227 
16.0000 0.2397 0.0457 8.0000 0.0096 
17.0000 0.2108 0.1006 13.0000 0.0145 
19.0000 0.2281 0.0580 7.0000 0.0265 
19.0000 0.2281 0.0343 4.0000 0.0196 
20.0000 0.2392 0.1138 10.0000 0.0190 
21.0000 0.2457 0.1020 8.0000 0.0156 
22.0000 0.2246 0.0474 10.0000 0.0162 
23.0000 0.2342 0.1736 14.0000 0.0179 
24.0000 0.2333 0.1006 12.0000 0.0193 
25.0000 0.2335 0.1133 10.0000 0.0166 
26.0000 0.2418 0.0767 11.0000 0.0126 
27.0000 0.2129 0.0946 9.0000 0.0168 
28.0000 0.2013 0.1576 13.0000 0.0200 
29.0000 0.2052 0.0832 8.0000 0.0224 
30.0000 0.2082 0.0879 9.0000 0.0258 
31.0000 0.2059 0.0538 8.0000 0.0277 
32.0000 0.2102 0.0504 11.0000 0.0081 
33.0000 0.2027 0.0494 8.0000 0.0158 
34.0000 0.2014 0.0549 7.0000 0.0169 
35.0000 0.2060 0.1372 11.0000 0.0184 
36.0000 0.2111 0.1303 18.0000 0.0198 
37.0000 0.2117 0.0776 12.0000 0.0112 
38.0000 0.2120 0.0638 9.0000 0.0197 
39.0000 0.2163 0.0611 9.0000 0.0223 