
1.0000 0.5000 0.2057 11.0000 0.0339 
2.0000 0.5865 0.2260 11.0000 0.0300 
3.0000 0.6849 0.1905 9.0000 0.0315 
4.0000 0.3660 0.1842 11.0000 0.0297 
5.0000 0.3358 0.1442 8.0000 0.0291 
6.0000 0.3883 0.1309 6.0000 0.0388 
7.0000 0.4403 0.1233 9.0000 0.0185 
8.0000 0.4825 0.0438 4.0000 0.0107 
9.0000 0.4611 0.0667 7.0000 0.0145 
10.0000 0.4871 0.1511 7.0000 0.0298 
11.0000 0.5203 0.1285 9.0000 0.0282 
12.0000 0.5398 0.0948 8.0000 0.0188 
13.0000 0.5724 0.1938 9.0000 0.0305 
14.0000 0.6045 0.1685 6.0000 0.0332 
15.0000 0.6340 0.1598 7.0000 0.0374 
16.0000 0.6625 0.1085 6.0000 0.0244 
17.0000 0.6891 0.1194 8.0000 0.0208 
18.0000 0.6993 0.1255 9.0000 0.0169 
19.0000 0.7042 0.1738 8.0000 0.0332 
20.0000 0.7364 0.1993 9.0000 0.0343 
21.0000 0.6705 0.1580 10.0000 0.0319 
22.0000 0.6993 0.2035 9.0000 0.0339 
23.0000 0.7281 0.1645 9.0000 0.0235 
24.0000 0.7514 0.1854 11.0000 0.0250 
25.0000 0.7766 0.1478 7.0000 0.0295 
26.0000 0.7724 0.1611 8.0000 0.0259 
27.0000 0.7831 0.1529 7.0000 0.0276 
28.0000 0.7665 0.1756 9.0000 0.0187 
30.0000 0.7782 0.1522 6.0000 0.0509 
30.0000 0.7782 0.1807 7.0000 0.0353 
31.0000 0.7888 0.1308 8.0000 0.0214 
32.0000 0.7974 0.1487 6.0000 0.0460 
33.0000 0.7996 0.1358 5.0000 0.0365 
34.0000 0.8146 0.2034 10.0000 0.0266 
35.0000 0.8245 0.1371 7.0000 0.0270 
36.0000 0.8355 0.2024 7.0000 0.0399 
37.0000 0.8440 0.1885 10.0000 0.0257 
38.0000 0.8392 0.1624 7.0000 0.0328 
39.0000 0.8489 0.1191 6.0000 0.0391 
40.0000 0.8569 0.1947 8.0000 0.0351 
41.0000 0.8542 0.1294 5.0000 0.0374 
42.0000 0.8723 0.1463 9.0000 0.0239 
43.0000 0.8511 0.1351 6.0000 0.0281 
44.0000 0.8677 0.2223 12.0000 0.0397 
45.0000 0.8848 0.1746 7.0000 0.0293 
46.0000 0.8990 0.1754 8.0000 0.0353 
47.0000 0.8746 0.1393 7.0000 0.0258 
48.0000 0.8708 0.1902 11.0000 0.0269 
49.0000 0.8802 0.1553 7.0000 0.0451 
50.0000 0.8875 0.0971 4.0000 0.0296 
51.0000 0.8685 0.1834 8.0000 0.0303 
52.0000 0.8638 0.0931 6.0000 0.0327 
53.0000 0.8683 0.1513 8.0000 0.0278 
54.0000 0.8664 0.1820 10.0000 0.0442 
55.0000 0.8783 0.2037 11.0000 0.0299 
56.0000 0.8840 0.2034 10.0000 0.0518 
57.0000 0.8913 0.2038 9.0000 0.0342 
58.0000 0.8991 0.1655 10.0000 0.0213 
60.0000 0.9195 0.2085 12.0000 0.0198 
60.0000 0.9195 0.1918 9.0000 0.0361 
61.0000 0.9195 0.2027 13.0000 0.0442 
62.0000 0.9325 0.2020 9.0000 0.0288 
63.0000 0.9437 0.1693 11.0000 0.0275 
64.0000 0.9453 0.1601 10.0000 0.0234 
65.0000 0.9334 0.2225 10.0000 0.0361 
66.0000 0.9425 0.1235 8.0000 0.0201 
67.0000 0.9550 0.1424 8.0000 0.0393 
69.0000 0.9526 0.1896 9.0000 0.0308 
69.0000 0.9526 0.1932 10.0000 0.0282 
70.0000 0.9493 0.0918 5.0000 0.0721 
71.0000 0.9465 0.0791 5.0000 0.0358 
72.0000 0.9345 0.1698 7.0000 0.0342 
73.0000 0.9314 0.2138 9.0000 0.0361 
74.0000 0.8863 0.1984 7.0000 0.0450 
75.0000 0.8925 0.1636 9.0000 0.0303 
76.0000 0.8999 0.1603 6.0000 0.0445 
78.0000 0.8891 0.1767 11.0000 0.0259 
78.0000 0.8891 0.1636 8.0000 0.0397 
79.0000 0.8728 0.1455 7.0000 0.0305 
80.0000 0.8784 0.1663 8.0000 0.0376 
81.0000 0.8870 0.1840 9.0000 0.0294 
82.0000 0.8891 0.1945 10.0000 0.0272 
83.0000 0.8972 0.1913 10.0000 0.0267 
84.0000 0.8992 0.1412 10.0000 0.0234 
85.0000 0.9073 0.1310 9.0000 0.0209 
88.0000 0.9261 0.1743 9.0000 0.0319 
88.0000 0.9261 0.1730 9.0000 0.0305 
88.0000 0.9261 0.1981 11.0000 0.0242 
89.0000 0.9338 0.1911 9.0000 0.0401 
90.0000 0.9397 0.1604 7.0000 0.0291 
91.0000 0.9449 0.1823 8.0000 0.0211 
92.0000 0.9514 0.1311 9.0000 0.0177 
93.0000 0.9562 0.1356 6.0000 0.0238 
94.0000 0.9619 0.1634 9.0000 0.0261 
95.0000 0.9676 0.1604 10.0000 0.0189 
96.0000 0.9710 0.1893 8.0000 0.0400 
97.0000 0.9776 0.1967 7.0000 0.0377 
99.0000 0.9831 0.1485 6.0000 0.0381 
99.0000 0.9831 0.0177 3.0000 0.0150 
100.0000 0.9851 0.1923 7.0000 0.0424 
101.0000 0.9891 0.2007 9.0000 0.0278 
102.0000 0.9949 0.2277 13.0000 0.0278 
103.0000 1.0025 0.1809 10.0000 0.0242 
104.0000 0.9910 0.1557 11.0000 0.0154 
105.0000 0.9977 0.1540 7.0000 0.0375 
106.0000 0.9991 0.1924 10.0000 0.0286 
107.0000 0.9986 0.1661 12.0000 0.0158 
108.0000 1.0063 0.1486 10.0000 0.0323 
109.0000 1.0111 0.1553 11.0000 0.0056 
110.0000 0.9977 0.1621 12.0000 0.0136 
111.0000 1.0020 0.1691 10.0000 0.0205 
112.0000 0.9834 0.1439 9.0000 0.0278 
113.0000 0.9904 0.1829 11.0000 0.0083 
114.0000 0.9901 0.1115 8.0000 0.0218 
115.0000 0.9960 0.1991 11.0000 0.0107 
116.0000 0.9943 0.1385 10.0000 0.0272 
117.0000 0.9831 0.1265 10.0000 0.0156 
118.0000 0.9863 0.1668 8.0000 0.0231 
119.0000 0.9881 0.1496 8.0000 0.0212 
120.0000 0.9933 0.2059 9.0000 0.0390 
122.0000 0.9993 0.2334 15.0000 0.0239 
122.0000 0.9993 0.1254 21.0000 0.0330 
123.0000 1.0047 0.1270 9.0000 0.0103 
124.0000 1.0105 0.1090 7.0000 0.0411 
125.0000 1.0147 0.1189 7.0000 0.0091 
126.0000 1.0176 0.2542 20.0000 0.0327 
127.0000 1.0230 0.2106 15.0000 0.0283 
128.0000 1.0271 0.0747 11.0000 0.0284 
129.0000 1.0309 0.1472 10.0000 0.0062 
130.0000 1.0286 0.0561 6.0000 0.0177 
131.0000 1.0353 0.1089 8.0000 0.0172 
132.0000 1.0322 0.2315 20.0000 0.0201 
133.0000 1.0251 0.0893 6.0000 0.0229 
134.0000 1.0282 0.1498 8.0000 0.0160 
135.0000 1.0279 0.1702 12.0000 0.0124 
136.0000 1.0334 0.1644 10.0000 0.0110 
137.0000 1.0329 0.1049 8.0000 0.0095 
138.0000 1.0326 0.1989 19.0000 0.0239 
139.0000 1.0362 0.1546 14.0000 0.0227 
140.0000 1.0412 0.1260 13.0000 0.0172 
141.0000 1.0404 0.1257 8.0000 0.0116 
142.0000 1.0379 0.1240 8.0000 0.0126 
143.0000 1.0429 0.0303 7.0000 0.0317 
144.0000 1.0454 0.1350 10.0000 0.0114 
145.0000 1.0516 0.1306 8.0000 0.0499 
147.0000 1.0629 0.0639 8.0000 0.0129 
147.0000 1.0629 0.0240 3.0000 0.0160 
149.0000 1.0666 0.2418 17.0000 0.0201 
149.0000 1.0666 0.2180 10.0000 0.0247 
150.0000 1.0650 0.1681 11.0000 0.0092 
151.0000 1.0685 0.1461 10.0000 0.0058 
152.0000 1.0681 0.2453 20.0000 0.0287 
153.0000 1.0721 0.2046 23.0000 0.0253 
155.0000 1.0810 0.2386 9.0000 0.0605 
155.0000 1.0810 0.0646 4.0000 0.0089 