
1.0000 0.5155 0.1525 13.0000 0.0058 
2.0000 0.9346 0.1260 10.0000 0.0328 
4.0000 1.7391 0.1382 7.0000 0.0318 
4.0000 1.7391 0.1035 5.0000 0.0301 
5.0000 1.5723 0.1133 9.0000 0.0143 
6.0000 1.2245 0.1133 6.0000 0.0240 
7.0000 1.3566 0.1102 8.0000 0.0220 
8.0000 1.0638 0.0548 5.0000 0.0135 
9.0000 0.9434 0.1360 9.0000 0.0378 
10.0000 1.0152 0.1773 6.0000 0.0386 
11.0000 0.9418 0.1153 9.0000 0.0262 
12.0000 0.7702 0.1098 9.0000 0.0188 
13.0000 0.8095 0.1239 9.0000 0.0113 
14.0000 0.7455 0.1377 7.0000 0.0396 
15.0000 0.7160 0.1261 8.0000 0.0197 
16.0000 0.7404 0.1417 10.0000 0.0211 
17.0000 0.7720 0.1237 7.0000 0.0224 
18.0000 0.8007 0.1169 7.0000 0.0216 
20.0000 0.8846 0.0724 5.0000 0.0249 
20.0000 0.8846 0.0382 4.0000 0.0186 
21.0000 0.8034 0.1278 7.0000 0.0196 
22.0000 0.8017 0.0762 7.0000 0.0243 
23.0000 0.7206 0.1346 6.0000 0.0363 
24.0000 0.6920 0.0711 4.0000 0.0196 
25.0000 0.7151 0.1597 11.0000 0.0224 
26.0000 0.6976 0.0966 7.0000 0.0011 
27.0000 0.7173 0.0452 8.0000 0.0310 
28.0000 0.7258 0.0609 5.0000 0.0208 
29.0000 0.7353 0.1542 9.0000 0.0315 
30.0000 0.7549 0.2132 9.0000 0.0345 
31.0000 0.7725 0.1863 10.0000 0.0332 
32.0000 0.7715 0.1560 7.0000 0.0344 
33.0000 0.7401 0.1859 8.0000 0.0353 
34.0000 0.7583 0.0843 8.0000 0.0154 
35.0000 0.7610 0.1570 8.0000 0.0443 
36.0000 0.7446 0.1564 7.0000 0.0355 
37.0000 0.7502 0.1651 11.0000 0.0191 
38.0000 0.7302 0.1436 6.0000 0.0297 
39.0000 0.7381 0.1702 9.0000 0.0271 
40.0000 0.7434 0.0616 4.0000 0.0342 
41.0000 0.7577 0.0293 7.0000 0.0315 
42.0000 0.7557 0.1035 6.0000 0.0189 
43.0000 0.7623 0.1527 7.0000 0.0348 
44.0000 0.7687 0.1333 11.0000 0.0251 
45.0000 0.7641 0.1570 8.0000 0.0323 
46.0000 0.7709 0.1402 7.0000 0.0327 
47.0000 0.7826 0.1494 10.0000 0.0194 
48.0000 0.7916 0.1609 7.0000 0.0389 
49.0000 0.7957 0.1649 7.0000 0.0356 
50.0000 0.8076 0.1523 8.0000 0.0301 
51.0000 0.8125 0.1356 10.0000 0.0260 
52.0000 0.7994 0.1152 6.0000 0.0233 
53.0000 0.7919 0.1853 9.0000 0.0274 
54.0000 0.8037 0.1514 7.0000 0.0340 
55.0000 0.8055 0.1362 7.0000 0.0341 
56.0000 0.8024 0.1295 8.0000 0.0230 
57.0000 0.8008 0.1184 6.0000 0.0357 
58.0000 0.7848 0.0206 10.0000 0.0169 
59.0000 0.7881 0.1389 6.0000 0.0359 
60.0000 0.7907 0.0709 6.0000 0.0201 
61.0000 0.8015 0.1383 9.0000 0.0105 
63.0000 0.8232 0.1219 6.0000 0.0386 
63.0000 0.8232 0.0507 3.0000 0.0191 
64.0000 0.8235 0.1065 7.0000 0.0334 
65.0000 0.8342 0.1146 7.0000 0.0330 
66.0000 0.8432 0.0995 5.0000 0.0427 
67.0000 0.8401 0.1534 10.0000 0.0237 
68.0000 0.8381 0.1234 8.0000 0.0247 
69.0000 0.8394 0.1766 9.0000 0.0364 
70.0000 0.8480 0.1579 8.0000 0.0246 
71.0000 0.8536 0.1339 9.0000 0.0332 
72.0000 0.8544 0.1160 10.0000 0.0162 
73.0000 0.8529 0.0854 5.0000 0.0241 
74.0000 0.8590 0.0963 8.0000 0.0279 
75.0000 0.8678 0.0951 6.0000 0.0207 
76.0000 0.8741 0.1524 8.0000 0.0243 
77.0000 0.8777 0.1438 7.0000 0.0273 
78.0000 0.8872 0.0462 3.0000 0.0309 
79.0000 0.8803 0.0884 4.0000 0.0365 
80.0000 0.8753 0.1296 8.0000 0.0234 
81.0000 0.8761 0.0860 8.0000 0.0350 
82.0000 0.8689 0.1471 7.0000 0.0283 
83.0000 0.8537 0.1659 7.0000 0.0326 
84.0000 0.8512 0.1448 9.0000 0.0275 
85.0000 0.8474 0.1265 8.0000 0.0238 