
1.0000 1.3333 0.1530 10.0000 0.0209 
2.0000 0.3868 0.1456 9.0000 0.0285 
3.0000 0.0959 0.1773 12.0000 0.0180 
4.0000 0.0699 0.0486 6.0000 0.0197 
5.0000 0.0823 0.1882 11.0000 0.0237 
6.0000 0.0904 0.1804 9.0000 0.0310 
7.0000 0.0991 0.2009 14.0000 0.0081 
8.0000 0.1095 0.1760 10.0000 0.0267 
9.0000 0.1069 0.1553 11.0000 0.0197 
10.0000 0.1045 0.1884 15.0000 0.0191 
11.0000 0.1122 0.1480 12.0000 0.0271 
12.0000 0.1189 0.1718 9.0000 0.0307 
13.0000 0.1282 0.0856 7.0000 0.0227 
14.0000 0.1376 0.1240 11.0000 0.0080 
15.0000 0.1455 0.0570 5.0000 0.0183 
16.0000 0.1506 0.2062 14.0000 0.0229 
17.0000 0.1596 0.1916 12.0000 0.0218 
18.0000 0.1674 0.2033 12.0000 0.0141 
19.0000 0.1699 0.1528 10.0000 0.0273 
20.0000 0.1770 0.2070 14.0000 0.0179 
21.0000 0.1831 0.0729 7.0000 0.0151 
22.0000 0.1910 0.1612 11.0000 0.0177 
23.0000 0.1972 0.2233 10.0000 0.0358 
24.0000 0.1897 0.0856 6.0000 0.0312 
25.0000 0.1971 0.2277 14.0000 0.0215 
26.0000 0.1980 0.1212 13.0000 0.0179 
27.0000 0.1824 0.1100 7.0000 0.0273 
28.0000 0.1887 0.0759 5.0000 0.0116 
29.0000 0.1791 0.2034 12.0000 0.0240 