
1.0000 1.7544 0.1118 8.0000 0.0311 
2.0000 1.2658 0.1693 31.0000 0.0263 
3.0000 1.0033 0.0807 8.0000 0.0145 
6.0000 1.3393 0.0476 8.0000 0.0213 
6.0000 1.3393 0.0372 3.0000 0.0171 
6.0000 1.3393 0.0408 27.0000 0.0162 
8.0000 1.1142 0.1086 10.0000 0.0398 
8.0000 1.1142 0.0550 3.0000 0.0146 
9.0000 1.1936 0.1177 15.0000 0.0616 
11.0000 1.3111 0.0635 3.0000 0.0309 
11.0000 1.3111 0.0883 5.0000 0.0108 
13.0000 1.3655 0.1211 11.0000 0.0768 
13.0000 1.3655 0.1556 10.0000 0.0074 
14.0000 1.2174 0.0459 5.0000 0.0080 
16.0000 1.3400 0.0940 7.0000 0.0575 
16.0000 1.3400 0.1193 9.0000 0.0165 
17.0000 1.3077 0.1498 11.0000 0.0127 
18.0000 1.3100 0.1673 7.0000 0.1143 
21.0000 1.4085 0.1054 23.0000 0.0091 
21.0000 1.4085 0.0147 3.0000 0.0045 
21.0000 1.4085 0.0310 5.0000 0.0140 
23.0000 1.3498 0.1369 5.0000 0.0260 
23.0000 1.3498 0.0132 4.0000 0.0038 
24.0000 1.3296 0.1010 11.0000 0.0162 
26.0000 1.2458 0.0582 3.0000 0.0252 
26.0000 1.2458 0.0939 6.0000 0.0283 
27.0000 1.2724 0.0858 11.0000 0.0153 
29.0000 1.3236 0.0759 4.0000 0.0157 
29.0000 1.3236 0.1726 8.0000 0.0404 
30.0000 1.3435 0.1289 11.0000 0.0230 
31.0000 1.3759 0.1100 5.0000 0.0136 
35.0000 1.3582 0.1218 35.0000 0.0567 
35.0000 1.3582 0.1707 11.0000 0.0604 
35.0000 1.3582 0.1988 15.0000 0.0487 
35.0000 1.3582 0.1600 11.0000 0.0173 
36.0000 1.3053 0.0652 9.0000 0.0195 
39.0000 1.3565 0.0366 3.0000 0.0304 
39.0000 1.3565 0.0961 9.0000 0.0164 
39.0000 1.3565 0.0295 4.0000 0.0040 
41.0000 1.4085 0.1648 4.0000 0.0887 
41.0000 1.4085 0.1223 8.0000 0.0227 
42.0000 1.2507 0.1770 7.0000 0.0538 
44.0000 1.2709 0.1242 4.0000 0.0497 
44.0000 1.2709 0.0896 10.0000 0.0132 
46.0000 1.3128 0.1619 7.0000 0.1120 
46.0000 1.3128 0.1886 9.0000 0.0169 
48.0000 1.3442 0.1282 11.0000 0.0263 
48.0000 1.3442 0.0611 3.0000 0.0411 
53.0000 1.4430 0.0759 14.0000 0.0538 
53.0000 1.4430 0.1231 5.0000 0.0678 
53.0000 1.4430 0.1522 8.0000 0.0550 
53.0000 1.4430 0.1427 14.0000 0.0166 
53.0000 1.4430 0.0256 3.0000 0.0174 
55.0000 1.4497 0.0655 5.0000 0.0160 
55.0000 1.4497 0.0262 4.0000 0.0144 
56.0000 1.4618 0.0614 7.0000 0.1006 
57.0000 1.4361 0.0948 11.0000 0.0188 
60.0000 1.4475 0.0499 4.0000 0.0239 
60.0000 1.4475 0.0390 6.0000 0.0136 
60.0000 1.4475 0.0501 3.0000 0.0250 
61.0000 1.4656 0.0631 9.0000 0.0131 
62.0000 1.4744 0.1149 10.0000 0.0146 
63.0000 1.4624 0.1067 15.0000 0.0166 
64.0000 1.4740 0.0635 7.0000 0.0129 
65.0000 1.4396 0.0760 9.0000 0.0217 
67.0000 1.4040 0.1617 6.0000 0.1018 
67.0000 1.4040 0.2026 13.0000 0.0307 
69.0000 1.4128 0.1088 11.0000 0.0347 
69.0000 1.4128 0.1274 5.0000 0.0760 
70.0000 1.4280 0.0614 5.0000 0.0168 
71.0000 1.4402 0.0793 12.0000 0.0239 
72.0000 1.4440 0.1167 8.0000 0.0273 
73.0000 1.4289 0.1005 36.0000 0.0141 
74.0000 1.4277 0.0851 36.0000 0.0074 
77.0000 1.3889 0.1503 7.0000 0.1013 
77.0000 1.3889 0.0866 3.0000 0.0455 
77.0000 1.3889 0.1491 9.0000 0.0059 
78.0000 1.3658 0.1306 45.0000 0.0199 
80.0000 1.3753 0.0813 5.0000 0.0334 
80.0000 1.3753 0.1264 10.0000 0.0171 
81.0000 1.3336 0.1074 11.0000 0.0241 
83.0000 1.3278 0.0869 7.0000 0.0626 
83.0000 1.3278 0.1215 12.0000 0.0064 
85.0000 1.3460 0.0729 4.0000 0.0376 
85.0000 1.3460 0.0723 4.0000 0.0277 
86.0000 1.3522 0.0869 7.0000 0.0143 
90.0000 1.3923 0.1117 33.0000 0.0566 
90.0000 1.3923 0.1678 3.0000 0.0732 
90.0000 1.3923 0.0711 4.0000 0.0259 
90.0000 1.3923 0.0203 5.0000 0.0090 
94.0000 1.4219 0.1746 18.0000 0.0478 
94.0000 1.4219 0.1685 16.0000 0.0527 
94.0000 1.4219 0.1470 5.0000 0.0633 
94.0000 1.4219 0.1121 12.0000 0.0171 
95.0000 1.4209 0.1069 9.0000 0.0208 
96.0000 1.3943 0.1352 59.0000 0.0189 
97.0000 1.3578 0.0498 13.0000 0.0204 
98.0000 1.3515 0.0931 68.0000 0.0195 
100.0000 1.3654 0.1359 5.0000 0.0645 
100.0000 1.3654 0.1425 8.0000 0.0237 
102.0000 1.3721 0.1912 26.0000 0.0490 
102.0000 1.3721 0.1054 4.0000 0.0343 
103.0000 1.3432 0.1391 35.0000 0.0148 
104.0000 1.3301 0.1525 98.0000 0.0137 
105.0000 1.3325 0.2020 8.0000 0.0959 
106.0000 1.3379 0.1621 11.0000 0.0234 
107.0000 1.3430 0.1374 14.0000 0.0144 
108.0000 1.3163 0.0947 186.0000 0.0477 
109.0000 1.3153 0.0752 23.0000 0.0228 
113.0000 1.3517 0.0819 3.0000 0.0640 
113.0000 1.3517 0.0933 4.0000 0.0308 
113.0000 1.3517 0.1110 7.0000 0.0250 
113.0000 1.3517 0.0417 4.0000 0.0200 
114.0000 1.3461 0.0833 8.0000 0.0137 
115.0000 1.3104 0.1162 56.0000 0.0115 
121.0000 1.3685 0.2073 12.0000 0.0659 
121.0000 1.3685 0.2763 5.0000 0.0831 
121.0000 1.3685 0.0986 3.0000 0.0657 
121.0000 1.3685 0.1249 4.0000 0.0592 
121.0000 1.3685 0.1603 5.0000 0.0757 
121.0000 1.3685 0.0863 5.0000 0.0320 
122.0000 1.3746 0.1826 7.0000 0.0349 
124.0000 1.3950 0.1857 5.0000 0.0554 
124.0000 1.3950 0.0415 3.0000 0.0199 
126.0000 1.3786 0.0835 7.0000 0.0825 
126.0000 1.3786 0.1285 7.0000 0.0099 
127.0000 1.3806 0.0838 5.0000 0.0352 
129.0000 1.3953 0.2947 23.0000 0.0531 
129.0000 1.3953 0.1922 14.0000 0.0036 
133.0000 1.3979 0.0802 9.0000 0.0672 
133.0000 1.3979 0.2371 11.0000 0.0402 
133.0000 1.3979 0.2505 4.0000 0.1272 
133.0000 1.3979 0.2102 10.0000 0.0525 
134.0000 1.3977 0.0704 10.0000 0.0104 
137.0000 1.4153 0.0189 3.0000 0.0146 
137.0000 1.4153 0.0565 6.0000 0.0239 
137.0000 1.4153 0.0398 5.0000 0.0127 
143.0000 1.4665 0.1722 14.0000 0.0989 
143.0000 1.4665 0.1871 6.0000 0.0481 
143.0000 1.4665 0.3221 4.0000 0.1093 
143.0000 1.4665 0.1480 7.0000 0.0320 
143.0000 1.4665 0.1799 16.0000 0.0612 
143.0000 1.4665 0.1476 7.0000 0.0077 
146.0000 1.4895 0.0831 7.0000 0.0753 
146.0000 1.4895 0.1839 4.0000 0.0624 
146.0000 1.4895 0.0601 26.0000 0.0099 
150.0000 1.4653 0.0472 13.0000 0.0635 
150.0000 1.4653 0.1320 5.0000 0.0432 
150.0000 1.4653 0.2007 41.0000 0.0334 
150.0000 1.4653 0.1970 20.0000 0.0675 
152.0000 1.4819 0.0820 7.0000 0.0216 
152.0000 1.4819 0.0538 3.0000 0.0365 
159.0000 1.5405 0.0582 7.0000 0.0440 
159.0000 1.5405 0.2247 5.0000 0.0792 
159.0000 1.5405 0.1843 7.0000 0.0585 
159.0000 1.5405 0.1647 4.0000 0.0678 
159.0000 1.5405 0.1901 8.0000 0.0336 
159.0000 1.5405 0.1928 16.0000 0.1257 
159.0000 1.5405 0.1150 7.0000 0.0049 
160.0000 1.5446 0.0911 7.0000 0.0517 
161.0000 1.5457 0.1346 39.0000 0.0274 
162.0000 1.5396 0.1430 53.0000 0.0232 
163.0000 1.5401 0.1309 8.0000 0.0210 
166.0000 1.5199 0.2092 64.0000 0.1648 
166.0000 1.5199 0.2803 4.0000 0.0940 
166.0000 1.5199 0.2147 34.0000 0.0037 
170.0000 1.5449 0.1507 29.0000 0.0638 
170.0000 1.5449 0.3003 8.0000 0.1559 
170.0000 1.5449 0.2954 3.0000 0.1399 
170.0000 1.5449 0.1990 16.0000 0.0014 
172.0000 1.5450 0.1811 61.0000 0.1520 
172.0000 1.5450 0.1089 9.0000 0.0102 
174.0000 1.5295 0.0934 75.0000 0.0150 
174.0000 1.5295 0.0965 14.0000 0.0136 
183.0000 1.5909 0.1963 34.0000 0.0460 
183.0000 1.5909 0.3120 6.0000 0.0930 
183.0000 1.5909 0.2870 7.0000 0.0699 
183.0000 1.5909 0.0881 3.0000 0.0400 
183.0000 1.5909 0.1149 3.0000 0.0499 
183.0000 1.5909 0.0737 3.0000 0.0590 
183.0000 1.5909 0.1603 12.0000 0.0862 
183.0000 1.5909 0.2821 6.0000 0.0759 
183.0000 1.5909 0.1379 11.0000 0.0146 
186.0000 1.5910 0.2190 8.0000 0.0854 
186.0000 1.5910 0.3614 13.0000 0.1175 
186.0000 1.5910 0.1942 50.0000 0.0078 
187.0000 1.5915 0.1430 38.0000 0.0175 
189.0000 1.6025 0.1069 7.0000 0.0280 
189.0000 1.6025 0.0283 4.0000 0.0154 
190.0000 1.5950 0.1345 28.0000 0.0182 
193.0000 1.6002 0.2177 70.0000 0.1241 
193.0000 1.6002 0.1476 6.0000 0.0338 
193.0000 1.6002 0.2011 16.0000 0.0178 
195.0000 1.6032 0.0900 7.0000 0.1074 
195.0000 1.6032 0.1260 7.0000 0.0054 
200.0000 1.6331 0.0724 11.0000 0.0087 
200.0000 1.6331 0.0644 16.0000 0.0139 
200.0000 1.6331 0.0233 4.0000 0.0106 
200.0000 1.6331 0.0242 4.0000 0.0121 
200.0000 1.6331 0.0543 7.0000 0.0134 
201.0000 1.6300 0.1145 6.0000 0.0199 
203.0000 1.6403 0.0788 6.0000 0.0241 
203.0000 1.6403 0.0329 6.0000 0.0095 
211.0000 1.6883 0.1563 10.0000 0.0594 
211.0000 1.6883 0.0831 6.0000 0.0174 
211.0000 1.6883 0.1606 5.0000 0.0539 
211.0000 1.6883 0.2325 4.0000 0.0763 
211.0000 1.6883 0.2787 20.0000 0.0610 
211.0000 1.6883 0.2651 8.0000 0.0680 
211.0000 1.6883 0.2617 5.0000 0.1175 
211.0000 1.6883 0.1391 7.0000 0.0137 
213.0000 1.6975 0.1545 8.0000 0.0301 
213.0000 1.6975 0.0709 7.0000 0.0127 
214.0000 1.7012 0.1104 9.0000 0.0244 
215.0000 1.6928 0.1516 9.0000 0.0263 
216.0000 1.6911 0.1240 12.0000 0.0208 
222.0000 1.7276 0.1058 9.0000 0.0206 
222.0000 1.7276 0.0739 11.0000 0.0254 
222.0000 1.7276 0.0685 3.0000 0.0366 
222.0000 1.7276 0.0542 20.0000 0.0387 
222.0000 1.7276 0.1007 7.0000 0.0340 
222.0000 1.7276 0.0413 8.0000 0.0082 
224.0000 1.7409 0.1211 6.0000 0.0230 
224.0000 1.7409 0.0151 4.0000 0.0090 
225.0000 1.7215 0.0279 12.0000 0.0219 
226.0000 1.7253 0.1501 11.0000 0.0321 
230.0000 1.7428 0.1158 11.0000 0.0559 
230.0000 1.7428 0.0941 4.0000 0.0331 
230.0000 1.7428 0.0946 37.0000 0.0118 
230.0000 1.7428 0.1058 16.0000 0.0133 
232.0000 1.7437 0.1933 57.0000 0.1594 
232.0000 1.7437 0.1998 25.0000 0.0027 
234.0000 1.7420 0.1011 53.0000 0.0116 
234.0000 1.7420 0.0075 3.0000 0.0051 
236.0000 1.7524 0.1290 6.0000 0.0500 
236.0000 1.7524 0.1324 9.0000 0.0165 
237.0000 1.7448 0.1379 66.0000 0.0162 
238.0000 1.7382 0.1673 20.0000 0.0148 
239.0000 1.7421 0.1623 11.0000 0.0265 
240.0000 1.7430 0.1954 21.0000 0.0120 
241.0000 1.7476 0.0754 10.0000 0.0179 
242.0000 1.7430 0.1434 11.0000 0.0151 
243.0000 1.7398 0.0894 10.0000 0.0187 
244.0000 1.7404 0.1312 10.0000 0.0199 
245.0000 1.7403 0.1244 18.0000 0.0277 
248.0000 1.7478 0.1593 21.0000 0.0328 
248.0000 1.7478 0.1309 8.0000 0.0265 
248.0000 1.7478 0.1224 16.0000 0.0381 
249.0000 1.7480 0.1356 10.0000 0.0265 
250.0000 1.7462 0.0826 7.0000 0.0181 
251.0000 1.7485 0.1310 17.0000 0.0254 
252.0000 1.7283 0.0629 57.0000 0.0140 
253.0000 1.7290 0.1143 18.0000 0.0147 
254.0000 1.7205 0.1392 40.0000 0.0257 
255.0000 1.7169 0.1290 9.0000 0.0223 
256.0000 1.7200 0.1328 19.0000 0.0153 
259.0000 1.7257 0.1051 20.0000 0.0325 
259.0000 1.7257 0.0704 33.0000 0.0293 
259.0000 1.7257 0.0933 6.0000 0.0223 
260.0000 1.7186 0.1281 48.0000 0.0109 
262.0000 1.7157 0.1135 5.0000 0.0699 
262.0000 1.7157 0.1198 8.0000 0.0159 
263.0000 1.7101 0.1621 15.0000 0.0178 
264.0000 1.7135 0.1421 10.0000 0.0195 
265.0000 1.6986 0.1483 12.0000 0.0150 
266.0000 1.7007 0.1214 10.0000 0.0141 
267.0000 1.6994 0.1502 11.0000 0.0214 
268.0000 1.6894 0.1144 9.0000 0.0135 
269.0000 1.6913 0.0990 13.0000 0.0067 
270.0000 1.6909 0.1125 11.0000 0.0147 
273.0000 1.7061 0.1191 7.0000 0.0343 
273.0000 1.7061 0.0661 7.0000 0.0251 
273.0000 1.7061 0.0190 3.0000 0.0158 
276.0000 1.7034 0.0993 21.0000 0.0301 
276.0000 1.7034 0.0395 7.0000 0.0055 
276.0000 1.7034 0.0742 17.0000 0.0226 
277.0000 1.7071 0.1295 11.0000 0.0226 