
1.0000 0.1748 0.1188 8.0000 0.0328 
3.0000 0.5128 0.0771 7.0000 0.0264 
3.0000 0.5128 0.0657 4.0000 0.0247 
4.0000 0.6579 0.1135 6.0000 0.0356 
5.0000 0.6536 0.1104 7.0000 0.0337 
7.0000 0.7292 0.0650 6.0000 0.0215 
7.0000 0.7292 0.0454 4.0000 0.0223 
9.0000 0.9202 0.1710 7.0000 0.0321 
9.0000 0.9202 0.0673 4.0000 0.0302 
10.0000 1.0050 0.0712 4.0000 0.0268 
11.0000 1.0680 0.1252 11.0000 0.0311 
12.0000 1.1331 0.1916 10.0000 0.0566 
13.0000 1.1140 0.0522 9.0000 0.0341 
14.0000 1.1354 0.0201 7.0000 0.0246 
15.0000 0.9849 0.0225 4.0000 0.0389 
16.0000 1.0237 0.1729 11.0000 0.0112 
17.0000 1.0699 0.1316 14.0000 0.0150 
19.0000 1.1425 0.1138 9.0000 0.0284 
19.0000 1.1425 0.0516 4.0000 0.0236 
20.0000 0.9510 0.1496 8.0000 0.0313 
21.0000 0.9804 0.0734 5.0000 0.0500 
23.0000 1.0550 0.1208 7.0000 0.0296 
23.0000 1.0550 0.0451 3.0000 0.0355 
24.0000 0.9717 0.1062 7.0000 0.0586 
25.0000 0.9992 0.0231 4.0000 0.0670 
26.0000 1.0176 0.1538 5.0000 0.0665 
27.0000 1.0425 0.1723 11.0000 0.0232 
28.0000 1.0761 0.0709 4.0000 0.0468 
29.0000 1.0960 0.1440 8.0000 0.0399 
31.0000 1.1281 0.0985 5.0000 0.0513 
31.0000 1.1281 0.0866 8.0000 0.0301 
33.0000 1.0628 0.0979 8.0000 0.0246 
33.0000 1.0628 0.0611 3.0000 0.0355 
34.0000 1.0474 0.1014 9.0000 0.0215 
36.0000 1.0876 0.1241 9.0000 0.0391 
36.0000 1.0876 0.0792 4.0000 0.0366 
37.0000 1.0969 0.1501 11.0000 0.0224 
38.0000 1.1163 0.1885 10.0000 0.0286 
39.0000 1.0756 0.0792 6.0000 0.0244 
40.0000 1.0630 0.0645 7.0000 0.0129 
41.0000 1.0809 0.1291 7.0000 0.0520 
42.0000 0.9001 0.1848 9.0000 0.0329 
43.0000 0.8848 0.1022 8.0000 0.0303 
44.0000 0.8855 0.1751 8.0000 0.0358 
46.0000 0.9189 0.0635 3.0000 0.0158 
46.0000 0.9189 0.1309 12.0000 0.0290 
47.0000 0.9169 0.0502 4.0000 0.0206 
48.0000 0.8274 0.1673 9.0000 0.0267 
49.0000 0.8356 0.1170 10.0000 0.0195 
50.0000 0.8319 0.1357 9.0000 0.0239 
51.0000 0.7843 0.1071 9.0000 0.0279 
52.0000 0.7588 0.1072 9.0000 0.0173 
53.0000 0.7376 0.1563 12.0000 0.0056 
55.0000 0.7326 0.1152 7.0000 0.0389 
55.0000 0.7326 0.0550 5.0000 0.0161 
56.0000 0.7416 0.1421 10.0000 0.0241 
57.0000 0.7398 0.1015 7.0000 0.0245 
58.0000 0.7415 0.0871 7.0000 0.0224 
59.0000 0.6929 0.1105 9.0000 0.0216 
60.0000 0.7018 0.1625 9.0000 0.0250 
61.0000 0.7003 0.1240 9.0000 0.0213 
63.0000 0.6703 0.1300 7.0000 0.0327 
63.0000 0.6703 0.0872 5.0000 0.0282 
64.0000 0.6773 0.1117 6.0000 0.0350 
66.0000 0.6869 0.1114 7.0000 0.0234 
66.0000 0.6869 0.0545 4.0000 0.0268 
67.0000 0.6897 0.1336 10.0000 0.0142 
68.0000 0.6840 0.1034 8.0000 0.0266 
69.0000 0.6634 0.1060 6.0000 0.0246 
71.0000 0.6631 0.0674 4.0000 0.0274 
71.0000 0.6631 0.1591 10.0000 0.0237 
72.0000 0.6203 0.0665 8.0000 0.0258 
73.0000 0.6138 0.0713 8.0000 0.0169 
74.0000 0.6149 0.1334 8.0000 0.0281 
75.0000 0.6178 0.1418 9.0000 0.0244 
76.0000 0.6185 0.0951 8.0000 0.0174 
77.0000 0.6204 0.1535 7.0000 0.0299 
78.0000 0.6214 0.1428 8.0000 0.0291 
79.0000 0.6125 0.0262 9.0000 0.0200 
80.0000 0.6006 0.0935 7.0000 0.0358 
81.0000 0.6017 0.0654 3.0000 0.0227 
82.0000 0.6076 0.0936 8.0000 0.0176 
83.0000 0.6045 0.1543 9.0000 0.0252 
85.0000 0.6171 0.1176 9.0000 0.0176 
85.0000 0.6171 0.0213 3.0000 0.0103 
86.0000 0.6064 0.0632 8.0000 0.0134 
88.0000 0.6027 0.0464 7.0000 0.0286 
88.0000 0.6027 0.0706 3.0000 0.0428 
89.0000 0.6056 0.0903 9.0000 0.0174 
90.0000 0.6019 0.0687 8.0000 0.0112 
91.0000 0.6013 0.1088 8.0000 0.0181 
92.0000 0.6030 0.1150 9.0000 0.0314 
93.0000 0.6054 0.0396 8.0000 0.0320 
94.0000 0.6077 0.1260 13.0000 0.0152 
95.0000 0.6061 0.1081 11.0000 0.0243 
96.0000 0.5977 0.1429 10.0000 0.0302 
98.0000 0.6084 0.1213 7.0000 0.0325 
98.0000 0.6084 0.0484 5.0000 0.0159 
99.0000 0.6126 0.1430 12.0000 0.0200 
100.0000 0.6143 0.1008 9.0000 0.0214 
101.0000 0.6126 0.1472 11.0000 0.0330 
102.0000 0.6181 0.1274 9.0000 0.0255 
103.0000 0.6124 0.0772 4.0000 0.0396 
104.0000 0.6043 0.0795 8.0000 0.0203 
105.0000 0.6028 0.1436 14.0000 0.0139 
106.0000 0.6071 0.1038 13.0000 0.0244 
107.0000 0.6110 0.1168 9.0000 0.0316 
109.0000 0.6197 0.1515 9.0000 0.0631 
109.0000 0.6197 0.0852 3.0000 0.0468 
110.0000 0.6126 0.1020 9.0000 0.0171 
111.0000 0.6165 0.1306 10.0000 0.0220 
113.0000 0.6231 0.0703 7.0000 0.0178 
113.0000 0.6231 0.0357 3.0000 0.0268 
114.0000 0.6254 0.0622 7.0000 0.0239 
115.0000 0.6274 0.1509 10.0000 0.0250 
116.0000 0.6274 0.0980 10.0000 0.0327 
117.0000 0.6318 0.0624 3.0000 0.0267 
119.0000 0.6408 0.0997 12.0000 0.0245 
119.0000 0.6408 0.0610 4.0000 0.0288 
120.0000 0.6442 0.1535 18.0000 0.0293 
121.0000 0.6480 0.1368 9.0000 0.0213 
122.0000 0.6531 0.0577 3.0000 0.0329 
123.0000 0.6548 0.1384 12.0000 0.0324 
124.0000 0.6558 0.1607 13.0000 0.0229 
125.0000 0.6550 0.1151 13.0000 0.0249 
126.0000 0.6547 0.1276 8.0000 0.0227 
127.0000 0.6501 0.1249 9.0000 0.0374 
128.0000 0.6541 0.1906 13.0000 0.0259 
129.0000 0.6586 0.1344 14.0000 0.0189 
130.0000 0.6589 0.1204 13.0000 0.0237 
132.0000 0.6635 0.1189 6.0000 0.0366 
132.0000 0.6635 0.0618 5.0000 0.0206 
133.0000 0.6624 0.1075 8.0000 0.0294 
134.0000 0.6577 0.1080 7.0000 0.0233 
135.0000 0.6537 0.1080 8.0000 0.0245 
136.0000 0.6563 0.1739 9.0000 0.0244 
138.0000 0.6567 0.1492 9.0000 0.0225 
138.0000 0.6567 0.0166 3.0000 0.0129 
139.0000 0.6600 0.2308 13.0000 0.0274 