
2.0000 3.7037 0.1819 14.0000 0.0314 
2.0000 3.7037 0.0191 4.0000 0.0069 
3.0000 3.0000 0.1482 11.0000 0.0229 
4.0000 2.9630 0.1990 10.0000 0.0354 
5.0000 2.2624 0.1360 12.0000 0.0386 
6.0000 1.5000 0.1758 15.0000 0.0299 
9.0000 1.6514 0.0559 10.0000 0.0294 
9.0000 1.6514 0.1538 12.0000 0.0354 
9.0000 1.6514 0.0581 6.0000 0.0197 
10.0000 1.7182 0.1853 8.0000 0.0432 
11.0000 1.4805 0.0958 7.0000 0.0209 
12.0000 1.4371 0.0542 9.0000 0.0210 
14.0000 1.2378 0.0777 8.0000 0.0347 
14.0000 1.2378 0.1153 13.0000 0.0157 
16.0000 1.1967 0.0624 17.0000 0.0278 
16.0000 1.1967 0.0569 3.0000 0.0384 
17.0000 1.1905 0.1987 22.0000 0.0282 
18.0000 1.1524 0.1664 9.0000 0.0476 
19.0000 1.1882 0.1845 14.0000 0.0319 
20.0000 1.0735 0.0419 4.0000 0.0215 
23.0000 1.1948 0.0176 3.0000 0.0072 
23.0000 1.1948 0.0592 5.0000 0.0156 
23.0000 1.1948 0.0467 4.0000 0.0172 
24.0000 1.2358 0.0844 12.0000 0.0136 
25.0000 1.2645 0.1534 15.0000 0.0254 
26.0000 1.1818 0.0766 8.0000 0.0176 
27.0000 1.1397 0.0863 10.0000 0.0229 
29.0000 1.2088 0.0852 3.0000 0.0394 
29.0000 1.2088 0.1740 9.0000 0.0307 
30.0000 1.1521 0.1439 12.0000 0.0168 
32.0000 1.0568 0.0957 15.0000 0.0189 
32.0000 1.0568 0.1458 8.0000 0.0265 
33.0000 1.0806 0.2058 16.0000 0.0260 
35.0000 1.0703 0.0620 11.0000 0.0162 
35.0000 1.0703 0.0208 4.0000 0.0089 
44.0000 1.3217 0.0416 7.0000 0.0394 
44.0000 1.3217 0.0337 3.0000 0.0115 
44.0000 1.3217 0.0382 7.0000 0.0076 
44.0000 1.3217 0.0302 17.0000 0.0122 
44.0000 1.3217 0.0519 7.0000 0.0136 
44.0000 1.3217 0.0202 4.0000 0.0105 
44.0000 1.3217 0.0561 4.0000 0.0264 
44.0000 1.3217 0.0213 3.0000 0.0117 
44.0000 1.3217 0.0304 5.0000 0.0209 
45.0000 1.3259 0.1230 53.0000 0.0226 
46.0000 1.3450 0.1522 12.0000 0.0240 
48.0000 1.3949 0.0294 3.0000 0.0192 
48.0000 1.3949 0.1048 9.0000 0.0356 
49.0000 1.2678 0.0975 8.0000 0.0388 
55.0000 1.3816 0.0443 19.0000 0.0306 
55.0000 1.3816 0.1570 13.0000 0.0205 
55.0000 1.3816 0.1367 12.0000 0.0456 
55.0000 1.3816 0.1913 7.0000 0.0406 
55.0000 1.3816 0.2131 15.0000 0.0369 
55.0000 1.3816 0.1835 12.0000 0.0125 
56.0000 1.4014 0.1765 8.0000 0.0455 
58.0000 1.4406 0.2236 9.0000 0.0461 
58.0000 1.4406 0.0195 3.0000 0.0053 
59.0000 1.3557 0.1045 12.0000 0.0280 
60.0000 1.3480 0.1444 8.0000 0.0251 
61.0000 1.2679 0.1890 9.0000 0.0286 
62.0000 1.2757 0.1852 10.0000 0.0234 
63.0000 1.2358 0.1721 9.0000 0.0421 
65.0000 1.2127 0.0969 6.0000 0.0561 
65.0000 1.2127 0.0710 5.0000 0.0208 
66.0000 1.2095 0.2072 15.0000 0.0298 
67.0000 1.2224 0.1994 11.0000 0.0324 
69.0000 1.2545 0.1598 9.0000 0.0295 
69.0000 1.2545 0.0612 3.0000 0.0523 
70.0000 1.2693 0.2433 7.0000 0.0469 
71.0000 1.2467 0.1174 9.0000 0.0147 
72.0000 1.2603 0.1363 7.0000 0.0564 
73.0000 1.2693 0.2132 14.0000 0.0315 
74.0000 1.1494 0.0543 5.0000 0.0192 
75.0000 1.1621 0.0798 4.0000 0.0347 
76.0000 1.1754 0.1604 10.0000 0.0277 
78.0000 1.2039 0.0396 3.0000 0.0089 
78.0000 1.2039 0.0993 6.0000 0.0198 
79.0000 1.1274 0.1308 10.0000 0.0528 
81.0000 1.1131 0.1205 7.0000 0.0362 
81.0000 1.1131 0.0656 3.0000 0.0408 
82.0000 1.1111 0.0536 10.0000 0.0104 
83.0000 1.1111 0.1888 9.0000 0.0468 
84.0000 1.1210 0.2148 11.0000 0.0378 
90.0000 1.1225 0.0583 10.0000 0.0376 
90.0000 1.1225 0.2596 13.0000 0.0345 
90.0000 1.1225 0.1330 8.0000 0.0517 
90.0000 1.1225 0.1755 8.0000 0.0318 
90.0000 1.1225 0.0867 4.0000 0.0451 
90.0000 1.1225 0.1899 10.0000 0.0311 
91.0000 1.1155 0.1763 12.0000 0.0316 
92.0000 1.1265 0.0949 6.0000 0.0320 
93.0000 1.1289 0.2265 13.0000 0.0288 
94.0000 1.1077 0.1737 14.0000 0.0228 
95.0000 1.1110 0.1802 9.0000 0.0335 
96.0000 1.1119 0.1596 17.0000 0.0291 
97.0000 1.1024 0.1261 10.0000 0.0270 
98.0000 1.0623 0.1859 11.0000 0.0334 
99.0000 1.0703 0.1661 15.0000 0.0240 
101.0000 1.0780 0.0626 5.0000 0.0257 
101.0000 1.0780 0.0628 3.0000 0.0225 
102.0000 1.0811 0.1719 9.0000 0.0367 
103.0000 1.0901 0.1583 9.0000 0.0384 
104.0000 1.0987 0.1761 8.0000 0.0404 
105.0000 1.1063 0.1771 9.0000 0.0336 
107.0000 1.1252 0.1661 9.0000 0.0260 
107.0000 1.1252 0.0503 4.0000 0.0246 
108.0000 1.1223 0.1568 10.0000 0.0242 
109.0000 1.1220 0.2156 11.0000 0.0270 
110.0000 1.1284 0.2227 12.0000 0.0382 
111.0000 1.1050 0.0635 3.0000 0.0425 
112.0000 1.0919 0.0435 4.0000 0.0221 
114.0000 1.1016 0.0303 3.0000 0.0040 
114.0000 1.1016 0.1534 9.0000 0.0272 
115.0000 1.1083 0.1946 11.0000 0.0223 
116.0000 1.1103 0.0322 14.0000 0.0235 
118.0000 1.1262 0.0952 11.0000 0.0415 
118.0000 1.1262 0.0458 6.0000 0.0111 
119.0000 1.1334 0.2035 9.0000 0.0363 
120.0000 1.1055 0.1420 8.0000 0.0357 
121.0000 1.1113 0.1693 16.0000 0.0232 
122.0000 1.0993 0.1337 19.0000 0.0333 
123.0000 1.1067 0.0996 7.0000 0.0169 
124.0000 1.1107 0.1743 19.0000 0.0186 
125.0000 1.1169 0.1548 5.0000 0.0521 
126.0000 1.1228 0.1613 9.0000 0.0516 
130.0000 1.1508 0.1246 11.0000 0.0357 
130.0000 1.1508 0.2063 11.0000 0.0361 
130.0000 1.1508 0.2173 24.0000 0.0245 
130.0000 1.1508 0.1388 18.0000 0.0313 
131.0000 1.1562 0.1429 18.0000 0.0334 
132.0000 1.1362 0.0853 6.0000 0.0383 
133.0000 1.1412 0.1077 10.0000 0.0170 
134.0000 1.1156 0.1574 9.0000 0.0251 
135.0000 1.1207 0.1654 16.0000 0.0308 
136.0000 1.1154 0.0992 11.0000 0.0271 
137.0000 1.1040 0.1406 11.0000 0.0276 
138.0000 1.1101 0.0450 6.0000 0.0162 
139.0000 1.1023 0.1282 11.0000 0.0406 
140.0000 1.1088 0.1855 9.0000 0.0303 
144.0000 1.1362 0.1340 7.0000 0.0360 
144.0000 1.1362 0.0583 3.0000 0.0275 
144.0000 1.1362 0.0741 3.0000 0.0543 
144.0000 1.1362 0.2210 16.0000 0.0316 
145.0000 1.1410 0.2151 10.0000 0.0424 
146.0000 1.1166 0.1897 12.0000 0.0347 
148.0000 1.1308 0.1688 6.0000 0.0538 
148.0000 1.1308 0.0781 4.0000 0.0435 
153.0000 1.1405 0.1271 12.0000 0.0626 
153.0000 1.1405 0.1681 8.0000 0.0383 
153.0000 1.1405 0.1027 13.0000 0.0102 
153.0000 1.1405 0.1319 7.0000 0.0397 
153.0000 1.1405 0.0488 4.0000 0.0318 
155.0000 1.1518 0.0672 4.0000 0.0313 
155.0000 1.1518 0.1304 13.0000 0.0244 
156.0000 1.1471 0.0975 10.0000 0.0236 
157.0000 1.1520 0.1651 16.0000 0.0251 
158.0000 1.1230 0.1857 13.0000 0.0205 
159.0000 1.1099 0.0382 8.0000 0.0200 
161.0000 1.1153 0.0313 7.0000 0.0316 
161.0000 1.1153 0.0511 3.0000 0.0197 
162.0000 1.1192 0.0907 11.0000 0.0258 
164.0000 1.0865 0.1228 9.0000 0.0286 
164.0000 1.0865 0.0447 3.0000 0.0224 
165.0000 1.0674 0.0921 13.0000 0.0216 
166.0000 1.0598 0.0684 10.0000 0.0360 
167.0000 1.0647 0.0762 7.0000 0.0368 
169.0000 1.0686 0.0523 9.0000 0.0510 
169.0000 1.0686 0.1448 4.0000 0.0611 
174.0000 1.0943 0.0564 9.0000 0.0253 
174.0000 1.0943 0.1551 13.0000 0.0325 
174.0000 1.0943 0.1683 10.0000 0.0286 
174.0000 1.0943 0.1596 12.0000 0.0410 
174.0000 1.0943 0.2852 14.0000 0.0529 
175.0000 1.0911 0.2304 8.0000 0.0422 
176.0000 1.0940 0.2254 10.0000 0.0352 
177.0000 1.0948 0.2030 8.0000 0.0343 