
1.0000 0.4785 0.1738 10.0000 0.0226 
2.0000 0.5236 0.0429 4.0000 0.0270 
3.0000 0.5190 0.1344 9.0000 0.0228 
4.0000 0.4646 0.0649 9.0000 0.0164 
5.0000 0.5149 0.1119 10.0000 0.0214 
6.0000 0.6079 0.0854 8.0000 0.0246 
7.0000 0.4545 0.1272 11.0000 0.0202 
8.0000 0.3628 0.1823 7.0000 0.0393 
9.0000 0.2634 0.1805 11.0000 0.0301 
10.0000 0.2902 0.1725 10.0000 0.0341 
11.0000 0.2929 0.0946 9.0000 0.0227 
12.0000 0.3050 0.0883 7.0000 0.0085 
13.0000 0.3294 0.0937 11.0000 0.0131 
14.0000 0.3526 0.1244 9.0000 0.0202 
15.0000 0.3695 0.0675 7.0000 0.0148 
16.0000 0.3497 0.0571 4.0000 0.0362 
17.0000 0.3674 0.0949 5.0000 0.0325 
18.0000 0.3829 0.1135 8.0000 0.0226 
19.0000 0.3818 0.0486 10.0000 0.0245 
20.0000 0.3968 0.1074 7.0000 0.0303 
21.0000 0.4152 0.0818 8.0000 0.0127 
23.0000 0.4483 0.1297 20.0000 0.0339 
23.0000 0.4483 0.1436 7.0000 0.0212 
25.0000 0.4427 0.0828 7.0000 0.0261 
25.0000 0.4427 0.0916 9.0000 0.0166 
26.0000 0.4531 0.0976 7.0000 0.0169 
27.0000 0.4683 0.0292 7.0000 0.0215 
28.0000 0.4837 0.0736 7.0000 0.0164 
29.0000 0.4987 0.1581 12.0000 0.0185 
31.0000 0.5295 0.1235 5.0000 0.0536 
31.0000 0.5295 0.0777 4.0000 0.0280 
33.0000 0.5552 0.0711 6.0000 0.0158 
33.0000 0.5552 0.0266 4.0000 0.0174 
34.0000 0.5709 0.1119 6.0000 0.0247 
35.0000 0.5344 0.1509 9.0000 0.0325 
37.0000 0.5550 0.1061 7.0000 0.0245 
37.0000 0.5550 0.0474 4.0000 0.0211 
38.0000 0.5443 0.0498 5.0000 0.0165 
39.0000 0.5539 0.0741 7.0000 0.0195 
40.0000 0.5467 0.0826 6.0000 0.0291 
41.0000 0.5475 0.1824 11.0000 0.0294 
42.0000 0.5586 0.0507 3.0000 0.0252 
43.0000 0.5193 0.0469 4.0000 0.0159 
44.0000 0.5057 0.0823 5.0000 0.0218 
45.0000 0.5125 0.1560 7.0000 0.0328 
46.0000 0.5097 0.1596 9.0000 0.0226 
47.0000 0.4637 0.0837 8.0000 0.0121 
48.0000 0.4727 0.0682 4.0000 0.0177 
49.0000 0.4809 0.0989 5.0000 0.0262 
51.0000 0.4998 0.0957 5.0000 0.0265 
51.0000 0.4998 0.0184 3.0000 0.0160 
52.0000 0.4708 0.1052 8.0000 0.0186 
54.0000 0.4653 0.1631 8.0000 0.0408 
54.0000 0.4653 0.2569 8.0000 0.0481 
56.0000 0.4742 0.0464 5.0000 0.0190 
56.0000 0.4742 0.0213 3.0000 0.0173 
57.0000 0.4679 0.0439 7.0000 0.0141 
58.0000 0.4518 0.0625 8.0000 0.0154 
59.0000 0.4503 0.0690 6.0000 0.0149 
60.0000 0.4510 0.1043 8.0000 0.0191 
61.0000 0.4569 0.0714 8.0000 0.0146 
62.0000 0.4623 0.1090 7.0000 0.0485 
63.0000 0.4646 0.1108 5.0000 0.0397 
64.0000 0.4699 0.0515 4.0000 0.0260 
65.0000 0.4734 0.1607 9.0000 0.0289 
66.0000 0.4797 0.1463 10.0000 0.0319 
67.0000 0.4842 0.1090 8.0000 0.0219 
68.0000 0.4872 0.1317 14.0000 0.0095 
69.0000 0.4933 0.0419 5.0000 0.0182 
71.0000 0.5026 0.0904 6.0000 0.0264 
71.0000 0.5026 0.0406 4.0000 0.0224 
72.0000 0.5087 0.1705 12.0000 0.0284 
73.0000 0.5154 0.1515 7.0000 0.0322 