
1.0000 0.0712 0.1033 7.0000 0.0235 
2.0000 0.1326 0.0779 6.0000 0.0152 
3.0000 0.1245 0.1132 8.0000 0.0215 
4.0000 0.1227 0.0778 7.0000 0.0255 
5.0000 0.1147 0.0653 6.0000 0.0144 
6.0000 0.1325 0.0674 6.0000 0.0169 
7.0000 0.1536 0.0935 7.0000 0.0213 
8.0000 0.1746 0.0642 5.0000 0.0156 
9.0000 0.1896 0.1002 7.0000 0.0186 
10.0000 0.1821 0.0671 4.0000 0.0196 
11.0000 0.1940 0.0419 5.0000 0.0158 
13.0000 0.1970 0.0987 8.0000 0.0157 
13.0000 0.1970 0.0319 3.0000 0.0251 
14.0000 0.2024 0.1181 9.0000 0.0145 
16.0000 0.2228 0.1010 5.0000 0.0257 
16.0000 0.2228 0.0611 5.0000 0.0202 
17.0000 0.2025 0.0633 7.0000 0.0145 