
1.0000 1.2500 0.0806 4.0000 0.0291 
2.0000 1.9608 0.1107 8.0000 0.0182 
3.0000 1.5625 0.1999 11.0000 0.0192 
4.0000 1.7467 0.1102 12.0000 0.0168 
5.0000 1.8657 0.0606 6.0000 0.0116 
6.0000 2.0000 0.1428 15.0000 0.0192 
7.0000 2.0408 0.1389 10.0000 0.0204 
8.0000 2.0725 0.1218 7.0000 0.0251 
9.0000 1.7143 0.0785 3.0000 0.0411 
10.0000 1.7094 0.1154 8.0000 0.0190 
11.0000 1.8062 0.1069 13.0000 0.0154 
12.0000 1.9200 0.0787 9.0000 0.0307 
13.0000 2.0312 0.0586 8.0000 0.0146 
14.0000 1.8397 0.1005 8.0000 0.0169 
15.0000 1.7689 0.1025 11.0000 0.0156 
16.0000 1.6129 0.1006 4.0000 0.0355 
17.0000 1.5977 0.1023 12.0000 0.0130 
20.0000 1.7873 0.1250 7.0000 0.0343 
20.0000 1.7873 0.1449 3.0000 0.0662 
20.0000 1.7873 0.1448 6.0000 0.0375 
21.0000 1.7284 0.0616 7.0000 0.0181 
22.0000 1.7843 0.0702 8.0000 0.0171 
23.0000 1.8167 0.1096 14.0000 0.0230 
24.0000 1.8391 0.0996 17.0000 0.0229 
25.0000 1.8437 0.0504 5.0000 0.0172 
26.0000 1.7322 0.0600 6.0000 0.0157 
27.0000 1.7476 0.0997 9.0000 0.0107 
28.0000 1.7522 0.0482 6.0000 0.0126 
30.0000 1.8304 0.0561 5.0000 0.0174 
30.0000 1.8304 0.0279 5.0000 0.0109 
31.0000 1.8235 0.0558 9.0000 0.0120 
32.0000 1.8018 0.0806 7.0000 0.0144 
33.0000 1.5789 0.0667 6.0000 0.0187 
34.0000 1.6038 0.0832 9.0000 0.0147 
35.0000 1.6033 0.0642 8.0000 0.0136 
36.0000 1.2329 0.0671 7.0000 0.0236 
37.0000 1.2383 0.0471 3.0000 0.0219 
38.0000 1.1999 0.0775 7.0000 0.0197 
39.0000 1.1758 0.0622 8.0000 0.0145 
40.0000 1.1919 0.0561 8.0000 0.0124 
41.0000 1.1721 0.0155 8.0000 0.0133 
43.0000 1.1537 0.0732 8.0000 0.0092 
43.0000 1.1537 0.0131 3.0000 0.0077 
45.0000 1.0283 0.0987 7.0000 0.0208 
45.0000 1.0283 0.0457 4.0000 0.0193 
46.0000 1.0314 0.0991 10.0000 0.0087 
47.0000 1.0336 0.0657 8.0000 0.0144 
48.0000 1.0352 0.0673 7.0000 0.0155 
49.0000 1.0290 0.0737 8.0000 0.0160 
50.0000 1.0146 0.0148 7.0000 0.0239 
51.0000 0.8801 0.0447 6.0000 0.0140 
52.0000 0.8878 0.0633 7.0000 0.0153 
53.0000 0.8354 0.0576 5.0000 0.0195 
54.0000 0.8472 0.0873 7.0000 0.0141 
55.0000 0.8519 0.1061 9.0000 0.0163 
56.0000 0.8633 0.0564 9.0000 0.0105 
57.0000 0.8661 0.0483 8.0000 0.0131 
58.0000 0.8696 0.0496 8.0000 0.0180 
60.0000 0.8798 0.0753 5.0000 0.0303 
60.0000 0.8798 0.0222 3.0000 0.0159 
61.0000 0.8702 0.0568 7.0000 0.0134 
63.0000 0.8882 0.0498 5.0000 0.0156 
63.0000 0.8882 0.0255 4.0000 0.0115 
64.0000 0.8842 0.0707 7.0000 0.0148 
65.0000 0.8922 0.1020 9.0000 0.0181 
66.0000 0.8693 0.0439 6.0000 0.0099 
67.0000 0.8588 0.0910 7.0000 0.0188 
68.0000 0.8444 0.0666 4.0000 0.0176 
69.0000 0.8510 0.1060 7.0000 0.0275 
70.0000 0.8566 0.1297 11.0000 0.0165 
71.0000 0.8623 0.0621 7.0000 0.0255 
72.0000 0.8506 0.0848 10.0000 0.0143 
73.0000 0.8519 0.0610 9.0000 0.0092 
74.0000 0.8607 0.0760 8.0000 0.0112 
75.0000 0.8643 0.0856 7.0000 0.0202 
76.0000 0.8729 0.0626 6.0000 0.0174 
77.0000 0.8800 0.0743 10.0000 0.0122 
78.0000 0.8801 0.0553 8.0000 0.0134 
79.0000 0.8877 0.0882 10.0000 0.0130 
80.0000 0.8955 0.1168 6.0000 0.0274 
81.0000 0.9022 0.1057 11.0000 0.0135 
82.0000 0.9082 0.0688 7.0000 0.0229 
83.0000 0.9164 0.1152 8.0000 0.0213 
84.0000 0.9259 0.0739 8.0000 0.0132 
86.0000 0.9439 0.0711 7.0000 0.0182 
86.0000 0.9439 0.0206 3.0000 0.0083 
87.0000 0.9358 0.1077 10.0000 0.0151 
88.0000 0.9336 0.1306 10.0000 0.0214 
89.0000 0.9406 0.0730 8.0000 0.0218 
91.0000 0.9126 0.1037 6.0000 0.0295 
91.0000 0.9126 0.0193 3.0000 0.0097 
92.0000 0.9030 0.0897 6.0000 0.0209 
93.0000 0.8886 0.1003 8.0000 0.0214 
94.0000 0.8841 0.0814 8.0000 0.0190 
95.0000 0.8851 0.1146 11.0000 0.0104 
96.0000 0.8800 0.0774 9.0000 0.0140 
97.0000 0.8817 0.1033 7.0000 0.0184 
98.0000 0.8882 0.0943 8.0000 0.0156 
99.0000 0.8928 0.1003 9.0000 0.0156 
100.0000 0.8880 0.1192 11.0000 0.0096 
101.0000 0.8924 0.0546 6.0000 0.0136 
102.0000 0.8969 0.0930 8.0000 0.0133 
103.0000 0.8766 0.1090 8.0000 0.0177 
105.0000 0.8907 0.0657 7.0000 0.0193 
105.0000 0.8907 0.0241 3.0000 0.0196 
106.0000 0.8957 0.0786 7.0000 0.0236 
107.0000 0.8952 0.0819 7.0000 0.0184 
108.0000 0.9007 0.0744 5.0000 0.0280 
109.0000 0.8768 0.0601 5.0000 0.0193 
111.0000 0.8885 0.0795 5.0000 0.0209 
111.0000 0.8885 0.0203 4.0000 0.0102 
112.0000 0.8813 0.0646 7.0000 0.0146 
114.0000 0.8945 0.0725 7.0000 0.0164 
114.0000 0.8945 0.0309 4.0000 0.0135 
116.0000 0.9050 0.0417 6.0000 0.0128 
116.0000 0.9050 0.0308 3.0000 0.0224 
117.0000 0.9109 0.1439 12.0000 0.0156 
118.0000 0.9139 0.0735 9.0000 0.0151 
119.0000 0.9164 0.1038 9.0000 0.0212 
121.0000 0.9142 0.0567 8.0000 0.0232 
121.0000 0.9142 0.0403 3.0000 0.0146 
123.0000 0.9189 0.0698 5.0000 0.0230 
123.0000 0.9189 0.0279 4.0000 0.0165 
125.0000 0.9246 0.0719 6.0000 0.0163 
125.0000 0.9246 0.0462 4.0000 0.0217 
126.0000 0.9289 0.1082 10.0000 0.0211 
127.0000 0.9331 0.0828 6.0000 0.0157 
128.0000 0.9364 0.0690 8.0000 0.0144 
129.0000 0.9400 0.1124 8.0000 0.0201 
130.0000 0.9454 0.1011 8.0000 0.0172 
132.0000 0.9572 0.0956 9.0000 0.0171 
132.0000 0.9572 0.0472 4.0000 0.0244 
133.0000 0.9538 0.0679 4.0000 0.0297 
134.0000 0.9461 0.0441 5.0000 0.0139 
135.0000 0.9140 0.0946 7.0000 0.0362 
136.0000 0.9155 0.0784 9.0000 0.0286 
137.0000 0.9198 0.0549 6.0000 0.0149 
139.0000 0.9313 0.0936 9.0000 0.0186 
139.0000 0.9313 0.0513 3.0000 0.0299 
140.0000 0.9157 0.0908 6.0000 0.0280 
141.0000 0.9204 0.0541 8.0000 0.0114 
142.0000 0.9183 0.0586 6.0000 0.0125 
143.0000 0.9234 0.0546 7.0000 0.0119 
144.0000 0.9229 0.0981 9.0000 0.0158 
145.0000 0.8944 0.0800 7.0000 0.0182 
147.0000 0.8983 0.0971 7.0000 0.0184 
147.0000 0.8983 0.0090 3.0000 0.0054 
148.0000 0.9016 0.0970 7.0000 0.0205 
149.0000 0.9045 0.1074 10.0000 0.0173 
150.0000 0.9087 0.1108 8.0000 0.0169 
151.0000 0.9071 0.0946 8.0000 0.0168 
153.0000 0.9153 0.1464 7.0000 0.0242 
153.0000 0.9153 0.0489 6.0000 0.0130 
154.0000 0.9137 0.0985 10.0000 0.0123 
155.0000 0.9082 0.0863 7.0000 0.0201 
156.0000 0.8892 0.0566 6.0000 0.0150 
157.0000 0.8919 0.0430 3.0000 0.0207 
158.0000 0.8919 0.0963 9.0000 0.0145 
159.0000 0.8891 0.1130 7.0000 0.0181 
160.0000 0.8831 0.0412 4.0000 0.0149 