
1.0000 0.4525 0.0926 7.0000 0.0214 
2.0000 0.8439 0.1107 8.0000 0.0211 
3.0000 1.2097 0.0752 8.0000 0.0170 
4.0000 1.3889 0.1070 9.0000 0.0170 
5.0000 1.6181 0.1027 13.0000 0.0131 
6.0000 1.8349 0.1711 10.0000 0.0223 
7.0000 1.9178 0.1181 7.0000 0.0284 
8.0000 2.0151 0.0856 10.0000 0.0086 
9.0000 2.1635 0.1131 11.0000 0.0192 
10.0000 2.1231 0.0586 4.0000 0.0167 
11.0000 2.1782 0.1387 9.0000 0.0233 
12.0000 2.3121 0.1179 8.0000 0.0211 
13.0000 2.4119 0.1099 7.0000 0.0216 
14.0000 2.2913 0.1413 7.0000 0.0321 
15.0000 2.3511 0.1471 13.0000 0.0290 
16.0000 2.3988 0.1379 10.0000 0.0205 
17.0000 2.4709 0.1396 8.0000 0.0214 
18.0000 2.5605 0.1255 8.0000 0.0212 
19.0000 2.5710 0.1745 15.0000 0.0242 
20.0000 2.6247 0.1335 9.0000 0.0228 
21.0000 2.5862 0.1009 8.0000 0.0183 
22.0000 2.6474 0.1768 9.0000 0.0274 
23.0000 2.6869 0.0991 3.0000 0.0328 
24.0000 2.6696 0.1438 6.0000 0.0341 
25.0000 2.7382 0.1392 8.0000 0.0271 
26.0000 2.7897 0.1264 10.0000 0.0382 
27.0000 2.8754 0.0658 3.0000 0.0217 
28.0000 2.9381 0.1744 8.0000 0.0346 
29.0000 3.0083 0.1164 7.0000 0.0212 
30.0000 3.0090 0.1624 10.0000 0.0251 
31.0000 3.0452 0.1463 9.0000 0.0247 
32.0000 3.0132 0.1722 8.0000 0.0321 
33.0000 3.0499 0.1432 8.0000 0.0275 
34.0000 3.1050 0.1365 6.0000 0.0336 
35.0000 3.0783 0.1486 7.0000 0.0308 
36.0000 3.0664 0.1603 6.0000 0.0423 
37.0000 3.0453 0.1603 9.0000 0.0238 
38.0000 3.0970 0.1851 7.0000 0.0378 
39.0000 3.1452 0.1450 8.0000 0.0238 
41.0000 3.1636 0.1767 9.0000 0.0354 
41.0000 3.1636 0.1774 9.0000 0.0265 
42.0000 3.1963 0.1445 6.0000 0.0342 
44.0000 3.2424 0.1108 5.0000 0.0276 
44.0000 3.2424 0.1286 6.0000 0.0298 
45.0000 3.2632 0.1570 8.0000 0.0321 
50.0000 3.4843 0.1524 9.0000 0.0288 
50.0000 3.4843 0.1330 5.0000 0.0357 
50.0000 3.4843 0.1307 17.0000 0.0098 
50.0000 3.4843 0.1309 14.0000 0.0361 
50.0000 3.4843 0.0335 4.0000 0.0130 
51.0000 3.5076 0.1523 11.0000 0.0267 
52.0000 3.5254 0.1692 13.0000 0.0238 
54.0000 3.4571 0.1214 10.0000 0.0302 
54.0000 3.4571 0.1770 12.0000 0.0474 
55.0000 3.4483 0.1681 8.0000 0.0255 
56.0000 3.4314 0.1341 7.0000 0.0285 
57.0000 3.4379 0.1455 5.0000 0.0401 
58.0000 3.4751 0.1402 7.0000 0.0307 
59.0000 3.5056 0.1472 7.0000 0.0363 
60.0000 3.4783 0.1426 6.0000 0.0436 
61.0000 3.4797 0.1630 11.0000 0.0210 
62.0000 3.5088 0.1382 9.0000 0.0213 
64.0000 3.5874 0.1188 6.0000 0.0271 
64.0000 3.5874 0.1671 8.0000 0.0305 
65.0000 3.5734 0.1256 7.0000 0.0327 
66.0000 3.5753 0.1288 7.0000 0.0255 
67.0000 3.5963 0.1125 8.0000 0.0172 
68.0000 3.5903 0.0923 8.0000 0.0121 
69.0000 3.6145 0.1125 10.0000 0.0140 
70.0000 3.6213 0.1347 9.0000 0.0242 
71.0000 3.6523 0.1630 9.0000 0.0242 
72.0000 3.6437 0.0734 6.0000 0.0190 
73.0000 3.5890 0.0968 5.0000 0.0392 
74.0000 3.5171 0.1691 8.0000 0.0388 
75.0000 3.5344 0.1655 8.0000 0.0312 
76.0000 3.5547 0.1704 7.0000 0.0329 
77.0000 3.5797 0.1872 7.0000 0.0445 
78.0000 3.6044 0.1595 9.0000 0.0233 
79.0000 3.6255 0.1335 6.0000 0.0426 
80.0000 3.6480 0.1439 10.0000 0.0189 
81.0000 3.6618 0.1581 7.0000 0.0382 
82.0000 3.6837 0.1314 9.0000 0.0182 
83.0000 3.6742 0.1575 7.0000 0.0319 
84.0000 3.6972 0.1545 9.0000 0.0266 
85.0000 3.7021 0.1418 13.0000 0.0210 
86.0000 3.7181 0.1737 13.0000 0.0247 
88.0000 3.7720 0.0679 5.0000 0.0171 
88.0000 3.7720 0.1474 8.0000 0.0297 
90.0000 3.8347 0.1403 5.0000 0.0400 
90.0000 3.8347 0.0407 5.0000 0.0142 
91.0000 3.8478 0.1490 10.0000 0.0366 
92.0000 3.8672 0.1787 6.0000 0.0545 
112.0000 4.2961 0.1540 10.0000 0.0259 
112.0000 4.2961 0.1598 16.0000 0.0128 
112.0000 4.2961 0.1805 11.0000 0.0203 
112.0000 4.2961 0.1436 19.0000 0.0280 
112.0000 4.2961 0.1718 15.0000 0.0155 
112.0000 4.2961 0.1562 6.0000 0.0306 
112.0000 4.2961 0.1516 10.0000 0.0246 
112.0000 4.2961 0.1664 7.0000 0.0315 
112.0000 4.2961 0.1494 8.0000 0.0306 
112.0000 4.2961 0.1469 10.0000 0.0177 
112.0000 4.2961 0.1406 8.0000 0.0234 
112.0000 4.2961 0.1251 8.0000 0.0250 
112.0000 4.2961 0.1585 7.0000 0.0348 
112.0000 4.2961 0.1255 9.0000 0.0209 
112.0000 4.2961 0.1407 8.0000 0.0254 
112.0000 4.2961 0.1780 8.0000 0.0366 
112.0000 4.2961 0.1426 16.0000 0.0122 
112.0000 4.2961 0.1592 8.0000 0.0272 
112.0000 4.2961 0.1614 9.0000 0.0260 
112.0000 4.2961 0.1581 15.0000 0.0240 
113.0000 4.2982 0.1548 7.0000 0.0377 
114.0000 4.3165 0.1581 8.0000 0.0346 
115.0000 4.3347 0.1406 7.0000 0.0286 
125.0000 4.5273 0.1635 6.0000 0.0409 
125.0000 4.5273 0.1728 7.0000 0.0298 
125.0000 4.5273 0.1572 14.0000 0.0252 
125.0000 4.5273 0.1612 11.0000 0.0278 
125.0000 4.5273 0.1482 7.0000 0.0285 
125.0000 4.5273 0.1651 9.0000 0.0252 
125.0000 4.5273 0.1528 7.0000 0.0396 
125.0000 4.5273 0.1368 5.0000 0.0419 
125.0000 4.5273 0.1365 6.0000 0.0266 
125.0000 4.5273 0.1392 8.0000 0.0266 
126.0000 4.5373 0.1322 8.0000 0.0235 
127.0000 4.5373 0.1554 8.0000 0.0276 
128.0000 4.5487 0.1345 8.0000 0.0260 
129.0000 4.5026 0.1366 6.0000 0.0326 
130.0000 4.5186 0.1309 8.0000 0.0228 
131.0000 4.5297 0.1485 8.0000 0.0247 
143.0000 4.6809 0.1475 9.0000 0.0240 
143.0000 4.6809 0.1673 9.0000 0.0278 
143.0000 4.6809 0.1698 7.0000 0.0324 
143.0000 4.6809 0.1532 8.0000 0.0319 
143.0000 4.6809 0.1680 7.0000 0.0399 
143.0000 4.6809 0.1540 9.0000 0.0211 
143.0000 4.6809 0.1656 8.0000 0.0289 
143.0000 4.6809 0.1355 7.0000 0.0259 
143.0000 4.6809 0.1459 6.0000 0.0466 
143.0000 4.6809 0.1565 7.0000 0.0265 
143.0000 4.6809 0.1214 16.0000 0.0113 
143.0000 4.6809 0.1594 7.0000 0.0319 
146.0000 4.6720 0.1670 10.0000 0.0288 
146.0000 4.6720 0.1258 9.0000 0.0303 
146.0000 4.6720 0.1573 7.0000 0.0286 
148.0000 4.7014 0.1151 6.0000 0.0367 
148.0000 4.7014 0.1382 10.0000 0.0241 
149.0000 4.7077 0.1732 8.0000 0.0396 
150.0000 4.7051 0.1773 11.0000 0.0205 
151.0000 4.6822 0.1399 8.0000 0.0269 
152.0000 4.6812 0.1432 9.0000 0.0196 
153.0000 4.6990 0.1286 5.0000 0.0353 
154.0000 4.7095 0.1564 8.0000 0.0252 
165.0000 4.8316 0.1272 9.0000 0.0146 
165.0000 4.8316 0.1342 7.0000 0.0306 
165.0000 4.8316 0.1446 8.0000 0.0289 
165.0000 4.8316 0.1596 9.0000 0.0256 
165.0000 4.8316 0.1457 11.0000 0.0232 
165.0000 4.8316 0.1587 9.0000 0.0381 
165.0000 4.8316 0.1565 6.0000 0.0376 
165.0000 4.8316 0.1473 12.0000 0.0144 
165.0000 4.8316 0.1457 6.0000 0.0364 
165.0000 4.8316 0.1425 15.0000 0.0331 
165.0000 4.8316 0.1486 17.0000 0.0375 
166.0000 4.8382 0.1538 7.0000 0.0308 
167.0000 4.8462 0.1042 4.0000 0.0414 
168.0000 4.8401 0.0971 7.0000 0.0543 
169.0000 4.8203 0.1802 6.0000 0.0418 
170.0000 4.8077 0.1641 7.0000 0.0333 
171.0000 4.8142 0.1284 6.0000 0.0400 
172.0000 4.8179 0.1374 6.0000 0.0373 
173.0000 4.8257 0.1541 8.0000 0.0274 
174.0000 4.8293 0.1431 7.0000 0.0286 
175.0000 4.8143 0.1534 8.0000 0.0259 
176.0000 4.8193 0.1576 9.0000 0.0323 
177.0000 4.7748 0.1347 5.0000 0.0388 
178.0000 4.7824 0.1417 6.0000 0.0332 
179.0000 4.7733 0.1407 7.0000 0.0305 
180.0000 4.7269 0.1413 7.0000 0.0360 
181.0000 4.6831 0.1369 6.0000 0.0397 
182.0000 4.6667 0.1146 5.0000 0.0272 
183.0000 4.6743 0.1809 7.0000 0.0411 
184.0000 4.6383 0.1249 5.0000 0.0262 
185.0000 4.6343 0.1374 9.0000 0.0233 
186.0000 4.6361 0.1541 6.0000 0.0482 
187.0000 4.6448 0.1715 9.0000 0.0340 
189.0000 4.6506 0.1309 12.0000 0.0160 
189.0000 4.6506 0.0230 3.0000 0.0131 
194.0000 4.6996 0.1026 9.0000 0.0242 
194.0000 4.6996 0.1651 8.0000 0.0300 
194.0000 4.6996 0.1660 6.0000 0.0380 
194.0000 4.6996 0.1721 16.0000 0.0135 
194.0000 4.6996 0.1576 6.0000 0.0278 
195.0000 4.7079 0.1410 8.0000 0.0241 
196.0000 4.7183 0.1507 7.0000 0.0317 
197.0000 4.6905 0.1001 5.0000 0.0323 
198.0000 4.6501 0.1044 7.0000 0.0234 
199.0000 4.6582 0.0671 7.0000 0.0148 
201.0000 4.6853 0.1426 5.0000 0.0392 
201.0000 4.6853 0.1290 8.0000 0.0257 
202.0000 4.6955 0.1230 7.0000 0.0240 
209.0000 4.7543 0.1739 8.0000 0.0348 
209.0000 4.7543 0.1575 10.0000 0.0299 
209.0000 4.7543 0.1432 10.0000 0.0204 
209.0000 4.7543 0.1513 10.0000 0.0209 
209.0000 4.7543 0.1490 8.0000 0.0253 
209.0000 4.7543 0.1361 7.0000 0.0265 
209.0000 4.7543 0.1379 12.0000 0.0235 
210.0000 4.7651 0.1426 7.0000 0.0328 
211.0000 4.7619 0.0951 9.0000 0.0137 
212.0000 4.7694 0.1113 8.0000 0.0195 
213.0000 4.7811 0.0807 4.0000 0.0255 
214.0000 4.7853 0.1224 12.0000 0.0198 
222.0000 4.8094 0.1418 6.0000 0.0348 
222.0000 4.8094 0.1680 10.0000 0.0295 
222.0000 4.8094 0.1899 11.0000 0.0275 
222.0000 4.8094 0.1823 10.0000 0.0238 
222.0000 4.8094 0.1483 8.0000 0.0229 
222.0000 4.8094 0.1576 8.0000 0.0242 
222.0000 4.8094 0.1960 16.0000 0.0140 
222.0000 4.8094 0.1476 7.0000 0.0270 
223.0000 4.8081 0.0985 4.0000 0.0353 
224.0000 4.8162 0.1477 7.0000 0.0267 
225.0000 4.8273 0.1448 7.0000 0.0283 
226.0000 4.8373 0.1120 7.0000 0.0208 
227.0000 4.8453 0.1261 8.0000 0.0213 
228.0000 4.8500 0.1116 8.0000 0.0199 
240.0000 4.9566 0.1588 6.0000 0.0398 
240.0000 4.9566 0.1266 15.0000 0.0126 
240.0000 4.9566 0.1569 9.0000 0.0228 
240.0000 4.9566 0.1463 13.0000 0.0359 
240.0000 4.9566 0.1721 9.0000 0.0281 
240.0000 4.9566 0.1782 9.0000 0.0268 
240.0000 4.9566 0.1383 17.0000 0.0120 
240.0000 4.9566 0.1223 10.0000 0.0161 
240.0000 4.9566 0.1335 8.0000 0.0228 
240.0000 4.9566 0.1435 14.0000 0.0136 
240.0000 4.9566 0.1740 13.0000 0.0160 
240.0000 4.9566 0.1417 7.0000 0.0307 
241.0000 4.9691 0.0854 4.0000 0.0253 
248.0000 5.0325 0.1357 9.0000 0.0203 
248.0000 5.0325 0.1623 9.0000 0.0269 
248.0000 5.0325 0.1677 6.0000 0.0594 
248.0000 5.0325 0.1514 11.0000 0.0214 
248.0000 5.0325 0.1613 7.0000 0.0330 
248.0000 5.0325 0.1478 8.0000 0.0253 
248.0000 5.0325 0.1541 6.0000 0.0385 
249.0000 5.0415 0.1351 6.0000 0.0323 
250.0000 5.0231 0.1449 7.0000 0.0387 
251.0000 5.0050 0.1652 7.0000 0.0319 
252.0000 4.9871 0.1503 7.0000 0.0275 
253.0000 4.9569 0.0912 7.0000 0.0244 
254.0000 4.9561 0.0703 5.0000 0.0227 
255.0000 4.9467 0.1358 5.0000 0.0494 
256.0000 4.9459 0.1650 6.0000 0.0428 
257.0000 4.9499 0.1031 3.0000 0.0422 
259.0000 4.9380 0.1690 7.0000 0.0505 
259.0000 4.9380 0.1130 6.0000 0.0377 
260.0000 4.9392 0.1420 11.0000 0.0514 
261.0000 4.9385 0.1062 8.0000 0.0160 
262.0000 4.9443 0.1166 7.0000 0.0316 
263.0000 4.9483 0.1392 6.0000 0.0331 
264.0000 4.8655 0.1205 8.0000 0.0266 
265.0000 4.8597 0.1708 8.0000 0.0281 
266.0000 4.8320 0.1148 7.0000 0.0246 
267.0000 4.8291 0.1005 7.0000 0.0185 
268.0000 4.8341 0.1306 8.0000 0.0232 
270.0000 4.8206 0.1569 8.0000 0.0284 
270.0000 4.8206 0.1413 8.0000 0.0219 
271.0000 4.8272 0.1251 9.0000 0.0165 
272.0000 4.8373 0.1100 5.0000 0.0326 
273.0000 4.8430 0.0734 6.0000 0.0215 
274.0000 4.8180 0.1077 6.0000 0.0260 
275.0000 4.8018 0.1340 8.0000 0.0289 
276.0000 4.8067 0.1385 8.0000 0.0247 
278.0000 4.8272 0.1902 8.0000 0.0296 
278.0000 4.8272 0.1561 8.0000 0.0371 
279.0000 4.8237 0.1198 8.0000 0.0211 
280.0000 4.8301 0.1617 8.0000 0.0273 
281.0000 4.8166 0.0811 7.0000 0.0161 
283.0000 4.7764 0.1168 6.0000 0.0228 
283.0000 4.7764 0.0192 3.0000 0.0126 
284.0000 4.7819 0.0666 7.0000 0.0139 
285.0000 4.7595 0.0958 5.0000 0.0301 
286.0000 4.7635 0.1567 6.0000 0.0432 
287.0000 4.7651 0.1491 11.0000 0.0326 
288.0000 4.7643 0.1600 14.0000 0.0183 
289.0000 4.7706 0.1015 5.0000 0.0273 
297.0000 4.8019 0.1557 8.0000 0.0228 
297.0000 4.8019 0.1179 13.0000 0.0222 
297.0000 4.8019 0.1448 10.0000 0.0241 
297.0000 4.8019 0.1128 20.0000 0.0339 
297.0000 4.8019 0.1390 8.0000 0.0307 
297.0000 4.8019 0.1613 10.0000 0.0224 
297.0000 4.8019 0.1272 13.0000 0.0258 
297.0000 4.8019 0.1170 15.0000 0.0252 
299.0000 4.8234 0.1114 5.0000 0.0318 
299.0000 4.8234 0.0418 4.0000 0.0213 
300.0000 4.8270 0.1566 7.0000 0.0291 
301.0000 4.8284 0.1817 11.0000 0.0267 
302.0000 4.8158 0.1120 11.0000 0.0207 
304.0000 4.8246 0.0896 10.0000 0.0202 
304.0000 4.8246 0.0366 4.0000 0.0216 
305.0000 4.8298 0.1394 7.0000 0.0357 
306.0000 4.8341 0.1108 7.0000 0.0233 
307.0000 4.8286 0.1056 8.0000 0.0210 
308.0000 4.8321 0.1059 8.0000 0.0318 
310.0000 4.8438 0.1074 7.0000 0.0298 
310.0000 4.8438 0.0463 3.0000 0.0234 
311.0000 4.8307 0.1096 8.0000 0.0192 
312.0000 4.8312 0.1218 7.0000 0.0225 
313.0000 4.8340 0.1090 8.0000 0.0150 
314.0000 4.8367 0.1266 7.0000 0.0364 
315.0000 4.8432 0.1078 7.0000 0.0216 
316.0000 4.8503 0.0633 6.0000 0.0119 
318.0000 4.8343 0.1002 16.0000 0.0200 
318.0000 4.8343 0.1188 25.0000 0.0164 
319.0000 4.8260 0.0411 4.0000 0.0216 
320.0000 4.8316 0.1124 8.0000 0.0219 
321.0000 4.8358 0.1236 10.0000 0.0181 
322.0000 4.8261 0.1557 5.0000 0.0564 
324.0000 4.8337 0.1633 5.0000 0.0452 
324.0000 4.8337 0.1921 10.0000 0.0233 
325.0000 4.8392 0.1488 9.0000 0.0299 
326.0000 4.8354 0.1503 10.0000 0.0183 
327.0000 4.8358 0.1739 7.0000 0.0387 
328.0000 4.8193 0.1622 8.0000 0.0359 
329.0000 4.8219 0.1607 10.0000 0.0302 
330.0000 4.8119 0.1214 8.0000 0.0190 
331.0000 4.8055 0.1431 5.0000 0.0483 
332.0000 4.8109 0.1180 7.0000 0.0234 
333.0000 4.8177 0.1249 5.0000 0.0338 
334.0000 4.8224 0.1264 5.0000 0.0348 
335.0000 4.8278 0.1228 6.0000 0.0302 
336.0000 4.8359 0.1217 7.0000 0.0265 
337.0000 4.8426 0.1391 8.0000 0.0251 
338.0000 4.8487 0.1527 6.0000 0.0364 
339.0000 4.8491 0.1769 11.0000 0.0256 
340.0000 4.8564 0.1536 4.0000 0.0680 
341.0000 4.8610 0.1254 6.0000 0.0263 
342.0000 4.8580 0.1636 9.0000 0.0332 
343.0000 4.8584 0.1545 9.0000 0.0275 
344.0000 4.8546 0.0812 9.0000 0.0147 
345.0000 4.8585 0.1296 8.0000 0.0202 
346.0000 4.8338 0.1249 8.0000 0.0242 
348.0000 4.8454 0.1441 6.0000 0.0314 
348.0000 4.8454 0.1506 8.0000 0.0352 
349.0000 4.8479 0.1157 8.0000 0.0198 
350.0000 4.8523 0.1097 9.0000 0.0172 
351.0000 4.8575 0.0986 6.0000 0.0271 
358.0000 4.8894 0.1461 9.0000 0.0216 
358.0000 4.8894 0.1476 11.0000 0.0198 
358.0000 4.8894 0.1119 10.0000 0.0178 
358.0000 4.8894 0.1516 8.0000 0.0253 
358.0000 4.8894 0.1519 8.0000 0.0292 
358.0000 4.8894 0.1538 9.0000 0.0235 
358.0000 4.8894 0.1547 12.0000 0.0296 
359.0000 4.8957 0.1444 7.0000 0.0276 
363.0000 4.9047 0.1654 8.0000 0.0373 
363.0000 4.9047 0.1680 8.0000 0.0305 
363.0000 4.9047 0.1594 6.0000 0.0386 
363.0000 4.9047 0.1524 6.0000 0.0280 
364.0000 4.9076 0.1586 8.0000 0.0254 
365.0000 4.8915 0.1588 9.0000 0.0272 
366.0000 4.8885 0.1588 6.0000 0.0510 
367.0000 4.8868 0.1653 6.0000 0.0329 
368.0000 4.8884 0.1581 7.0000 0.0257 
369.0000 4.8874 0.1692 8.0000 0.0271 
370.0000 4.8838 0.1473 6.0000 0.0352 
371.0000 4.8681 0.1625 9.0000 0.0302 
372.0000 4.8494 0.1440 5.0000 0.0361 
374.0000 4.8666 0.1485 5.0000 0.0337 
374.0000 4.8666 0.0929 7.0000 0.0234 
375.0000 4.8550 0.0963 9.0000 0.0178 
376.0000 4.8598 0.0850 8.0000 0.0243 
377.0000 4.8645 0.1130 8.0000 0.0219 
378.0000 4.8699 0.0693 7.0000 0.0222 
379.0000 4.8658 0.1238 6.0000 0.0336 
380.0000 4.8681 0.1276 8.0000 0.0184 
381.0000 4.8578 0.1301 7.0000 0.0211 
382.0000 4.8631 0.1178 6.0000 0.0303 
383.0000 4.8684 0.1379 7.0000 0.0297 
384.0000 4.8725 0.1304 6.0000 0.0316 
385.0000 4.8753 0.1060 6.0000 0.0192 
386.0000 4.8799 0.1412 7.0000 0.0291 
387.0000 4.8839 0.1106 8.0000 0.0181 
388.0000 4.8879 0.1147 8.0000 0.0181 
389.0000 4.8925 0.1491 7.0000 0.0400 
390.0000 4.8921 0.1308 7.0000 0.0243 
391.0000 4.8967 0.1091 9.0000 0.0154 
393.0000 4.9119 0.0479 4.0000 0.0238 
393.0000 4.9119 0.0397 5.0000 0.0120 
394.0000 4.9109 0.0823 8.0000 0.0204 
395.0000 4.9160 0.1033 7.0000 0.0233 
397.0000 4.9298 0.0968 5.0000 0.0324 
397.0000 4.9298 0.0917 6.0000 0.0363 
399.0000 4.9363 0.1426 13.0000 0.0136 
399.0000 4.9363 0.1581 6.0000 0.0383 
400.0000 4.9450 0.0994 4.0000 0.0209 
401.0000 4.9506 0.1263 9.0000 0.0174 
404.0000 4.9473 0.1534 8.0000 0.0304 
404.0000 4.9473 0.1594 14.0000 0.0144 
404.0000 4.9473 0.1584 10.0000 0.0363 
405.0000 4.9505 0.1275 8.0000 0.0223 
407.0000 4.9646 0.1381 7.0000 0.0287 
407.0000 4.9646 0.0307 4.0000 0.0113 
409.0000 4.9799 0.1092 7.0000 0.0198 
409.0000 4.9799 0.0350 4.0000 0.0209 
410.0000 4.9715 0.0998 13.0000 0.0165 
411.0000 4.9632 0.0417 4.0000 0.0221 
415.0000 4.9713 0.0348 11.0000 0.0248 
415.0000 4.9713 0.1751 9.0000 0.0293 
415.0000 4.9713 0.1975 18.0000 0.0125 
415.0000 4.9713 0.1832 7.0000 0.0452 
422.0000 5.0065 0.1533 8.0000 0.0247 
422.0000 5.0065 0.1561 8.0000 0.0221 
422.0000 5.0065 0.1461 9.0000 0.0274 
422.0000 5.0065 0.1484 16.0000 0.0131 
422.0000 5.0065 0.1662 12.0000 0.0176 
422.0000 5.0065 0.1347 12.0000 0.0153 
422.0000 5.0065 0.1003 7.0000 0.0283 
423.0000 5.0065 0.1371 8.0000 0.0404 
424.0000 5.0012 0.1399 7.0000 0.0302 
425.0000 5.0059 0.1205 7.0000 0.0235 
426.0000 5.0059 0.1271 5.0000 0.0394 
427.0000 5.0088 0.1481 7.0000 0.0293 
428.0000 5.0023 0.1699 9.0000 0.0247 
429.0000 5.0070 0.1395 8.0000 0.0281 
431.0000 5.0093 0.1354 6.0000 0.0271 
431.0000 5.0093 0.0900 4.0000 0.0384 
432.0000 5.0104 0.1255 10.0000 0.0207 
433.0000 5.0139 0.1624 9.0000 0.0347 
434.0000 5.0173 0.1741 9.0000 0.0259 
435.0000 4.9897 0.1474 10.0000 0.0247 
436.0000 4.9937 0.1042 7.0000 0.0196 
437.0000 4.9966 0.1063 7.0000 0.0211 
438.0000 4.9994 0.1416 9.0000 0.0263 
439.0000 5.0034 0.1637 5.0000 0.0365 
440.0000 5.0108 0.0525 3.0000 0.0284 
441.0000 5.0154 0.1366 7.0000 0.0378 
443.0000 5.0267 0.1271 5.0000 0.0347 
443.0000 5.0267 0.1468 7.0000 0.0324 
444.0000 5.0306 0.1540 9.0000 0.0268 
446.0000 5.0418 0.1091 6.0000 0.0299 
446.0000 5.0418 0.1108 7.0000 0.0222 
447.0000 5.0084 0.1032 8.0000 0.0138 
448.0000 5.0112 0.0559 6.0000 0.0200 
449.0000 5.0156 0.1152 6.0000 0.0234 
450.0000 5.0156 0.1377 8.0000 0.0301 
451.0000 5.0156 0.1485 7.0000 0.0450 
452.0000 5.0205 0.1376 6.0000 0.0395 
453.0000 5.0222 0.1519 8.0000 0.0318 
454.0000 5.0238 0.1060 4.0000 0.0396 
456.0000 5.0331 0.1011 9.0000 0.0176 
456.0000 5.0331 0.1238 5.0000 0.0460 
457.0000 5.0364 0.2026 10.0000 0.0459 
458.0000 5.0363 0.1498 14.0000 0.0174 
459.0000 5.0373 0.1414 9.0000 0.0427 
466.0000 5.0586 0.1547 10.0000 0.0292 
466.0000 5.0586 0.1437 9.0000 0.0287 
466.0000 5.0586 0.1348 11.0000 0.0358 
466.0000 5.0586 0.1538 21.0000 0.0333 
466.0000 5.0586 0.1004 11.0000 0.0284 
466.0000 5.0586 0.1477 15.0000 0.0576 
466.0000 5.0586 0.1522 7.0000 0.0405 
467.0000 5.0607 0.1091 13.0000 0.0095 
468.0000 5.0524 0.1411 10.0000 0.0188 
469.0000 5.0522 0.1454 9.0000 0.0222 
470.0000 5.0549 0.1491 8.0000 0.0311 
471.0000 5.0531 0.1395 10.0000 0.0200 
472.0000 5.0514 0.0902 6.0000 0.0248 
473.0000 5.0550 0.1480 6.0000 0.0346 
476.0000 5.0779 0.1785 7.0000 0.0419 
476.0000 5.0779 0.1315 6.0000 0.0360 
476.0000 5.0779 0.0117 3.0000 0.0057 
477.0000 5.0815 0.1678 9.0000 0.0269 
482.0000 5.0984 0.1642 8.0000 0.0312 
482.0000 5.0984 0.1497 12.0000 0.0492 
482.0000 5.0984 0.1713 18.0000 0.0136 
482.0000 5.0984 0.1918 14.0000 0.0291 
482.0000 5.0984 0.1381 4.0000 0.0554 
483.0000 5.0890 0.1338 10.0000 0.0332 
484.0000 5.0931 0.1616 9.0000 0.0268 
485.0000 5.0935 0.1483 13.0000 0.0372 
486.0000 5.0981 0.1574 6.0000 0.0461 
487.0000 5.1011 0.1652 12.0000 0.0271 
488.0000 5.1046 0.1232 9.0000 0.0252 
489.0000 5.1076 0.1493 6.0000 0.0457 
492.0000 5.1122 0.1523 8.0000 0.0296 
492.0000 5.1122 0.1213 7.0000 0.0209 
492.0000 5.1122 0.1534 8.0000 0.0228 
493.0000 5.1083 0.0806 4.0000 0.0195 
494.0000 5.1112 0.1095 9.0000 0.0208 
495.0000 5.1121 0.1483 8.0000 0.0341 
496.0000 5.1145 0.1497 8.0000 0.0268 
497.0000 5.1142 0.0912 8.0000 0.0233 
498.0000 5.1124 0.0688 8.0000 0.0130 
499.0000 5.1132 0.1349 10.0000 0.0193 
500.0000 5.1140 0.0991 8.0000 0.0171 
501.0000 5.1175 0.1435 9.0000 0.0219 
502.0000 5.1177 0.0991 6.0000 0.0204 
503.0000 5.1206 0.1156 9.0000 0.0216 
504.0000 5.1162 0.1146 12.0000 0.0272 
505.0000 5.1124 0.1465 10.0000 0.0182 
506.0000 5.1137 0.1482 7.0000 0.0327 
507.0000 5.1140 0.1221 9.0000 0.0147 
508.0000 5.1179 0.0512 8.0000 0.0092 
509.0000 5.1212 0.0311 9.0000 0.0195 
510.0000 5.1184 0.1271 9.0000 0.0164 
511.0000 5.1120 0.1485 10.0000 0.0245 
512.0000 5.1103 0.1173 12.0000 0.0199 
513.0000 5.1121 0.1291 7.0000 0.0292 
514.0000 5.1068 0.1339 9.0000 0.0182 
520.0000 5.1237 0.1476 6.0000 0.0382 
520.0000 5.1237 0.1360 9.0000 0.0387 
520.0000 5.1237 0.1390 15.0000 0.0105 
520.0000 5.1237 0.1347 13.0000 0.0172 
520.0000 5.1237 0.1326 16.0000 0.0247 
520.0000 5.1237 0.1486 10.0000 0.0335 
521.0000 5.1274 0.1375 8.0000 0.0192 
522.0000 5.1302 0.0646 7.0000 0.0185 
523.0000 5.1310 0.1356 7.0000 0.0360 
524.0000 5.1352 0.1462 7.0000 0.0241 
526.0000 5.1473 0.1109 4.0000 0.0333 
526.0000 5.1473 0.1305 9.0000 0.0209 
527.0000 5.1500 0.1200 8.0000 0.0219 
528.0000 5.1427 0.0942 7.0000 0.0283 
529.0000 5.1459 0.1410 6.0000 0.0453 
530.0000 5.1471 0.1474 8.0000 0.0274 
531.0000 5.1493 0.1606 9.0000 0.0222 
532.0000 5.1510 0.1427 9.0000 0.0233 
533.0000 5.1532 0.1267 9.0000 0.0191 
534.0000 5.1376 0.1150 5.0000 0.0294 
535.0000 5.1398 0.1517 7.0000 0.0316 
536.0000 5.1371 0.1337 7.0000 0.0240 
537.0000 5.1412 0.1259 5.0000 0.0268 
538.0000 5.1385 0.1011 5.0000 0.0231 
539.0000 5.1417 0.1159 8.0000 0.0238 
540.0000 5.1453 0.1183 8.0000 0.0190 
541.0000 5.1480 0.1437 7.0000 0.0350 
542.0000 5.1492 0.1024 8.0000 0.0175 
543.0000 5.1479 0.1366 7.0000 0.0353 
544.0000 5.1505 0.1305 8.0000 0.0249 
545.0000 5.1522 0.1176 7.0000 0.0265 
546.0000 5.1568 0.0872 4.0000 0.0216 
547.0000 5.1609 0.1343 7.0000 0.0279 
548.0000 5.1645 0.1096 8.0000 0.0161 
549.0000 5.1544 0.1597 9.0000 0.0217 
550.0000 5.1532 0.1246 14.0000 0.0245 
551.0000 5.1568 0.1195 7.0000 0.0321 
553.0000 5.1552 0.1149 10.0000 0.0167 
553.0000 5.1552 0.1185 9.0000 0.0198 
554.0000 5.1477 0.1274 11.0000 0.0207 
555.0000 5.1494 0.1338 6.0000 0.0297 
556.0000 5.1420 0.1308 7.0000 0.0236 
557.0000 5.1450 0.1077 7.0000 0.0259 
558.0000 5.1467 0.0796 7.0000 0.0169 
559.0000 5.1488 0.1282 9.0000 0.0240 
560.0000 5.1499 0.1107 6.0000 0.0230 
561.0000 5.1515 0.1120 7.0000 0.0282 
562.0000 5.1475 0.1267 11.0000 0.0139 
563.0000 5.1463 0.0589 6.0000 0.0141 
564.0000 5.1483 0.1160 9.0000 0.0233 
565.0000 5.1504 0.0916 9.0000 0.0140 
566.0000 5.1343 0.1042 5.0000 0.0264 