
3.0000 1.4286 0.0426 11.0000 0.0092 
3.0000 1.4286 0.0541 7.0000 0.0156 
3.0000 1.4286 0.0146 4.0000 0.0066 
4.0000 1.5936 0.0863 5.0000 0.0152 
5.0000 1.6393 0.1062 9.0000 0.0186 
7.0000 1.7677 0.0668 7.0000 0.0154 
7.0000 1.7677 0.0225 5.0000 0.0096 
8.0000 1.8824 0.0633 7.0000 0.0138 
9.0000 2.0737 0.0712 4.0000 0.0202 
10.0000 2.2272 0.0866 8.0000 0.0178 
11.0000 2.2917 0.0658 8.0000 0.0170 
12.0000 2.4291 0.0697 7.0000 0.0161 
14.0000 2.6415 0.0863 5.0000 0.0231 
14.0000 2.6415 0.0881 10.0000 0.0232 
15.0000 2.6738 0.0806 7.0000 0.0166 
16.0000 2.7444 0.0744 7.0000 0.0143 
17.0000 2.7157 0.0679 7.0000 0.0213 
18.0000 2.7273 0.1077 7.0000 0.0189 
19.0000 2.7143 0.0507 10.0000 0.0186 
21.0000 2.8494 0.0353 8.0000 0.0364 
21.0000 2.8494 0.0679 10.0000 0.0130 
22.0000 2.6797 0.0856 8.0000 0.0115 
23.0000 2.7545 0.0490 8.0000 0.0115 
24.0000 2.7714 0.0661 7.0000 0.0183 
25.0000 2.7533 0.0802 8.0000 0.0200 
26.0000 2.8261 0.0533 7.0000 0.0156 
28.0000 2.9443 0.0804 8.0000 0.0195 
28.0000 2.9443 0.0345 4.0000 0.0122 
29.0000 2.8320 0.0252 7.0000 0.0159 
30.0000 2.8011 0.0790 11.0000 0.0225 
31.0000 2.8388 0.0441 9.0000 0.0091 
32.0000 2.8933 0.0558 8.0000 0.0136 
33.0000 2.9204 0.0588 8.0000 0.0090 
34.0000 2.8644 0.0882 10.0000 0.0094 
35.0000 2.9022 0.0694 11.0000 0.0114 
36.0000 2.8777 0.0503 8.0000 0.0131 
37.0000 2.7925 0.0733 9.0000 0.0117 
38.0000 2.7616 0.0651 8.0000 0.0225 
39.0000 2.8017 0.0116 8.0000 0.0187 
40.0000 2.8551 0.0731 4.0000 0.0246 
56.0000 3.6106 0.1695 9.0000 0.0280 
56.0000 3.6106 0.1850 7.0000 0.0348 
56.0000 3.6106 0.1264 6.0000 0.0301 
56.0000 3.6106 0.1218 11.0000 0.0313 
56.0000 3.6106 0.1568 7.0000 0.0408 
56.0000 3.6106 0.1334 6.0000 0.0384 
56.0000 3.6106 0.0387 7.0000 0.0064 
56.0000 3.6106 0.1195 7.0000 0.0263 
56.0000 3.6106 0.0653 7.0000 0.0110 
56.0000 3.6106 0.1068 6.0000 0.0349 
56.0000 3.6106 0.1316 13.0000 0.0262 
56.0000 3.6106 0.1185 12.0000 0.0158 
56.0000 3.6106 0.0894 10.0000 0.0118 
56.0000 3.6106 0.0803 8.0000 0.0232 
56.0000 3.6106 0.0832 16.0000 0.0107 
56.0000 3.6106 0.1254 8.0000 0.0196 
57.0000 3.6492 0.1162 9.0000 0.0211 
59.0000 3.7295 0.1264 6.0000 0.0303 
59.0000 3.7295 0.1648 7.0000 0.0345 
60.0000 3.7406 0.0923 5.0000 0.0235 
61.0000 3.7724 0.1409 7.0000 0.0268 
62.0000 3.8013 0.1498 10.0000 0.0195 
63.0000 3.7679 0.1381 13.0000 0.0254 
67.0000 3.8886 0.1621 10.0000 0.0242 
67.0000 3.8886 0.1088 6.0000 0.0222 
67.0000 3.8886 0.0833 9.0000 0.0302 
67.0000 3.8886 0.1488 10.0000 0.0186 
68.0000 3.9329 0.0771 4.0000 0.0184 
75.0000 4.0562 0.1148 8.0000 0.0302 
75.0000 4.0562 0.1187 26.0000 0.0186 
75.0000 4.0562 0.1304 15.0000 0.0182 
75.0000 4.0562 0.1455 10.0000 0.0245 
75.0000 4.0562 0.1211 25.0000 0.0086 
75.0000 4.0562 0.1054 9.0000 0.0180 
75.0000 4.0562 0.0883 17.0000 0.0221 
76.0000 4.0860 0.0621 9.0000 0.0086 
77.0000 4.0462 0.0625 8.0000 0.0161 
78.0000 4.0394 0.0801 7.0000 0.0160 
79.0000 3.9500 0.0927 9.0000 0.0165 
80.0000 3.9801 0.1100 7.0000 0.0169 
81.0000 4.0040 0.0736 7.0000 0.0142 
82.0000 4.0414 0.0410 3.0000 0.0110 
83.0000 4.0726 0.0593 6.0000 0.0174 
84.0000 4.0816 0.0552 6.0000 0.0170 
86.0000 4.1109 0.0737 7.0000 0.0276 
86.0000 4.1109 0.0299 4.0000 0.0160 
87.0000 4.1389 0.0643 7.0000 0.0119 
88.0000 4.0873 0.0352 11.0000 0.0136 
89.0000 4.1090 0.0793 4.0000 0.0251 
90.0000 4.1303 0.1192 9.0000 0.0194 
91.0000 4.1553 0.1089 7.0000 0.0194 
92.0000 4.1856 0.0565 5.0000 0.0154 
93.0000 4.0558 0.1214 9.0000 0.0151 
94.0000 4.0361 0.1118 10.0000 0.0187 
95.0000 4.0616 0.0979 4.0000 0.0500 
96.0000 4.0489 0.0864 7.0000 0.0233 
97.0000 4.0688 0.1208 8.0000 0.0233 
98.0000 4.0765 0.1187 9.0000 0.0204 
99.0000 4.0791 0.0495 8.0000 0.0195 
100.0000 4.0933 0.0589 5.0000 0.0266 
101.0000 4.1090 0.1084 10.0000 0.0147 
102.0000 4.1296 0.0668 7.0000 0.0220 
103.0000 4.1151 0.1032 5.0000 0.0191 
104.0000 4.1335 0.1099 8.0000 0.0220 
105.0000 4.1502 0.0607 6.0000 0.0169 
106.0000 4.1683 0.1188 7.0000 0.0233 
112.0000 4.2781 0.1151 10.0000 0.0181 
112.0000 4.2781 0.1379 9.0000 0.0240 
112.0000 4.2781 0.1209 10.0000 0.0159 
112.0000 4.2781 0.1143 11.0000 0.0196 
112.0000 4.2781 0.1186 17.0000 0.0143 
112.0000 4.2781 0.1457 11.0000 0.0195 
113.0000 4.2577 0.0752 7.0000 0.0196 
114.0000 4.2793 0.0603 6.0000 0.0179 
115.0000 4.2991 0.0549 5.0000 0.0202 
116.0000 4.3139 0.1056 7.0000 0.0195 
117.0000 4.2920 0.0708 7.0000 0.0278 
118.0000 4.2878 0.0655 5.0000 0.0139 
119.0000 4.2515 0.0871 9.0000 0.0134 
120.0000 4.2448 0.1005 7.0000 0.0154 
121.0000 3.7461 0.0352 7.0000 0.0256 
122.0000 3.7608 0.0547 8.0000 0.0196 
123.0000 3.7603 0.0506 8.0000 0.0111 
124.0000 3.7508 0.0958 8.0000 0.0140 
125.0000 3.7662 0.0595 6.0000 0.0160 
126.0000 3.7781 0.0408 7.0000 0.0295 
127.0000 3.7831 0.1195 7.0000 0.0234 
128.0000 3.7993 0.1040 6.0000 0.0235 
129.0000 3.8098 0.1279 10.0000 0.0204 
136.0000 3.9238 0.1481 8.0000 0.0330 
136.0000 3.9238 0.1533 7.0000 0.0325 
136.0000 3.9238 0.1210 7.0000 0.0214 
136.0000 3.9238 0.0983 12.0000 0.0096 
136.0000 3.9238 0.1369 9.0000 0.0222 
136.0000 3.9238 0.0149 9.0000 0.0020 
136.0000 3.9238 0.1178 10.0000 0.0143 
137.0000 3.9244 0.0800 5.0000 0.0316 
138.0000 3.9395 0.0902 6.0000 0.0129 
139.0000 3.9455 0.1107 8.0000 0.0168 
140.0000 3.9526 0.0860 6.0000 0.0170 
141.0000 3.9651 0.0606 9.0000 0.0137 
142.0000 3.9118 0.0800 14.0000 0.0128 
144.0000 3.8835 0.0339 3.0000 0.0192 
144.0000 3.8835 0.0395 4.0000 0.0155 
145.0000 3.8832 0.0606 7.0000 0.0116 
146.0000 3.8130 0.0634 9.0000 0.0207 
147.0000 3.8152 0.0491 6.0000 0.0242 
148.0000 3.8105 0.1026 8.0000 0.0195 
149.0000 3.8068 0.0513 6.0000 0.0133 
150.0000 3.8013 0.0500 8.0000 0.0180 
151.0000 3.5748 0.0541 6.0000 0.0167 
152.0000 3.5489 0.0524 5.0000 0.0276 
153.0000 3.5205 0.0427 4.0000 0.0212 
154.0000 3.5016 0.0558 8.0000 0.0099 
155.0000 3.4284 0.0563 7.0000 0.0096 
156.0000 3.3906 0.0836 7.0000 0.0184 
157.0000 3.3369 0.0542 6.0000 0.0163 
158.0000 3.3482 0.0908 8.0000 0.0117 
159.0000 3.3615 0.0715 7.0000 0.0118 
160.0000 3.3727 0.0559 8.0000 0.0110 
161.0000 3.3465 0.0721 8.0000 0.0156 
162.0000 3.3547 0.0868 7.0000 0.0167 
163.0000 3.3491 0.0590 9.0000 0.0372 
165.0000 3.3286 0.0011 7.0000 0.0212 
165.0000 3.3286 0.0225 4.0000 0.0125 
166.0000 3.3134 0.0789 6.0000 0.0188 
168.0000 3.3439 0.0699 6.0000 0.0174 
168.0000 3.3439 0.0312 4.0000 0.0158 
169.0000 3.3053 0.0743 7.0000 0.0173 
170.0000 3.3132 0.0511 8.0000 0.0134 
171.0000 3.3095 0.1043 7.0000 0.0227 
172.0000 3.3185 0.0900 4.0000 0.0382 
173.0000 3.3110 0.0646 7.0000 0.0213 
174.0000 3.3212 0.0518 8.0000 0.0244 
175.0000 3.3333 0.0747 6.0000 0.0196 
177.0000 3.2352 0.0504 3.0000 0.0251 
177.0000 3.2352 0.0259 7.0000 0.0073 
178.0000 3.2049 0.0681 8.0000 0.0225 
179.0000 3.1856 0.0790 8.0000 0.0173 
180.0000 3.1938 0.0981 7.0000 0.0226 
181.0000 3.2035 0.0781 10.0000 0.0171 
182.0000 3.0847 0.0450 4.0000 0.0258 
184.0000 3.0764 0.0868 5.0000 0.0254 
184.0000 3.0764 0.0920 7.0000 0.0336 
185.0000 3.0813 0.1256 9.0000 0.0281 
187.0000 3.0762 0.0549 4.0000 0.0235 
187.0000 3.0762 0.0396 3.0000 0.0159 
188.0000 3.0445 0.0513 5.0000 0.0228 
189.0000 3.0533 0.0703 9.0000 0.0156 
191.0000 3.0516 0.0823 5.0000 0.0186 
191.0000 3.0516 0.0330 3.0000 0.0225 
192.0000 3.0578 0.1078 10.0000 0.0199 
193.0000 3.0664 0.0907 7.0000 0.0167 
194.0000 3.0662 0.0876 8.0000 0.0180 
196.0000 3.0553 0.0507 5.0000 0.0226 
196.0000 3.0553 0.0289 4.0000 0.0157 
198.0000 3.0312 0.0349 3.0000 0.0199 
198.0000 3.0312 0.0163 3.0000 0.0090 
200.0000 2.9700 0.0559 4.0000 0.0238 
200.0000 2.9700 0.0469 4.0000 0.0205 
202.0000 2.9864 0.1507 10.0000 0.0316 
202.0000 2.9864 0.0569 4.0000 0.0231 
204.0000 3.0106 0.0293 3.0000 0.0107 
204.0000 3.0106 0.0619 6.0000 0.0155 
205.0000 3.0067 0.0786 5.0000 0.0490 
206.0000 3.0020 0.0531 5.0000 0.0163 
207.0000 3.0105 0.0521 6.0000 0.0260 
208.0000 2.9474 0.0422 3.0000 0.0201 
209.0000 2.9474 0.0522 4.0000 0.0149 
214.0000 2.9918 0.1303 10.0000 0.0200 
214.0000 2.9918 0.1729 8.0000 0.0387 
214.0000 2.9918 0.1442 10.0000 0.0175 
214.0000 2.9918 0.1597 9.0000 0.0278 
214.0000 2.9918 0.1443 9.0000 0.0254 
215.0000 2.9610 0.0321 10.0000 0.0221 
216.0000 2.9715 0.0865 5.0000 0.0232 
217.0000 2.9804 0.0655 4.0000 0.0328 
218.0000 2.9904 0.0928 6.0000 0.0299 
219.0000 3.0008 0.0624 5.0000 0.0142 
220.0000 2.9948 0.1000 6.0000 0.0314 
221.0000 2.9999 0.0705 4.0000 0.0296 
222.0000 2.9863 0.0594 4.0000 0.0190 
224.0000 3.0067 0.0682 4.0000 0.0295 
224.0000 3.0067 0.0523 5.0000 0.0199 
225.0000 3.0137 0.1157 10.0000 0.0158 
226.0000 3.0069 0.0582 5.0000 0.0250 
227.0000 2.9442 0.0438 6.0000 0.0115 
228.0000 2.9015 0.0632 7.0000 0.0158 
229.0000 2.8621 0.0820 7.0000 0.0308 
230.0000 2.8703 0.0751 5.0000 0.0118 
231.0000 2.8764 0.1747 8.0000 0.0314 
232.0000 2.8841 0.0442 4.0000 0.0250 
234.0000 2.8946 0.0389 5.0000 0.0162 
234.0000 2.8946 0.0389 4.0000 0.0160 
235.0000 2.6962 0.0492 5.0000 0.0134 
236.0000 2.6928 0.0582 8.0000 0.0129 
237.0000 2.5223 0.0876 8.0000 0.0127 
239.0000 2.5399 0.0459 4.0000 0.0223 
239.0000 2.5399 0.0315 4.0000 0.0148 
240.0000 2.5464 0.1327 9.0000 0.0201 
241.0000 2.5411 0.0675 7.0000 0.0174 
242.0000 2.5229 0.0447 5.0000 0.0109 
243.0000 2.3029 0.0606 7.0000 0.0319 
244.0000 2.2689 0.0485 7.0000 0.0162 
245.0000 2.2469 0.0461 4.0000 0.0195 