
1.0000 2.5000 0.1401 5.0000 0.0401 
2.0000 1.3072 0.1473 7.0000 0.0343 
3.0000 1.0169 0.1496 6.0000 0.0418 
4.0000 1.1461 0.2183 10.0000 0.0265 
5.0000 1.1086 0.2108 11.0000 0.0248 
6.0000 1.1385 0.1000 8.0000 0.0184 
7.0000 1.0938 0.1428 5.0000 0.0348 
8.0000 1.0256 0.1624 8.0000 0.0395 
9.0000 1.0405 0.1427 6.0000 0.0482 
10.0000 0.9737 0.1267 8.0000 0.0231 
11.0000 0.9354 0.1877 11.0000 0.0241 
12.0000 0.8982 0.1454 6.0000 0.0287 
13.0000 0.8244 0.1038 5.0000 0.0262 
14.0000 0.4280 0.0942 6.0000 0.0168 
15.0000 0.4490 0.1547 7.0000 0.0329 
16.0000 0.4286 0.1585 9.0000 0.0251 
17.0000 0.4434 0.1494 9.0000 0.0206 
18.0000 0.4451 0.1819 12.0000 0.0196 
19.0000 0.4561 0.1735 8.0000 0.0326 
20.0000 0.4675 0.1703 10.0000 0.0236 
21.0000 0.4807 0.1704 7.0000 0.0474 
22.0000 0.4933 0.2161 11.0000 0.0252 
23.0000 0.5066 0.1886 10.0000 0.0256 
24.0000 0.5007 0.1597 8.0000 0.0265 
25.0000 0.4831 0.0596 4.0000 0.0270 
26.0000 0.4950 0.1919 10.0000 0.0260 
27.0000 0.4902 0.1103 6.0000 0.0346 
28.0000 0.5014 0.1399 8.0000 0.0248 
29.0000 0.5105 0.1495 8.0000 0.0251 
30.0000 0.5214 0.1412 10.0000 0.0214 
31.0000 0.5339 0.1489 7.0000 0.0314 
32.0000 0.5432 0.1443 7.0000 0.0306 
33.0000 0.5390 0.1131 8.0000 0.0208 
35.0000 0.5692 0.1900 8.0000 0.0516 
35.0000 0.5692 0.0421 4.0000 0.0215 
36.0000 0.5644 0.1935 10.0000 0.0305 
37.0000 0.5701 0.1326 8.0000 0.0228 
38.0000 0.5690 0.1930 8.0000 0.0335 
39.0000 0.5760 0.1386 9.0000 0.0209 
41.0000 0.5830 0.1151 6.0000 0.0296 
41.0000 0.5830 0.0408 4.0000 0.0225 
42.0000 0.5889 0.1213 8.0000 0.0254 
43.0000 0.5929 0.0684 4.0000 0.0196 
44.0000 0.5978 0.1434 8.0000 0.0264 
45.0000 0.5936 0.0763 8.0000 0.0165 
46.0000 0.5901 0.1190 9.0000 0.0180 
47.0000 0.5969 0.1341 9.0000 0.0169 
48.0000 0.5976 0.0585 3.0000 0.0451 
49.0000 0.6052 0.1009 5.0000 0.0278 
50.0000 0.6146 0.1592 9.0000 0.0236 
51.0000 0.5908 0.1231 8.0000 0.0234 
52.0000 0.5815 0.1312 7.0000 0.0279 
53.0000 0.5784 0.1744 9.0000 0.0255 
54.0000 0.5722 0.1565 9.0000 0.0216 
55.0000 0.5753 0.0409 4.0000 0.0069 
56.0000 0.5744 0.1234 10.0000 0.0166 
57.0000 0.5740 0.1760 15.0000 0.0206 
58.0000 0.5830 0.1484 11.0000 0.0268 
59.0000 0.5854 0.1118 9.0000 0.0113 
60.0000 0.5939 0.1417 9.0000 0.0292 
61.0000 0.5883 0.0645 4.0000 0.0157 
62.0000 0.5856 0.0871 4.0000 0.0198 
63.0000 0.5911 0.1531 11.0000 0.0218 
64.0000 0.5980 0.1997 7.0000 0.0396 
65.0000 0.6021 0.0706 5.0000 0.0169 
66.0000 0.6073 0.2114 11.0000 0.0296 
67.0000 0.6105 0.1888 10.0000 0.0242 
68.0000 0.6172 0.1405 7.0000 0.0276 
69.0000 0.6178 0.0580 4.0000 0.0225 
70.0000 0.6232 0.0843 6.0000 0.0229 
71.0000 0.6271 0.1479 8.0000 0.0266 
72.0000 0.6314 0.1354 9.0000 0.0205 
73.0000 0.6363 0.2117 11.0000 0.0311 
74.0000 0.6399 0.1964 11.0000 0.0247 
75.0000 0.6430 0.1369 8.0000 0.0264 
76.0000 0.6404 0.1544 8.0000 0.0283 
77.0000 0.6459 0.1684 12.0000 0.0211 
78.0000 0.6490 0.2131 11.0000 0.0206 
79.0000 0.6410 0.1998 12.0000 0.0270 
80.0000 0.6476 0.1556 8.0000 0.0272 
81.0000 0.6487 0.1202 9.0000 0.0199 
82.0000 0.6540 0.1641 11.0000 0.0194 
83.0000 0.6591 0.1467 9.0000 0.0271 
84.0000 0.6643 0.1473 8.0000 0.0306 
85.0000 0.6679 0.0665 5.0000 0.0191 
86.0000 0.6468 0.1279 8.0000 0.0239 
87.0000 0.6365 0.1646 9.0000 0.0253 
88.0000 0.6368 0.1667 11.0000 0.0225 
89.0000 0.6325 0.0578 5.0000 0.0160 
91.0000 0.6299 0.1433 8.0000 0.0277 
91.0000 0.6299 0.0252 4.0000 0.0124 
92.0000 0.6319 0.1178 9.0000 0.0196 
93.0000 0.6379 0.0486 5.0000 0.0187 
94.0000 0.6391 0.1747 11.0000 0.0208 
95.0000 0.6448 0.1471 10.0000 0.0224 
96.0000 0.6420 0.0870 5.0000 0.0252 
97.0000 0.6413 0.0865 6.0000 0.0157 
98.0000 0.6432 0.0857 7.0000 0.0216 
99.0000 0.6413 0.0583 5.0000 0.0167 
100.0000 0.6354 0.1137 10.0000 0.0118 
101.0000 0.6406 0.0774 9.0000 0.0111 
103.0000 0.6506 0.1207 5.0000 0.0316 
103.0000 0.6506 0.0400 5.0000 0.0158 
104.0000 0.6525 0.0821 8.0000 0.0146 
105.0000 0.6475 0.1747 11.0000 0.0288 
106.0000 0.6480 0.0776 7.0000 0.0153 
107.0000 0.6491 0.1363 9.0000 0.0191 
108.0000 0.6517 0.1613 8.0000 0.0260 
109.0000 0.6508 0.1197 12.0000 0.0197 
110.0000 0.6551 0.0834 7.0000 0.0295 
111.0000 0.6595 0.1089 11.0000 0.0176 
112.0000 0.6582 0.0598 5.0000 0.0158 
114.0000 0.6680 0.1169 8.0000 0.0159 
114.0000 0.6680 0.0205 3.0000 0.0102 
115.0000 0.6710 0.0547 7.0000 0.0161 
116.0000 0.6723 0.1403 12.0000 0.0147 
117.0000 0.6747 0.1323 9.0000 0.0196 
118.0000 0.6778 0.1485 8.0000 0.0258 
119.0000 0.6811 0.1248 7.0000 0.0238 
120.0000 0.6821 0.1127 9.0000 0.0176 
121.0000 0.6812 0.0546 4.0000 0.0183 
122.0000 0.6841 0.1635 9.0000 0.0293 
123.0000 0.6874 0.1574 9.0000 0.0104 