
1.0000 1.6129 0.1931 9.0000 0.0288 
2.0000 1.4388 0.2346 10.0000 0.0421 
3.0000 1.8519 0.2139 12.0000 0.0305 
4.0000 1.6667 0.1700 10.0000 0.0213 
5.0000 1.7007 0.1532 13.0000 0.0182 
6.0000 1.4458 0.1755 9.0000 0.0248 
7.0000 1.5086 0.1385 8.0000 0.0263 
8.0000 1.5180 0.1430 9.0000 0.0203 
9.0000 1.2640 0.1231 6.0000 0.0219 
10.0000 1.1990 0.1822 9.0000 0.0277 
11.0000 1.0290 0.0466 3.0000 0.0131 
12.0000 1.0283 0.1261 7.0000 0.0293 
13.0000 0.9174 0.1508 10.0000 0.0230 
14.0000 0.9459 0.0757 4.0000 0.0292 
15.0000 0.9868 0.0574 3.0000 0.0146 
16.0000 1.0198 0.0867 5.0000 0.0237 
17.0000 1.0077 0.0879 5.0000 0.0355 
18.0000 1.0345 0.0803 4.0000 0.0301 
19.0000 1.0497 0.0929 5.0000 0.0266 
20.0000 1.0304 0.0852 4.0000 0.0131 
21.0000 1.0355 0.1542 9.0000 0.0202 
22.0000 0.9821 0.0999 7.0000 0.0198 
23.0000 0.9957 0.1438 10.0000 0.0135 
24.0000 1.0076 0.1989 10.0000 0.0266 
25.0000 0.9862 0.1653 9.0000 0.0271 
26.0000 0.9909 0.1377 10.0000 0.0294 
27.0000 1.0239 0.1234 6.0000 0.0326 
28.0000 1.0182 0.1588 9.0000 0.0227 
29.0000 1.0090 0.1314 9.0000 0.0265 
30.0000 0.9987 0.1591 9.0000 0.0300 
31.0000 0.9994 0.1302 8.0000 0.0311 
32.0000 0.9932 0.1422 8.0000 0.0232 
33.0000 1.0027 0.1676 9.0000 0.0269 
34.0000 0.9667 0.0491 5.0000 0.0227 
35.0000 0.9685 0.1311 8.0000 0.0209 
36.0000 0.9753 0.1825 8.0000 0.0412 
37.0000 0.9127 0.1001 8.0000 0.0222 
39.0000 0.9549 0.1525 12.0000 0.0257 
39.0000 0.9549 0.0179 3.0000 0.0053 
40.0000 0.9728 0.1351 12.0000 0.0273 
41.0000 0.9935 0.1653 7.0000 0.0382 
42.0000 1.0091 0.1531 8.0000 0.0234 
43.0000 1.0047 0.1180 9.0000 0.0249 
44.0000 0.9717 0.1597 8.0000 0.0297 
46.0000 1.0057 0.1554 7.0000 0.0389 
46.0000 1.0057 0.0241 5.0000 0.0107 
47.0000 1.0103 0.1389 10.0000 0.0180 
48.0000 1.0133 0.1909 9.0000 0.0313 
49.0000 1.0253 0.1703 10.0000 0.0224 
50.0000 1.0399 0.1999 12.0000 0.0209 
51.0000 1.0557 0.1452 9.0000 0.0213 
52.0000 1.0724 0.1832 13.0000 0.0193 
53.0000 1.0729 0.1212 6.0000 0.0250 
54.0000 1.0693 0.1128 8.0000 0.0213 
55.0000 1.0379 0.1555 8.0000 0.0268 
56.0000 1.0514 0.1922 11.0000 0.0257 
57.0000 1.0513 0.0424 4.0000 0.0184 
58.0000 1.0479 0.2070 16.0000 0.0192 
59.0000 1.0338 0.1328 8.0000 0.0292 
60.0000 0.9940 0.1866 8.0000 0.0321 
61.0000 0.9946 0.1856 10.0000 0.0277 
62.0000 0.9892 0.1080 7.0000 0.0225 
63.0000 0.9868 0.1630 11.0000 0.0244 
64.0000 0.9870 0.1500 9.0000 0.0254 
65.0000 0.9916 0.1993 9.0000 0.0387 
66.0000 0.9974 0.1499 8.0000 0.0292 
67.0000 1.0065 0.1163 11.0000 0.0097 
68.0000 1.0190 0.1596 11.0000 0.0231 
69.0000 1.0236 0.0997 6.0000 0.0180 
70.0000 1.0232 0.1424 7.0000 0.0275 
71.0000 1.0290 0.1613 9.0000 0.0293 
72.0000 1.0354 0.1991 10.0000 0.0261 
73.0000 1.0386 0.1373 7.0000 0.0343 
74.0000 1.0434 0.1577 10.0000 0.0233 
75.0000 1.0454 0.1184 7.0000 0.0292 
76.0000 1.0467 0.0980 6.0000 0.0247 
77.0000 1.0480 0.1381 7.0000 0.0333 
78.0000 1.0505 0.1118 5.0000 0.0331 
79.0000 1.0475 0.1476 10.0000 0.0233 
80.0000 1.0540 0.1861 11.0000 0.0222 
81.0000 1.0546 0.1560 9.0000 0.0389 
82.0000 1.0603 0.1117 7.0000 0.0235 
83.0000 1.0663 0.1759 13.0000 0.0112 
84.0000 1.0746 0.1695 10.0000 0.0262 
85.0000 1.0809 0.1833 14.0000 0.0205 
87.0000 1.1014 0.1850 9.0000 0.0305 
87.0000 1.1014 0.0418 3.0000 0.0222 
88.0000 1.1094 0.1586 9.0000 0.0347 
89.0000 1.1147 0.2100 11.0000 0.0248 
90.0000 1.1233 0.1273 14.0000 0.0074 
91.0000 1.1317 0.1375 15.0000 0.0284 
92.0000 1.1407 0.0908 8.0000 0.0222 
93.0000 1.1351 0.1554 12.0000 0.0163 
94.0000 1.1424 0.0755 11.0000 0.0169 
95.0000 1.1494 0.1158 8.0000 0.0186 
97.0000 1.1688 0.1545 10.0000 0.0348 
97.0000 1.1688 0.0362 3.0000 0.0202 
98.0000 1.1744 0.1417 10.0000 0.0242 
99.0000 1.1777 0.1278 9.0000 0.0246 
100.0000 1.1819 0.1518 10.0000 0.0182 
101.0000 1.1807 0.1664 9.0000 0.0273 
102.0000 1.1822 0.1523 9.0000 0.0283 
103.0000 1.1835 0.1660 10.0000 0.0243 
104.0000 1.1798 0.1129 8.0000 0.0194 
106.0000 1.1905 0.1775 7.0000 0.0374 
106.0000 1.1905 0.0450 4.0000 0.0201 
107.0000 1.1910 0.1425 10.0000 0.0210 
108.0000 1.1885 0.1241 10.0000 0.0182 
109.0000 1.1825 0.1662 9.0000 0.0249 
110.0000 1.1852 0.1207 10.0000 0.0135 
111.0000 1.1819 0.1211 9.0000 0.0167 
112.0000 1.1822 0.0873 8.0000 0.0191 
113.0000 1.1852 0.1545 8.0000 0.0271 
114.0000 1.1908 0.1589 7.0000 0.0336 
115.0000 1.1958 0.0593 5.0000 0.0160 
116.0000 1.1979 0.1306 10.0000 0.0168 
117.0000 1.1815 0.1909 14.0000 0.0203 
118.0000 1.1852 0.1060 8.0000 0.0165 
119.0000 1.1816 0.1659 12.0000 0.0199 
120.0000 1.1850 0.0642 4.0000 0.0229 
121.0000 1.1653 0.0493 4.0000 0.0098 
122.0000 1.1593 0.0761 8.0000 0.0140 
123.0000 1.1602 0.1196 6.0000 0.0340 
124.0000 1.1581 0.1682 10.0000 0.0266 
125.0000 1.1605 0.1620 9.0000 0.0233 
126.0000 1.1608 0.0657 6.0000 0.0142 
127.0000 1.1633 0.1484 14.0000 0.0295 
128.0000 1.1601 0.1538 7.0000 0.0326 
129.0000 1.1646 0.2337 13.0000 0.0325 
132.0000 1.1860 0.2016 12.0000 0.0247 
132.0000 1.1860 0.1414 13.0000 0.0222 
132.0000 1.1860 0.2026 20.0000 0.0283 
133.0000 1.1928 0.2094 10.0000 0.0390 
134.0000 1.1994 0.1051 9.0000 0.0165 
135.0000 1.2055 0.1236 7.0000 0.0240 
137.0000 1.2209 0.1422 8.0000 0.0273 
137.0000 1.2209 0.0437 5.0000 0.0167 
138.0000 1.2271 0.1865 11.0000 0.0207 
139.0000 1.2019 0.1753 11.0000 0.0282 
140.0000 1.2045 0.1727 8.0000 0.0274 
141.0000 1.2083 0.1224 10.0000 0.0154 
142.0000 1.2094 0.1641 11.0000 0.0171 
143.0000 1.2125 0.1803 10.0000 0.0330 
144.0000 1.2113 0.1477 7.0000 0.0328 
145.0000 1.2130 0.1750 12.0000 0.0216 
146.0000 1.2137 0.1480 7.0000 0.0424 
147.0000 1.2172 0.1699 8.0000 0.0285 
148.0000 1.2211 0.1732 11.0000 0.0230 
149.0000 1.2236 0.1813 11.0000 0.0264 
150.0000 1.2295 0.1554 12.0000 0.0174 
151.0000 1.2328 0.1685 10.0000 0.0229 
152.0000 1.2353 0.1632 10.0000 0.0269 
153.0000 1.2327 0.1775 9.0000 0.0248 
154.0000 1.2331 0.1265 9.0000 0.0219 
155.0000 1.2375 0.1329 11.0000 0.0354 
156.0000 1.1983 0.1201 7.0000 0.0367 
157.0000 1.2048 0.1473 8.0000 0.0227 
158.0000 1.2087 0.1666 8.0000 0.0342 
159.0000 1.2134 0.1457 12.0000 0.0172 
160.0000 1.2174 0.0948 10.0000 0.0160 
161.0000 1.2185 0.1847 10.0000 0.0289 
162.0000 1.2229 0.1665 10.0000 0.0235 
163.0000 1.2206 0.0925 13.0000 0.0185 
164.0000 1.2263 0.0756 7.0000 0.0103 
165.0000 1.2263 0.1545 10.0000 0.0096 
166.0000 1.2311 0.0467 5.0000 0.0107 
167.0000 1.2361 0.1459 10.0000 0.0226 
168.0000 1.2414 0.1878 12.0000 0.0211 
169.0000 1.2470 0.1636 11.0000 0.0158 
170.0000 1.2528 0.1032 10.0000 0.0331 
171.0000 1.2573 0.0592 10.0000 0.0168 
174.0000 1.2396 0.0903 9.0000 0.0232 
174.0000 1.2396 0.1293 22.0000 0.0176 
174.0000 1.2396 0.0942 23.0000 0.0213 
175.0000 1.2264 0.1047 8.0000 0.0287 
176.0000 1.2317 0.1125 9.0000 0.0162 
177.0000 1.2280 0.1300 9.0000 0.0262 
178.0000 1.2324 0.1532 10.0000 0.0216 
179.0000 1.2363 0.1255 9.0000 0.0200 
180.0000 1.2411 0.1069 15.0000 0.0110 
181.0000 1.2422 0.1332 10.0000 0.0241 
182.0000 1.2441 0.1363 11.0000 0.0060 
183.0000 1.2476 0.1157 13.0000 0.0128 
185.0000 1.2484 0.0972 7.0000 0.0240 
185.0000 1.2484 0.0228 3.0000 0.0215 
187.0000 1.2583 0.1182 7.0000 0.0255 
187.0000 1.2583 0.0416 5.0000 0.0160 
188.0000 1.2623 0.0756 7.0000 0.0088 
189.0000 1.2605 0.1008 7.0000 0.0276 
190.0000 1.2624 0.0764 7.0000 0.0193 
191.0000 1.2665 0.1345 9.0000 0.0316 
192.0000 1.2625 0.0980 8.0000 0.0162 
194.0000 1.2698 0.1069 8.0000 0.0164 
194.0000 1.2698 0.0134 4.0000 0.0073 
195.0000 1.2732 0.1432 10.0000 0.0241 
196.0000 1.2729 0.1448 10.0000 0.0302 
197.0000 1.2749 0.1538 10.0000 0.0205 
198.0000 1.2746 0.1061 7.0000 0.0278 
199.0000 1.2746 0.1295 8.0000 0.0215 
200.0000 1.2782 0.0831 14.0000 0.0105 
201.0000 1.2820 0.1242 19.0000 0.0120 
203.0000 1.2918 0.1087 10.0000 0.0148 
203.0000 1.2918 0.0219 3.0000 0.0189 
204.0000 1.2938 0.1542 9.0000 0.0229 
205.0000 1.2977 0.1337 9.0000 0.0242 
206.0000 1.3004 0.1088 14.0000 0.0197 
207.0000 1.3053 0.1562 12.0000 0.0171 
208.0000 1.3055 0.1781 8.0000 0.0315 
209.0000 1.3068 0.1704 12.0000 0.0180 
210.0000 1.3057 0.1469 7.0000 0.0256 
211.0000 1.3084 0.1149 11.0000 0.0181 
212.0000 1.3103 0.1772 10.0000 0.0214 
213.0000 1.3083 0.1638 7.0000 0.0271 
215.0000 1.3165 0.1730 8.0000 0.0281 
215.0000 1.3165 0.0398 4.0000 0.0189 
216.0000 1.3170 0.1426 9.0000 0.0238 
217.0000 1.3125 0.0909 6.0000 0.0175 
218.0000 1.3161 0.1588 9.0000 0.0235 
219.0000 1.3163 0.1671 10.0000 0.0209 
220.0000 1.3135 0.1570 11.0000 0.0199 
221.0000 1.3092 0.0784 5.0000 0.0226 
222.0000 1.3107 0.1147 9.0000 0.0189 
223.0000 1.3109 0.1543 10.0000 0.0242 
224.0000 1.3137 0.1845 9.0000 0.0278 
226.0000 1.3214 0.1723 10.0000 0.0251 
226.0000 1.3214 0.0552 4.0000 0.0294 
227.0000 1.3166 0.0883 7.0000 0.0194 
228.0000 1.3204 0.1053 10.0000 0.0183 
229.0000 1.3008 0.1044 8.0000 0.0173 
230.0000 1.3055 0.1414 9.0000 0.0327 
231.0000 1.3094 0.1575 12.0000 0.0098 
232.0000 1.3121 0.1387 16.0000 0.0127 
233.0000 1.3115 0.1386 11.0000 0.0314 
235.0000 1.3187 0.1018 26.0000 0.0075 
235.0000 1.3187 0.0979 13.0000 0.0131 
236.0000 1.3221 0.0869 12.0000 0.0116 
237.0000 1.3251 0.0545 12.0000 0.0116 
238.0000 1.3292 0.0499 7.0000 0.0283 