
1.0000 1.1236 0.1644 7.0000 0.0527 
2.0000 1.2048 0.1925 11.0000 0.0255 
3.0000 1.1952 0.2059 10.0000 0.0243 
4.0000 1.4388 0.2302 10.0000 0.0304 
5.0000 1.3850 0.1933 8.0000 0.0291 
6.0000 1.2959 0.2094 11.0000 0.0280 
7.0000 1.3308 0.1976 10.0000 0.0351 
8.0000 1.3008 0.1810 7.0000 0.0365 
9.0000 1.2676 0.1980 9.0000 0.0262 
10.0000 1.1274 0.2016 9.0000 0.0315 
11.0000 1.1828 0.1771 9.0000 0.0255 
12.0000 1.2257 0.1700 7.0000 0.0362 
13.0000 1.1628 0.2277 8.0000 0.0362 
14.0000 1.1676 0.2201 9.0000 0.0386 
15.0000 1.1655 0.1631 11.0000 0.0180 
16.0000 1.1687 0.1795 10.0000 0.0320 
17.0000 1.1417 0.1861 7.0000 0.0368 
18.0000 1.1364 0.1601 6.0000 0.0325 
19.0000 1.1480 0.2017 8.0000 0.0394 
20.0000 1.1614 0.2144 10.0000 0.0344 
21.0000 1.1725 0.1929 10.0000 0.0269 
22.0000 1.1777 0.1964 6.0000 0.0460 
23.0000 1.1759 0.2274 10.0000 0.0352 
24.0000 1.1970 0.2385 8.0000 0.0467 
25.0000 1.1916 0.2203 11.0000 0.0274 
26.0000 1.2004 0.2089 10.0000 0.0418 
27.0000 1.2146 0.2047 9.0000 0.0413 
28.0000 1.2232 0.1932 7.0000 0.0446 
29.0000 1.2063 0.2044 9.0000 0.0367 
30.0000 1.2097 0.1974 11.0000 0.0317 
31.0000 1.2234 0.1901 6.0000 0.0527 
32.0000 1.2195 0.1999 8.0000 0.0370 
33.0000 1.2309 0.2076 8.0000 0.0385 
34.0000 1.2368 0.2176 9.0000 0.0352 
35.0000 1.2456 0.1824 9.0000 0.0416 
36.0000 1.2278 0.2131 9.0000 0.0393 
37.0000 1.2305 0.2221 9.0000 0.0505 
38.0000 1.2451 0.1807 7.0000 0.0420 
39.0000 1.2456 0.2032 11.0000 0.0248 
40.0000 1.2642 0.2037 7.0000 0.0378 
41.0000 1.2573 0.2327 8.0000 0.0520 
43.0000 1.2897 0.1673 7.0000 0.0379 
43.0000 1.2897 0.2018 9.0000 0.0341 
44.0000 1.2798 0.2302 9.0000 0.0392 
45.0000 1.2806 0.2268 11.0000 0.0314 
46.0000 1.2892 0.2088 9.0000 0.0324 
47.0000 1.2898 0.1762 8.0000 0.0412 
48.0000 1.2959 0.2076 10.0000 0.0282 
49.0000 1.2878 0.2090 6.0000 0.0532 
50.0000 1.2940 0.1859 6.0000 0.0388 
51.0000 1.2889 0.2347 12.0000 0.0304 
52.0000 1.2910 0.2145 8.0000 0.0418 
53.0000 1.2946 0.2251 10.0000 0.0283 
54.0000 1.2990 0.2146 8.0000 0.0405 
55.0000 1.2978 0.1588 6.0000 0.0448 
56.0000 1.2990 0.2056 10.0000 0.0220 
57.0000 1.3011 0.2277 7.0000 0.0493 
58.0000 1.2990 0.2319 8.0000 0.0420 
59.0000 1.2993 0.2048 9.0000 0.0292 
60.0000 1.2934 0.2081 13.0000 0.0252 
61.0000 1.3026 0.2096 10.0000 0.0342 
62.0000 1.2995 0.2427 11.0000 0.0338 
63.0000 1.3049 0.2156 11.0000 0.0365 
64.0000 1.3035 0.2104 9.0000 0.0281 
65.0000 1.2984 0.2026 10.0000 0.0262 
66.0000 1.2964 0.2068 10.0000 0.0325 
67.0000 1.3122 0.1769 9.0000 0.0292 
68.0000 1.3125 0.1894 9.0000 0.0259 
69.0000 1.3234 0.1942 10.0000 0.0352 
70.0000 1.3255 0.2030 10.0000 0.0284 
71.0000 1.3296 0.2138 9.0000 0.0394 
72.0000 1.3390 0.2091 11.0000 0.0252 
73.0000 1.3412 0.1729 11.0000 0.0226 
74.0000 1.3377 0.1903 9.0000 0.0299 
75.0000 1.3463 0.1734 7.0000 0.0394 
77.0000 1.3583 0.1913 6.0000 0.0405 
77.0000 1.3583 0.1780 10.0000 0.0370 
78.0000 1.3701 0.2046 8.0000 0.0360 
79.0000 1.3663 0.2028 11.0000 0.0365 
80.0000 1.3666 0.2084 11.0000 0.0258 
81.0000 1.3657 0.1824 11.0000 0.0222 
82.0000 1.3667 0.1855 11.0000 0.0265 
83.0000 1.3701 0.1934 8.0000 0.0294 
84.0000 1.3732 0.2010 11.0000 0.0246 
85.0000 1.3767 0.2082 8.0000 0.0329 
86.0000 1.3824 0.1633 9.0000 0.0302 
87.0000 1.3820 0.1704 11.0000 0.0191 
88.0000 1.3830 0.1924 7.0000 0.0422 
89.0000 1.3895 0.2068 9.0000 0.0385 
90.0000 1.3887 0.2110 10.0000 0.0237 
91.0000 1.3957 0.1778 6.0000 0.0406 
92.0000 1.4003 0.1911 11.0000 0.0316 
93.0000 1.3970 0.1990 10.0000 0.0322 
94.0000 1.3965 0.2185 9.0000 0.0338 
95.0000 1.3960 0.2018 7.0000 0.0365 
96.0000 1.3953 0.1691 8.0000 0.0265 
97.0000 1.3939 0.1770 10.0000 0.0220 
98.0000 1.3982 0.1781 10.0000 0.0230 
99.0000 1.3963 0.2080 9.0000 0.0327 
100.0000 1.4043 0.1850 8.0000 0.0431 
101.0000 1.4051 0.2191 7.0000 0.0529 
102.0000 1.4065 0.2139 10.0000 0.0302 
103.0000 1.4061 0.1992 9.0000 0.0364 
104.0000 1.4081 0.2277 10.0000 0.0259 
105.0000 1.4058 0.2170 10.0000 0.0390 
106.0000 1.3979 0.1949 9.0000 0.0422 
107.0000 1.3981 0.2409 8.0000 0.0390 
108.0000 1.3943 0.1979 8.0000 0.0453 
109.0000 1.3928 0.2258 10.0000 0.0261 
110.0000 1.3965 0.2153 9.0000 0.0359 
111.0000 1.3948 0.1999 7.0000 0.0439 
112.0000 1.3967 0.2220 10.0000 0.0372 
113.0000 1.3933 0.1994 8.0000 0.0479 
114.0000 1.4003 0.1870 9.0000 0.0349 
115.0000 1.4004 0.2072 9.0000 0.0317 
116.0000 1.4011 0.1925 8.0000 0.0296 
117.0000 1.4074 0.2205 9.0000 0.0248 
118.0000 1.4091 0.1993 8.0000 0.0311 
119.0000 1.4048 0.1885 8.0000 0.0410 
120.0000 1.4085 0.2144 8.0000 0.0394 
121.0000 1.4140 0.2153 8.0000 0.0354 
122.0000 1.4151 0.2179 9.0000 0.0334 
123.0000 1.4169 0.2134 10.0000 0.0305 
124.0000 1.4186 0.1926 8.0000 0.0311 
125.0000 1.4151 0.2173 7.0000 0.0422 
126.0000 1.4175 0.2280 12.0000 0.0280 
127.0000 1.4158 0.1984 9.0000 0.0306 
129.0000 1.4253 0.1819 8.0000 0.0341 
129.0000 1.4253 0.1863 9.0000 0.0382 
130.0000 1.4290 0.1944 8.0000 0.0289 
131.0000 1.4276 0.2326 12.0000 0.0272 
132.0000 1.4267 0.2196 8.0000 0.0495 
133.0000 1.4293 0.2158 11.0000 0.0293 
134.0000 1.4319 0.2354 11.0000 0.0317 
135.0000 1.4342 0.1992 11.0000 0.0259 
136.0000 1.4370 0.1869 10.0000 0.0281 
137.0000 1.4380 0.2134 9.0000 0.0385 
138.0000 1.4411 0.2382 11.0000 0.0292 
139.0000 1.4427 0.2068 8.0000 0.0374 
140.0000 1.4400 0.2221 11.0000 0.0273 
141.0000 1.4425 0.1840 8.0000 0.0335 
142.0000 1.4435 0.1972 9.0000 0.0267 
143.0000 1.4410 0.2019 10.0000 0.0302 
144.0000 1.4426 0.1959 7.0000 0.0362 
145.0000 1.4454 0.2047 9.0000 0.0466 
146.0000 1.4457 0.2209 9.0000 0.0298 
147.0000 1.4491 0.1947 8.0000 0.0378 
148.0000 1.4487 0.1860 7.0000 0.0333 
149.0000 1.4490 0.2192 8.0000 0.0340 
150.0000 1.4511 0.1994 8.0000 0.0371 
151.0000 1.4519 0.1977 7.0000 0.0461 
152.0000 1.4518 0.1771 6.0000 0.0489 
153.0000 1.4472 0.1876 8.0000 0.0391 
154.0000 1.4501 0.1869 9.0000 0.0358 
155.0000 1.4508 0.2034 11.0000 0.0322 
156.0000 1.4505 0.1833 7.0000 0.0364 
157.0000 1.4495 0.2112 11.0000 0.0272 
158.0000 1.4474 0.1914 9.0000 0.0273 
159.0000 1.4460 0.1964 10.0000 0.0310 
160.0000 1.4443 0.1873 7.0000 0.0361 
161.0000 1.4449 0.1913 6.0000 0.0450 
162.0000 1.4466 0.2358 10.0000 0.0360 
163.0000 1.4458 0.2246 7.0000 0.0429 
164.0000 1.4461 0.1969 7.0000 0.0426 
165.0000 1.4479 0.1991 9.0000 0.0267 
166.0000 1.4503 0.2107 11.0000 0.0250 
167.0000 1.4480 0.2065 9.0000 0.0318 
168.0000 1.4510 0.2281 10.0000 0.0311 
169.0000 1.4492 0.2194 7.0000 0.0493 
170.0000 1.4510 0.2475 12.0000 0.0293 
171.0000 1.4519 0.2089 9.0000 0.0328 
172.0000 1.4541 0.1673 8.0000 0.0339 
173.0000 1.4500 0.2171 11.0000 0.0308 
174.0000 1.4507 0.2301 13.0000 0.0280 
175.0000 1.4523 0.1997 11.0000 0.0235 
176.0000 1.4542 0.1881 9.0000 0.0338 
177.0000 1.4557 0.2171 8.0000 0.0402 
178.0000 1.4547 0.2214 8.0000 0.0397 
179.0000 1.4565 0.1636 6.0000 0.0489 
180.0000 1.4573 0.2038 8.0000 0.0353 
181.0000 1.4584 0.1894 7.0000 0.0582 
182.0000 1.4592 0.1858 10.0000 0.0265 
183.0000 1.4593 0.2185 10.0000 0.0395 
184.0000 1.4583 0.2025 8.0000 0.0396 
185.0000 1.4604 0.2100 9.0000 0.0399 
187.0000 1.4660 0.1941 6.0000 0.0443 
187.0000 1.4660 0.1832 7.0000 0.0413 
188.0000 1.4630 0.1661 8.0000 0.0307 
189.0000 1.4628 0.2172 9.0000 0.0290 
190.0000 1.4631 0.1979 11.0000 0.0245 
192.0000 1.4707 0.1810 6.0000 0.0474 
192.0000 1.4707 0.0402 4.0000 0.0228 
193.0000 1.4729 0.2051 9.0000 0.0288 
194.0000 1.4713 0.2375 12.0000 0.0282 
195.0000 1.4721 0.2049 10.0000 0.0245 
196.0000 1.4708 0.2247 10.0000 0.0276 
197.0000 1.4704 0.2190 9.0000 0.0364 
198.0000 1.4717 0.1954 8.0000 0.0342 
199.0000 1.4729 0.1913 9.0000 0.0312 
200.0000 1.4737 0.1986 11.0000 0.0252 
201.0000 1.4780 0.2037 11.0000 0.0252 
202.0000 1.4793 0.1768 8.0000 0.0331 
203.0000 1.4825 0.1624 10.0000 0.0203 
204.0000 1.4815 0.1994 11.0000 0.0231 
205.0000 1.4772 0.1684 12.0000 0.0201 
206.0000 1.4773 0.2153 10.0000 0.0266 
207.0000 1.4773 0.1751 7.0000 0.0324 
208.0000 1.4790 0.1879 8.0000 0.0356 
209.0000 1.4784 0.1950 11.0000 0.0269 
210.0000 1.4793 0.2124 9.0000 0.0331 
211.0000 1.4773 0.1977 10.0000 0.0310 
212.0000 1.4778 0.2355 10.0000 0.0328 
213.0000 1.4804 0.2028 10.0000 0.0268 
214.0000 1.4782 0.2187 13.0000 0.0257 
215.0000 1.4798 0.1975 9.0000 0.0357 
216.0000 1.4772 0.1891 8.0000 0.0284 
217.0000 1.4793 0.2279 11.0000 0.0281 
218.0000 1.4804 0.2131 10.0000 0.0279 
219.0000 1.4819 0.2121 9.0000 0.0407 
220.0000 1.4843 0.1719 9.0000 0.0286 
221.0000 1.4863 0.1952 8.0000 0.0335 
222.0000 1.4868 0.1775 9.0000 0.0381 
223.0000 1.4881 0.1909 9.0000 0.0231 
224.0000 1.4888 0.1930 9.0000 0.0279 
225.0000 1.4861 0.1989 8.0000 0.0396 
226.0000 1.4841 0.2027 10.0000 0.0313 
227.0000 1.4817 0.1877 9.0000 0.0299 
228.0000 1.4838 0.1900 7.0000 0.0325 
229.0000 1.4830 0.2187 9.0000 0.0302 
230.0000 1.4827 0.1980 8.0000 0.0418 
231.0000 1.4831 0.1963 7.0000 0.0423 
232.0000 1.4821 0.2180 9.0000 0.0348 
233.0000 1.4803 0.1884 9.0000 0.0299 
234.0000 1.4800 0.2092 9.0000 0.0324 
235.0000 1.4812 0.1740 6.0000 0.0513 
236.0000 1.4792 0.1804 7.0000 0.0322 
237.0000 1.4724 0.1772 7.0000 0.0281 
238.0000 1.4707 0.2024 8.0000 0.0335 
239.0000 1.4692 0.2001 9.0000 0.0264 
240.0000 1.4690 0.1734 11.0000 0.0239 
241.0000 1.4693 0.1893 9.0000 0.0343 
242.0000 1.4631 0.1952 10.0000 0.0313 
243.0000 1.4633 0.1703 8.0000 0.0393 
244.0000 1.4629 0.1905 9.0000 0.0269 
245.0000 1.4638 0.2066 9.0000 0.0414 
246.0000 1.4643 0.1683 10.0000 0.0211 
247.0000 1.4651 0.1723 7.0000 0.0399 
248.0000 1.4654 0.2109 9.0000 0.0287 
250.0000 1.4665 0.1830 6.0000 0.0470 
250.0000 1.4665 0.0417 4.0000 0.0225 
251.0000 1.4666 0.1809 9.0000 0.0297 
252.0000 1.4677 0.1601 8.0000 0.0350 
253.0000 1.4668 0.1731 10.0000 0.0325 
254.0000 1.4685 0.1841 8.0000 0.0309 
255.0000 1.4704 0.1997 10.0000 0.0331 
256.0000 1.4704 0.1848 8.0000 0.0401 
257.0000 1.4697 0.1731 10.0000 0.0208 
258.0000 1.4702 0.1874 9.0000 0.0341 
259.0000 1.4659 0.2008 7.0000 0.0372 
260.0000 1.4674 0.2102 9.0000 0.0301 
261.0000 1.4663 0.1900 7.0000 0.0439 
262.0000 1.4657 0.2019 8.0000 0.0381 
263.0000 1.4653 0.2149 10.0000 0.0269 