
1.0000 0.8000 0.1744 8.0000 0.0284 
2.0000 1.0471 0.2024 13.0000 0.0231 
3.0000 1.2987 0.1910 9.0000 0.0265 
4.0000 1.3559 0.1809 11.0000 0.0283 
5.0000 1.2690 0.1908 9.0000 0.0297 
6.0000 1.1605 0.1464 8.0000 0.0216 
7.0000 1.1647 0.1898 9.0000 0.0323 
8.0000 1.1204 0.1721 9.0000 0.0244 
9.0000 1.1734 0.0804 7.0000 0.0474 
11.0000 1.1777 0.1487 6.0000 0.0377 
11.0000 1.1777 0.0351 5.0000 0.0147 
12.0000 1.0444 0.1866 11.0000 0.0270 
13.0000 1.0450 0.2073 8.0000 0.0358 
14.0000 1.0606 0.2008 11.0000 0.0277 
15.0000 1.0402 0.1800 11.0000 0.0267 
16.0000 1.0211 0.1983 8.0000 0.0486 
17.0000 1.0131 0.1576 9.0000 0.0223 
19.0000 1.0112 0.1362 7.0000 0.0261 
19.0000 1.0112 0.0493 4.0000 0.0263 
20.0000 0.9881 0.1567 11.0000 0.0246 
21.0000 0.9813 0.1789 9.0000 0.0268 
22.0000 0.9835 0.1820 12.0000 0.0227 
23.0000 0.9742 0.2016 11.0000 0.0258 
24.0000 0.9693 0.2178 13.0000 0.0240 
25.0000 0.9546 0.1697 12.0000 0.0097 
26.0000 0.9496 0.1776 7.0000 0.0351 
27.0000 0.9514 0.1786 11.0000 0.0266 
28.0000 0.9472 0.1894 12.0000 0.0205 
29.0000 0.9346 0.1051 6.0000 0.0189 
31.0000 0.9788 0.1651 8.0000 0.0283 
31.0000 0.9788 0.0323 4.0000 0.0110 
32.0000 0.9877 0.1629 11.0000 0.0213 
33.0000 0.9784 0.2155 9.0000 0.0392 
34.0000 0.9695 0.1646 9.0000 0.0355 
35.0000 0.9720 0.1504 9.0000 0.0365 
36.0000 0.9706 0.1654 10.0000 0.0306 
37.0000 0.9737 0.1831 8.0000 0.0363 
38.0000 0.9719 0.2107 9.0000 0.0388 
39.0000 0.9738 0.1859 10.0000 0.0304 
40.0000 0.9751 0.2143 9.0000 0.0289 
41.0000 0.9757 0.1873 9.0000 0.0305 
42.0000 0.9729 0.1944 8.0000 0.0281 
43.0000 0.9724 0.1184 14.0000 0.0428 
44.0000 0.9763 0.2075 7.0000 0.0322 
45.0000 0.9715 0.1787 8.0000 0.0293 
46.0000 0.9692 0.1668 10.0000 0.0191 
47.0000 0.9683 0.0509 3.0000 0.0125 
48.0000 0.9689 0.1832 13.0000 0.0216 
49.0000 0.9670 0.1756 11.0000 0.0230 
51.0000 0.9868 0.1630 7.0000 0.0385 
51.0000 0.9868 0.0627 3.0000 0.0390 
52.0000 0.9841 0.1360 8.0000 0.0229 
53.0000 0.9839 0.1771 10.0000 0.0218 
54.0000 0.9840 0.1744 10.0000 0.0319 
56.0000 0.9901 0.1840 10.0000 0.0288 
56.0000 0.9901 0.0291 4.0000 0.0153 
57.0000 0.9977 0.2168 10.0000 0.0285 
58.0000 1.0033 0.2116 10.0000 0.0243 
59.0000 1.0007 0.1883 8.0000 0.0387 
60.0000 1.0049 0.2218 11.0000 0.0298 
61.0000 1.0088 0.1526 11.0000 0.0177 
62.0000 1.0058 0.1532 12.0000 0.0257 
63.0000 1.0006 0.1552 7.0000 0.0303 
64.0000 1.0050 0.1618 8.0000 0.0303 
65.0000 1.0048 0.2099 12.0000 0.0304 
66.0000 1.0058 0.2044 9.0000 0.0305 
68.0000 1.0079 0.1916 10.0000 0.0234 
68.0000 1.0079 0.0426 3.0000 0.0185 
69.0000 1.0088 0.1879 9.0000 0.0276 
70.0000 1.0101 0.1466 9.0000 0.0207 
71.0000 1.0115 0.1670 9.0000 0.0260 
72.0000 1.0117 0.1638 8.0000 0.0296 
73.0000 1.0112 0.1209 6.0000 0.0279 
74.0000 1.0105 0.1391 10.0000 0.0160 
75.0000 1.0163 0.1297 8.0000 0.0261 
76.0000 1.0208 0.1665 10.0000 0.0244 
77.0000 1.0231 0.1368 8.0000 0.0248 
78.0000 1.0297 0.1319 8.0000 0.0274 
79.0000 1.0241 0.1618 9.0000 0.0266 
80.0000 1.0231 0.1498 9.0000 0.0233 
81.0000 1.0269 0.1400 11.0000 0.0191 
82.0000 1.0295 0.1292 8.0000 0.0272 
83.0000 1.0317 0.1856 9.0000 0.0342 
84.0000 1.0361 0.1458 7.0000 0.0286 
85.0000 1.0353 0.1616 9.0000 0.0268 
86.0000 1.0399 0.1487 9.0000 0.0289 
87.0000 1.0355 0.1535 8.0000 0.0294 
88.0000 1.0361 0.1408 10.0000 0.0169 
89.0000 1.0391 0.1581 8.0000 0.0252 
90.0000 1.0414 0.1604 12.0000 0.0166 
91.0000 1.0419 0.1352 9.0000 0.0205 
92.0000 1.0399 0.1538 8.0000 0.0334 
93.0000 1.0404 0.1385 9.0000 0.0201 
94.0000 1.0391 0.1605 8.0000 0.0260 
95.0000 1.0408 0.1424 10.0000 0.0175 
97.0000 1.0448 0.1056 4.0000 0.0466 
97.0000 1.0448 0.0365 5.0000 0.0176 
98.0000 1.0446 0.1767 8.0000 0.0252 
99.0000 1.0455 0.1658 9.0000 0.0224 
100.0000 1.0487 0.1269 8.0000 0.0242 
101.0000 1.0388 0.1615 9.0000 0.0308 
102.0000 1.0470 0.1445 6.0000 0.0291 
103.0000 1.0480 0.1879 10.0000 0.0238 
104.0000 1.0564 0.1502 11.0000 0.0309 
105.0000 1.0567 0.1581 11.0000 0.0082 
106.0000 1.0526 0.1531 8.0000 0.0262 
107.0000 1.0544 0.1516 8.0000 0.0285 
108.0000 1.0542 0.1609 7.0000 0.0364 
109.0000 1.0549 0.1564 10.0000 0.0211 
110.0000 1.0627 0.1670 11.0000 0.0227 
111.0000 1.0622 0.1666 10.0000 0.0220 
112.0000 1.0662 0.0784 3.0000 0.0230 
113.0000 1.0708 0.1525 8.0000 0.0286 
114.0000 1.0725 0.1788 8.0000 0.0290 
115.0000 1.0734 0.1550 9.0000 0.0277 
116.0000 1.0726 0.1493 8.0000 0.0167 
117.0000 1.0732 0.1121 9.0000 0.0101 
118.0000 1.0682 0.1457 8.0000 0.0335 
119.0000 1.0672 0.1743 8.0000 0.0350 
120.0000 1.0663 0.1555 10.0000 0.0227 
121.0000 1.0657 0.1552 8.0000 0.0323 
122.0000 1.0636 0.1592 8.0000 0.0326 
123.0000 1.0658 0.1997 9.0000 0.0324 
124.0000 1.0667 0.1880 10.0000 0.0217 
125.0000 1.0670 0.1965 10.0000 0.0294 
126.0000 1.0675 0.1709 11.0000 0.0260 
127.0000 1.0662 0.2101 8.0000 0.0459 
128.0000 1.0659 0.1596 8.0000 0.0297 
129.0000 1.0680 0.1796 8.0000 0.0363 
130.0000 1.0689 0.1492 10.0000 0.0308 
131.0000 1.0666 0.2193 10.0000 0.0321 
132.0000 1.0669 0.1943 8.0000 0.0377 
133.0000 1.0717 0.1868 9.0000 0.0307 
134.0000 1.0680 0.2063 8.0000 0.0381 
135.0000 1.0672 0.2197 11.0000 0.0303 
136.0000 1.0647 0.1725 8.0000 0.0233 
137.0000 1.0702 0.1751 9.0000 0.0313 
138.0000 1.0701 0.1531 7.0000 0.0232 
139.0000 1.0688 0.1664 9.0000 0.0293 
140.0000 1.0682 0.1718 10.0000 0.0257 
141.0000 1.0661 0.1501 11.0000 0.0197 
142.0000 1.0657 0.1673 8.0000 0.0314 
143.0000 1.0649 0.1362 9.0000 0.0310 
145.0000 1.0664 0.1574 8.0000 0.0237 
145.0000 1.0664 0.1374 10.0000 0.0313 
146.0000 1.0640 0.1311 11.0000 0.0297 
147.0000 1.0649 0.1428 8.0000 0.0295 
148.0000 1.0708 0.1317 12.0000 0.0225 
149.0000 1.0701 0.1579 8.0000 0.0334 
150.0000 1.0714 0.1576 12.0000 0.0183 
151.0000 1.0731 0.1752 10.0000 0.0285 
152.0000 1.0723 0.1606 8.0000 0.0279 
153.0000 1.0755 0.1864 9.0000 0.0364 
154.0000 1.0790 0.1294 9.0000 0.0293 
155.0000 1.0799 0.1568 9.0000 0.0222 
156.0000 1.0812 0.1641 9.0000 0.0266 
157.0000 1.0822 0.1575 10.0000 0.0220 
158.0000 1.0815 0.1116 10.0000 0.0243 
159.0000 1.0823 0.1314 9.0000 0.0199 
160.0000 1.0799 0.1313 11.0000 0.0189 
161.0000 1.0802 0.1546 10.0000 0.0224 
162.0000 1.0801 0.1088 9.0000 0.0175 
163.0000 1.0826 0.1651 9.0000 0.0264 
164.0000 1.0847 0.1636 9.0000 0.0245 
165.0000 1.0847 0.1375 9.0000 0.0205 
166.0000 1.0848 0.1492 8.0000 0.0258 
167.0000 1.0849 0.2107 10.0000 0.0289 
169.0000 1.0939 0.1773 7.0000 0.0388 
169.0000 1.0939 0.0335 3.0000 0.0113 
170.0000 1.0970 0.1596 8.0000 0.0277 
171.0000 1.0987 0.1619 11.0000 0.0191 
172.0000 1.0992 0.1472 8.0000 0.0211 
173.0000 1.0996 0.1768 7.0000 0.0286 
174.0000 1.1013 0.1862 10.0000 0.0242 
175.0000 1.1028 0.1350 6.0000 0.0425 
176.0000 1.0993 0.1892 12.0000 0.0214 
177.0000 1.0994 0.1861 11.0000 0.0218 
179.0000 1.1062 0.1610 9.0000 0.0269 
179.0000 1.1062 0.0349 3.0000 0.0205 
180.0000 1.1074 0.1596 9.0000 0.0241 
181.0000 1.1096 0.1504 9.0000 0.0202 
183.0000 1.1137 0.1144 6.0000 0.0236 
183.0000 1.1137 0.0353 4.0000 0.0287 
184.0000 1.1149 0.1423 9.0000 0.0093 
185.0000 1.1139 0.1640 10.0000 0.0224 
186.0000 1.1141 0.1843 8.0000 0.0404 
187.0000 1.1164 0.1617 11.0000 0.0199 
188.0000 1.1182 0.1654 10.0000 0.0272 
189.0000 1.1219 0.1363 8.0000 0.0248 
190.0000 1.1249 0.1862 10.0000 0.0267 
191.0000 1.1268 0.1319 9.0000 0.0194 
192.0000 1.1297 0.1804 9.0000 0.0279 
193.0000 1.1315 0.1472 7.0000 0.0281 
194.0000 1.1321 0.1398 8.0000 0.0202 
195.0000 1.1321 0.1496 8.0000 0.0275 
196.0000 1.1343 0.1790 10.0000 0.0252 
197.0000 1.1344 0.0982 7.0000 0.0149 
198.0000 1.1340 0.1679 7.0000 0.0333 
199.0000 1.1331 0.1705 8.0000 0.0378 
200.0000 1.1324 0.1320 7.0000 0.0369 
201.0000 1.1351 0.1317 11.0000 0.0147 
202.0000 1.1357 0.1244 7.0000 0.0276 
203.0000 1.1355 0.1669 10.0000 0.0235 
204.0000 1.1352 0.1488 9.0000 0.0206 