
1.0000 0.3155 0.0764 4.0000 0.0292 
2.0000 0.1003 0.1237 9.0000 0.0196 
4.0000 0.1561 0.1206 7.0000 0.0202 
4.0000 0.1561 0.1013 7.0000 0.0202 
5.0000 0.1442 0.1318 13.0000 0.0237 
6.0000 0.1722 0.0847 6.0000 0.0225 
8.0000 0.1046 0.0343 5.0000 0.0109 
8.0000 0.1046 0.0827 7.0000 0.0156 
9.0000 0.1173 0.1206 6.0000 0.0257 
10.0000 0.1299 0.1145 8.0000 0.0185 
11.0000 0.1403 0.1194 7.0000 0.0296 
12.0000 0.1319 0.0767 8.0000 0.0184 
13.0000 0.1418 0.1107 7.0000 0.0187 
14.0000 0.1483 0.0904 7.0000 0.0179 
15.0000 0.1394 0.1153 8.0000 0.0178 
16.0000 0.1433 0.1004 7.0000 0.0211 