
1.0000 0.3704 0.0241 7.0000 0.0199 
2.0000 0.1892 0.1146 9.0000 0.0174 
3.0000 0.2553 0.1201 10.0000 0.0173 
5.0000 0.2939 0.0622 7.0000 0.0155 
5.0000 0.2939 0.0331 5.0000 0.0094 
7.0000 0.3550 0.0807 6.0000 0.0547 
7.0000 0.3550 0.0325 4.0000 0.0091 
8.0000 0.3885 0.0568 9.0000 0.0236 
9.0000 0.3577 0.0869 13.0000 0.0201 
10.0000 0.3942 0.1535 11.0000 0.0176 
11.0000 0.3520 0.1193 9.0000 0.0462 
12.0000 0.3338 0.0730 10.0000 0.0124 
13.0000 0.3351 0.0379 9.0000 0.0112 
14.0000 0.3483 0.0837 7.0000 0.0179 
15.0000 0.3607 0.0510 8.0000 0.0125 
16.0000 0.3572 0.0499 8.0000 0.0133 
17.0000 0.3765 0.1121 13.0000 0.0157 
18.0000 0.3919 0.1374 14.0000 0.0259 
19.0000 0.4014 0.0541 5.0000 0.0192 
20.0000 0.3866 0.0934 12.0000 0.0240 
21.0000 0.4023 0.1503 9.0000 0.0323 
22.0000 0.4202 0.1144 8.0000 0.0297 
23.0000 0.4372 0.1459 7.0000 0.0287 
24.0000 0.4477 0.1339 8.0000 0.0284 
25.0000 0.4650 0.0877 6.0000 0.0314 
26.0000 0.4658 0.0773 4.0000 0.0316 
27.0000 0.4550 0.0531 4.0000 0.0211 
28.0000 0.4711 0.0463 4.0000 0.0245 
29.0000 0.4854 0.0501 8.0000 0.0192 
30.0000 0.4964 0.0827 6.0000 0.0266 
31.0000 0.5069 0.1530 10.0000 0.0346 
32.0000 0.5223 0.0738 6.0000 0.0334 
34.0000 0.5537 0.0991 5.0000 0.0336 
34.0000 0.5537 0.0695 4.0000 0.0446 
35.0000 0.5687 0.1829 9.0000 0.0307 
37.0000 0.5854 0.0926 8.0000 0.0694 
37.0000 0.5854 0.0696 10.0000 0.0217 
39.0000 0.6042 0.0528 7.0000 0.0182 
39.0000 0.6042 0.0463 4.0000 0.0316 
40.0000 0.6016 0.1029 9.0000 0.0174 
42.0000 0.6153 0.1561 10.0000 0.0265 
42.0000 0.6153 0.0563 4.0000 0.0186 
43.0000 0.5874 0.1215 9.0000 0.0216 
45.0000 0.5935 0.0441 6.0000 0.0170 
45.0000 0.5935 0.0415 4.0000 0.0159 
52.0000 0.6525 0.1256 14.0000 0.0315 
52.0000 0.6525 0.1161 11.0000 0.0228 
52.0000 0.6525 0.1146 12.0000 0.0402 
52.0000 0.6525 0.1167 12.0000 0.0174 
52.0000 0.6525 0.0860 11.0000 0.0161 
52.0000 0.6525 0.0748 14.0000 0.0383 
52.0000 0.6525 0.0821 13.0000 0.0469 
53.0000 0.6623 0.0056 7.0000 0.0321 
54.0000 0.6738 0.0713 5.0000 0.0211 
55.0000 0.6841 0.1014 8.0000 0.0203 
56.0000 0.6951 0.1552 9.0000 0.0253 
57.0000 0.7008 0.0222 9.0000 0.0173 
58.0000 0.7111 0.0963 7.0000 0.0241 
59.0000 0.7185 0.0504 4.0000 0.0299 
60.0000 0.7295 0.1230 9.0000 0.0239 
61.0000 0.7372 0.0834 7.0000 0.0179 
62.0000 0.7481 0.0153 7.0000 0.0424 
63.0000 0.7587 0.1538 9.0000 0.0279 
64.0000 0.7577 0.0574 5.0000 0.0119 
65.0000 0.7682 0.0975 9.0000 0.0242 
66.0000 0.7789 0.0775 7.0000 0.0318 
67.0000 0.7725 0.0836 8.0000 0.0316 
68.0000 0.7672 0.1068 10.0000 0.0193 
70.0000 0.7753 0.1201 8.0000 0.0266 
70.0000 0.7753 0.0312 3.0000 0.0189 
72.0000 0.7708 0.0411 6.0000 0.0103 
72.0000 0.7708 0.0287 4.0000 0.0141 
74.0000 0.7742 0.0861 7.0000 0.0249 
74.0000 0.7742 0.0535 4.0000 0.0238 
75.0000 0.7707 0.1041 9.0000 0.0189 
76.0000 0.7612 0.0956 10.0000 0.0146 
86.0000 0.8192 0.1357 14.0000 0.0218 
86.0000 0.8192 0.1811 15.0000 0.0287 
86.0000 0.8192 0.1919 10.0000 0.0252 
86.0000 0.8192 0.1717 11.0000 0.0244 
86.0000 0.8192 0.1652 11.0000 0.0312 
86.0000 0.8192 0.1707 14.0000 0.0248 
86.0000 0.8192 0.1436 12.0000 0.0302 
86.0000 0.8192 0.1406 7.0000 0.0480 
86.0000 0.8192 0.1354 12.0000 0.0264 
86.0000 0.8192 0.1612 16.0000 0.0208 
87.0000 0.8275 0.1553 9.0000 0.0253 
88.0000 0.8362 0.1194 9.0000 0.0216 
89.0000 0.8446 0.1291 9.0000 0.0195 
90.0000 0.8524 0.1530 12.0000 0.0212 
91.0000 0.8606 0.1221 5.0000 0.0370 
93.0000 0.8772 0.1222 7.0000 0.0232 
93.0000 0.8772 0.0355 3.0000 0.0159 
94.0000 0.8846 0.1269 9.0000 0.0200 
96.0000 0.9018 0.0999 7.0000 0.0198 
96.0000 0.9018 0.0371 3.0000 0.0259 
98.0000 0.9176 0.0767 9.0000 0.0213 
98.0000 0.9176 0.0386 3.0000 0.0299 
99.0000 0.9255 0.1077 9.0000 0.0181 
100.0000 0.9328 0.1213 10.0000 0.0152 
101.0000 0.9408 0.1002 7.0000 0.0197 
103.0000 0.9581 0.1360 8.0000 0.0238 
103.0000 0.9581 0.0696 4.0000 0.0246 
104.0000 0.9660 0.1237 10.0000 0.0155 
105.0000 0.9637 0.0988 8.0000 0.0303 
106.0000 0.9458 0.1128 9.0000 0.0191 
107.0000 0.9435 0.0880 9.0000 0.0171 
108.0000 0.9270 0.1079 10.0000 0.0205 
109.0000 0.9249 0.1113 7.0000 0.0251 
110.0000 0.9290 0.1139 6.0000 0.0253 
111.0000 0.9322 0.1429 8.0000 0.0357 
112.0000 0.8998 0.1323 9.0000 0.0269 
114.0000 0.9093 0.0900 8.0000 0.0335 
114.0000 0.9093 0.0345 4.0000 0.0137 
115.0000 0.9155 0.0848 8.0000 0.0231 
117.0000 0.9277 0.1105 6.0000 0.0242 
117.0000 0.9277 0.0494 4.0000 0.0236 
118.0000 0.9123 0.0514 4.0000 0.0233 
142.0000 1.0536 0.0924 11.0000 0.0351 
142.0000 1.0536 0.1151 14.0000 0.0299 
142.0000 1.0536 0.1154 7.0000 0.0253 
142.0000 1.0536 0.1581 10.0000 0.0246 
142.0000 1.0536 0.1529 10.0000 0.0327 
142.0000 1.0536 0.0484 3.0000 0.0325 
142.0000 1.0536 0.1660 10.0000 0.0240 
142.0000 1.0536 0.1980 15.0000 0.0231 
142.0000 1.0536 0.1678 15.0000 0.0308 
142.0000 1.0536 0.1753 16.0000 0.0141 
142.0000 1.0536 0.1224 11.0000 0.0255 
142.0000 1.0536 0.1249 10.0000 0.0245 
142.0000 1.0536 0.1230 15.0000 0.0111 
142.0000 1.0536 0.0697 16.0000 0.0343 
142.0000 1.0536 0.1502 8.0000 0.0261 
142.0000 1.0536 0.0314 4.0000 0.0123 
142.0000 1.0536 0.1432 15.0000 0.0310 
142.0000 1.0536 0.1283 15.0000 0.0075 
142.0000 1.0536 0.0962 7.0000 0.0381 
142.0000 1.0536 0.1356 9.0000 0.0208 
142.0000 1.0536 0.1492 22.0000 0.0189 
142.0000 1.0536 0.1500 17.0000 0.0076 
142.0000 1.0536 0.1377 8.0000 0.0335 
142.0000 1.0536 0.0327 4.0000 0.0089 
143.0000 1.0596 0.1133 8.0000 0.0261 
144.0000 1.0641 0.1628 12.0000 0.0161 
145.0000 1.0666 0.1058 7.0000 0.0236 
146.0000 1.0716 0.1091 7.0000 0.0275 
148.0000 1.0503 0.0973 7.0000 0.0262 
148.0000 1.0503 0.0567 5.0000 0.0181 
149.0000 1.0559 0.1396 11.0000 0.0235 
150.0000 1.0554 0.1522 9.0000 0.0312 
151.0000 1.0565 0.1205 9.0000 0.0210 
153.0000 1.0459 0.0484 5.0000 0.0344 
153.0000 1.0459 0.0428 4.0000 0.0134 
154.0000 1.0456 0.0661 8.0000 0.0162 
155.0000 1.0511 0.0541 8.0000 0.0175 
168.0000 1.1078 0.1316 11.0000 0.0352 
168.0000 1.1078 0.1552 9.0000 0.0297 
168.0000 1.1078 0.1407 9.0000 0.0352 
168.0000 1.1078 0.1445 11.0000 0.0195 
168.0000 1.1078 0.1811 13.0000 0.0204 
168.0000 1.1078 0.1610 9.0000 0.0359 
168.0000 1.1078 0.0530 4.0000 0.0191 
168.0000 1.1078 0.1275 6.0000 0.0500 
168.0000 1.1078 0.0557 7.0000 0.0153 
168.0000 1.1078 0.1476 10.0000 0.0153 
168.0000 1.1078 0.1242 13.0000 0.0211 
168.0000 1.1078 0.0786 11.0000 0.0391 
168.0000 1.1078 0.0439 3.0000 0.0206 
169.0000 1.1136 0.0793 8.0000 0.0258 
170.0000 1.1193 0.1269 9.0000 0.0212 
171.0000 1.1249 0.1816 10.0000 0.0166 
175.0000 1.1464 0.1419 10.0000 0.0473 
175.0000 1.1464 0.1624 8.0000 0.0240 
175.0000 1.1464 0.1598 12.0000 0.0293 
175.0000 1.1464 0.1392 16.0000 0.0287 
176.0000 1.1518 0.1458 12.0000 0.0178 
177.0000 1.1563 0.1167 11.0000 0.0180 
179.0000 1.1670 0.1246 9.0000 0.0273 
179.0000 1.1670 0.0560 4.0000 0.0246 
180.0000 1.1715 0.1240 8.0000 0.0279 
181.0000 1.1765 0.1404 9.0000 0.0294 
184.0000 1.1859 0.0743 6.0000 0.0167 
184.0000 1.1859 0.1230 8.0000 0.0180 
184.0000 1.1859 0.1247 8.0000 0.0231 
185.0000 1.1662 0.0588 8.0000 0.0186 
186.0000 1.1280 0.1070 11.0000 0.0419 
193.0000 1.1606 0.1555 13.0000 0.0276 
193.0000 1.1606 0.1759 10.0000 0.0403 
193.0000 1.1606 0.1707 24.0000 0.0111 
193.0000 1.1606 0.1459 10.0000 0.0277 
193.0000 1.1606 0.1084 32.0000 0.0081 
193.0000 1.1606 0.1506 18.0000 0.0052 
193.0000 1.1606 0.1990 28.0000 0.0289 
195.0000 1.1715 0.1508 10.0000 0.0287 
195.0000 1.1715 0.0663 3.0000 0.0362 
196.0000 1.1768 0.0741 4.0000 0.0256 
197.0000 1.1815 0.0991 10.0000 0.0133 
198.0000 1.1859 0.0909 9.0000 0.0240 
199.0000 1.1909 0.1322 7.0000 0.0388 
200.0000 1.1960 0.1450 10.0000 0.0254 
201.0000 1.2005 0.1435 11.0000 0.0232 
202.0000 1.2054 0.1435 11.0000 0.0193 
203.0000 1.2099 0.1292 11.0000 0.0228 
204.0000 1.2149 0.1448 9.0000 0.0239 
205.0000 1.2196 0.1442 11.0000 0.0329 
206.0000 1.2231 0.1420 10.0000 0.0222 
207.0000 1.2272 0.1583 11.0000 0.0380 
209.0000 1.2272 0.1571 5.0000 0.0669 
209.0000 1.2272 0.0851 6.0000 0.0186 
211.0000 1.2245 0.1069 8.0000 0.0208 
211.0000 1.2245 0.0386 3.0000 0.0289 
212.0000 1.1866 0.0833 8.0000 0.0198 
213.0000 1.1862 0.0729 8.0000 0.0100 
215.0000 1.1962 0.0386 6.0000 0.0269 
215.0000 1.1962 0.0307 3.0000 0.0268 
216.0000 1.1999 0.1272 9.0000 0.0287 
217.0000 1.2038 0.1086 10.0000 0.0207 
218.0000 1.2070 0.0745 8.0000 0.0216 
220.0000 1.2111 0.0569 7.0000 0.0208 
220.0000 1.2111 0.0334 3.0000 0.0233 
221.0000 1.2146 0.0762 7.0000 0.0141 
222.0000 1.2169 0.1022 8.0000 0.0218 
223.0000 1.2190 0.1150 10.0000 0.0221 