
1.0000 0.7042 0.2506 11.0000 0.0272 
2.0000 0.5797 0.2000 14.0000 0.0317 
3.0000 0.3769 0.1949 10.0000 0.0271 
4.0000 0.3941 0.2027 12.0000 0.0392 
5.0000 0.3774 0.2083 13.0000 0.0203 
6.0000 0.3781 0.1994 13.0000 0.0207 
8.0000 0.3043 0.1844 9.0000 0.0283 
8.0000 0.3043 0.0260 4.0000 0.0138 
9.0000 0.3042 0.2173 11.0000 0.0266 
10.0000 0.2240 0.0582 16.0000 0.0129 
11.0000 0.2189 0.1228 12.0000 0.0345 
12.0000 0.2232 0.1151 18.0000 0.0109 
13.0000 0.2274 0.1434 14.0000 0.0204 
14.0000 0.2358 0.0563 18.0000 0.0214 
15.0000 0.2193 0.0781 12.0000 0.0236 
16.0000 0.2140 0.1885 10.0000 0.0421 
17.0000 0.2225 0.1749 14.0000 0.0183 
18.0000 0.2302 0.1972 13.0000 0.0287 
19.0000 0.2371 0.1931 12.0000 0.0136 
20.0000 0.2450 0.2385 15.0000 0.0190 
21.0000 0.2433 0.1499 11.0000 0.0094 
22.0000 0.2468 0.2158 10.0000 0.0273 
23.0000 0.2551 0.1923 8.0000 0.0279 
24.0000 0.2443 0.0972 21.0000 0.0178 
25.0000 0.2165 0.1376 9.0000 0.0268 
26.0000 0.2223 0.1658 9.0000 0.0261 
27.0000 0.2269 0.1311 11.0000 0.0195 
28.0000 0.2322 0.2028 14.0000 0.0282 
29.0000 0.2354 0.0966 7.0000 0.0153 
30.0000 0.2418 0.2027 11.0000 0.0199 
31.0000 0.2463 0.0914 8.0000 0.0175 
32.0000 0.2456 0.1937 10.0000 0.0400 
33.0000 0.2204 0.2019 16.0000 0.0199 
34.0000 0.2189 0.1074 22.0000 0.0206 
35.0000 0.2018 0.1169 11.0000 0.0106 