
1.0000 0.1156 0.1391 4.0000 0.0735 
2.0000 0.2137 0.0929 8.0000 0.0210 
4.0000 0.2420 0.1456 7.0000 0.0459 
4.0000 0.2420 0.0751 5.0000 0.0152 
5.0000 0.1161 0.0824 3.0000 0.0205 
6.0000 0.1186 0.0187 4.0000 0.0367 
7.0000 0.1379 0.1385 6.0000 0.0671 
8.0000 0.1545 0.1268 7.0000 0.0518 
9.0000 0.1370 0.0545 10.0000 0.0160 
10.0000 0.0997 0.0598 4.0000 0.0174 
11.0000 0.0978 0.0667 7.0000 0.0165 
12.0000 0.1035 0.1483 7.0000 0.0283 
13.0000 0.0971 0.0544 4.0000 0.0209 
14.0000 0.1043 0.0505 3.0000 0.0215 
15.0000 0.1082 0.1546 10.0000 0.0655 
16.0000 0.1064 0.0666 3.0000 0.0228 
17.0000 0.1129 0.0459 4.0000 0.0136 
19.0000 0.1167 0.0622 5.0000 0.0158 
19.0000 0.1167 0.0546 4.0000 0.0334 
20.0000 0.1216 0.0766 6.0000 0.0315 
21.0000 0.1071 0.0575 5.0000 0.0056 