
2.0000 1.3072 0.1230 8.0000 0.0197 
2.0000 1.3072 0.1823 8.0000 0.0317 
4.0000 1.8957 0.1464 7.0000 0.0289 
4.0000 1.8957 0.0169 3.0000 0.0097 
5.0000 1.8868 0.1882 7.0000 0.0415 
6.0000 1.5000 0.1941 9.0000 0.0308 
7.0000 1.5184 0.0644 4.0000 0.0236 
8.0000 1.4467 0.1527 7.0000 0.0347 
9.0000 1.4610 0.1545 7.0000 0.0329 
10.0000 1.2453 0.1019 6.0000 0.0264 
11.0000 1.2061 0.2211 21.0000 0.0269 
12.0000 1.2282 0.1595 9.0000 0.0201 
13.0000 0.9366 0.1523 6.0000 0.0362 
14.0000 0.9278 0.1371 7.0000 0.0231 
15.0000 0.9428 0.1627 11.0000 0.0202 
16.0000 0.8653 0.1575 9.0000 0.0276 
17.0000 0.7312 0.1449 10.0000 0.0191 
19.0000 0.7249 0.1049 6.0000 0.0223 
19.0000 0.7249 0.0280 3.0000 0.0150 
20.0000 0.7013 0.1325 6.0000 0.0387 
21.0000 0.6772 0.1639 7.0000 0.0335 
22.0000 0.5799 0.1455 6.0000 0.0326 
23.0000 0.5291 0.1516 7.0000 0.0272 
24.0000 0.5248 0.1160 9.0000 0.0172 
25.0000 0.5194 0.1613 10.0000 0.0194 
26.0000 0.5026 0.1880 9.0000 0.0323 
27.0000 0.5015 0.1544 11.0000 0.0159 
28.0000 0.4519 0.1861 9.0000 0.0270 
30.0000 0.4782 0.1321 10.0000 0.0207 
30.0000 0.4782 0.0172 3.0000 0.0078 
31.0000 0.4893 0.1340 9.0000 0.0215 
32.0000 0.4624 0.1655 9.0000 0.0249 
33.0000 0.4763 0.0408 5.0000 0.0141 
34.0000 0.4617 0.1726 11.0000 0.0244 
35.0000 0.4610 0.1235 9.0000 0.0161 
36.0000 0.4596 0.1687 7.0000 0.0299 
37.0000 0.4351 0.0838 6.0000 0.0244 
38.0000 0.4359 0.1490 10.0000 0.0191 
39.0000 0.4307 0.1469 9.0000 0.0195 
40.0000 0.4371 0.1918 9.0000 0.0278 
41.0000 0.3883 0.1556 10.0000 0.0226 
42.0000 0.3951 0.1324 10.0000 0.0149 
43.0000 0.4038 0.1559 9.0000 0.0292 
44.0000 0.3886 0.0450 4.0000 0.0145 
45.0000 0.3903 0.1637 7.0000 0.0428 
46.0000 0.3857 0.1381 9.0000 0.0206 
47.0000 0.3829 0.1550 7.0000 0.0284 
48.0000 0.3835 0.1573 9.0000 0.0240 
49.0000 0.3764 0.1468 9.0000 0.0205 
50.0000 0.3701 0.0920 6.0000 0.0181 
51.0000 0.3537 0.1764 8.0000 0.0322 
52.0000 0.3411 0.1698 9.0000 0.0230 
53.0000 0.3133 0.1722 9.0000 0.0225 
54.0000 0.3129 0.1795 10.0000 0.0256 
55.0000 0.3119 0.0560 4.0000 0.0150 
57.0000 0.3180 0.1852 9.0000 0.0352 
57.0000 0.3180 0.0127 3.0000 0.0099 