
1.0000 2.3256 0.1500 12.0000 0.0181 
2.0000 2.2472 0.1096 10.0000 0.0218 
3.0000 1.1450 0.1690 10.0000 0.0246 
4.0000 1.1940 0.2046 11.0000 0.0242 
5.0000 0.9208 0.1372 7.0000 0.0300 
6.0000 0.9259 0.1431 10.0000 0.0192 
7.0000 0.8505 0.1708 12.0000 0.0199 
8.0000 0.8565 0.1295 7.0000 0.0365 
9.0000 0.8451 0.1605 9.0000 0.0251 
10.0000 0.7622 0.1537 10.0000 0.0177 
11.0000 0.6936 0.1552 10.0000 0.0246 
12.0000 0.6826 0.1522 10.0000 0.0248 
13.0000 0.6764 0.1620 11.0000 0.0192 
14.0000 0.7078 0.1397 18.0000 0.0258 
15.0000 0.7437 0.1346 14.0000 0.0148 
16.0000 0.7744 0.1329 11.0000 0.0149 
17.0000 0.7246 0.1753 19.0000 0.0259 
18.0000 0.7194 0.0769 6.0000 0.0182 
19.0000 0.6090 0.1702 11.0000 0.0221 
20.0000 0.6319 0.1326 12.0000 0.0184 
21.0000 0.6007 0.1574 12.0000 0.0190 
22.0000 0.6162 0.1023 13.0000 0.0147 
23.0000 0.6310 0.1060 10.0000 0.0243 
24.0000 0.6329 0.1224 14.0000 0.0131 
25.0000 0.6133 0.1363 10.0000 0.0222 
26.0000 0.6262 0.1042 12.0000 0.0171 
27.0000 0.6159 0.1521 8.0000 0.0254 
28.0000 0.6291 0.1568 11.0000 0.0189 
29.0000 0.6207 0.1526 9.0000 0.0242 
30.0000 0.6275 0.0713 8.0000 0.0111 
31.0000 0.6460 0.1337 11.0000 0.0145 
32.0000 0.6363 0.1403 9.0000 0.0187 
34.0000 0.6652 0.1453 13.0000 0.0266 
34.0000 0.6652 0.1482 28.0000 0.0192 
35.0000 0.6741 0.0742 17.0000 0.0131 
36.0000 0.6609 0.1379 12.0000 0.0163 
37.0000 0.6549 0.0974 9.0000 0.0173 
38.0000 0.6510 0.1221 9.0000 0.0163 
39.0000 0.6585 0.1215 7.0000 0.0274 
40.0000 0.6523 0.1296 10.0000 0.0190 
41.0000 0.6467 0.1629 10.0000 0.0220 
42.0000 0.6481 0.1960 11.0000 0.0227 
43.0000 0.6479 0.1794 9.0000 0.0302 
44.0000 0.6518 0.1725 13.0000 0.0228 
45.0000 0.6493 0.1291 12.0000 0.0182 
46.0000 0.6412 0.1465 10.0000 0.0203 
47.0000 0.6521 0.1393 11.0000 0.0165 
48.0000 0.6618 0.0928 8.0000 0.0188 
49.0000 0.6709 0.0565 10.0000 0.0055 
52.0000 0.6990 0.0866 65.0000 0.0550 
52.0000 0.6990 0.1059 20.0000 0.0284 
52.0000 0.6990 0.0858 7.0000 0.0070 
54.0000 0.7222 0.0682 7.0000 0.0449 
54.0000 0.7222 0.0328 3.0000 0.0072 
55.0000 0.7024 0.1599 11.0000 0.0225 
56.0000 0.6820 0.0975 11.0000 0.0128 
57.0000 0.6745 0.1630 12.0000 0.0206 
58.0000 0.6724 0.1215 9.0000 0.0156 
59.0000 0.6751 0.0816 7.0000 0.0130 
60.0000 0.6651 0.1370 9.0000 0.0230 
61.0000 0.6624 0.1548 12.0000 0.0189 
62.0000 0.6526 0.1154 8.0000 0.0215 
63.0000 0.6533 0.1636 10.0000 0.0213 
64.0000 0.6497 0.1444 10.0000 0.0192 
65.0000 0.6481 0.1256 12.0000 0.0075 
66.0000 0.6565 0.1324 10.0000 0.0223 
67.0000 0.6456 0.1251 10.0000 0.0158 
68.0000 0.6456 0.1004 11.0000 0.0095 
69.0000 0.6496 0.1119 14.0000 0.0090 
70.0000 0.6506 0.0741 7.0000 0.0193 
71.0000 0.6556 0.0833 9.0000 0.0140 
72.0000 0.6489 0.1163 22.0000 0.0099 
73.0000 0.6500 0.1101 9.0000 0.0191 
74.0000 0.6521 0.1306 11.0000 0.0201 
75.0000 0.6581 0.1184 11.0000 0.0290 
77.0000 0.6730 0.0909 4.0000 0.0278 
77.0000 0.6730 0.0565 5.0000 0.0199 
78.0000 0.6809 0.1182 7.0000 0.0354 
79.0000 0.6882 0.0801 5.0000 0.0282 
80.0000 0.6836 0.1060 8.0000 0.0216 
81.0000 0.6898 0.0749 8.0000 0.0263 
82.0000 0.6975 0.2296 10.0000 0.0337 
83.0000 0.7005 0.1188 9.0000 0.0195 
84.0000 0.7012 0.1647 10.0000 0.0224 
85.0000 0.6975 0.1528 10.0000 0.0225 
86.0000 0.6986 0.1688 11.0000 0.0217 
87.0000 0.7025 0.0892 10.0000 0.0139 
88.0000 0.7084 0.0848 12.0000 0.0174 
89.0000 0.7107 0.1002 10.0000 0.0182 
90.0000 0.7085 0.1443 9.0000 0.0216 
91.0000 0.7126 0.1285 9.0000 0.0192 
92.0000 0.7109 0.1056 10.0000 0.0172 
94.0000 0.7232 0.1419 10.0000 0.0224 
94.0000 0.7232 0.0228 3.0000 0.0136 
95.0000 0.7291 0.1673 9.0000 0.0279 
96.0000 0.7295 0.1542 9.0000 0.0275 
97.0000 0.7309 0.1299 10.0000 0.0199 
98.0000 0.7329 0.1438 10.0000 0.0246 
99.0000 0.7308 0.1020 26.0000 0.0092 
100.0000 0.7341 0.0575 8.0000 0.0093 
101.0000 0.7386 0.1418 11.0000 0.0193 
102.0000 0.7386 0.0814 5.0000 0.0268 
103.0000 0.7414 0.1666 11.0000 0.0212 
104.0000 0.7365 0.0942 14.0000 0.0042 
105.0000 0.7384 0.0528 12.0000 0.0041 
106.0000 0.7242 0.0970 15.0000 0.0020 
107.0000 0.7240 0.1235 10.0000 0.0158 
108.0000 0.7254 0.1112 25.0000 0.0162 
109.0000 0.7269 0.0918 11.0000 0.0106 
110.0000 0.7310 0.0821 9.0000 0.0146 
111.0000 0.7353 0.0924 9.0000 0.0125 
112.0000 0.7392 0.1075 9.0000 0.0166 
113.0000 0.7425 0.1158 8.0000 0.0292 
114.0000 0.7424 0.1303 13.0000 0.0182 
115.0000 0.7403 0.0529 11.0000 0.0059 
116.0000 0.7437 0.1022 9.0000 0.0142 
117.0000 0.7440 0.0573 13.0000 0.0093 
118.0000 0.7460 0.1065 15.0000 0.0218 
119.0000 0.7467 0.0858 8.0000 0.0130 
120.0000 0.7501 0.0602 9.0000 0.0169 
121.0000 0.7508 0.0668 10.0000 0.0111 
122.0000 0.7529 0.1231 11.0000 0.0131 
123.0000 0.7557 0.1073 10.0000 0.0137 
124.0000 0.7578 0.0783 7.0000 0.0169 
125.0000 0.7608 0.0534 6.0000 0.0202 
126.0000 0.7656 0.1151 10.0000 0.0145 
127.0000 0.7664 0.0745 14.0000 0.0125 
128.0000 0.7685 0.0953 7.0000 0.0210 
129.0000 0.7716 0.0854 10.0000 0.0114 
130.0000 0.7740 0.1091 8.0000 0.0258 
131.0000 0.7773 0.1048 9.0000 0.0170 
132.0000 0.7781 0.0712 9.0000 0.0164 
133.0000 0.7799 0.1047 11.0000 0.0140 
134.0000 0.7792 0.0752 8.0000 0.0208 
135.0000 0.7762 0.0847 6.0000 0.0162 
136.0000 0.7705 0.1284 11.0000 0.0161 
137.0000 0.7710 0.0462 13.0000 0.0205 
138.0000 0.7749 0.1206 9.0000 0.0172 
139.0000 0.7774 0.1126 9.0000 0.0178 
140.0000 0.7804 0.0743 7.0000 0.0135 
141.0000 0.7824 0.0596 7.0000 0.0138 
142.0000 0.7875 0.0497 5.0000 0.0182 