
1.0000 0.0400 0.0854 7.0000 0.0206 
2.0000 0.0608 0.0754 9.0000 0.0142 
3.0000 0.0782 0.0844 9.0000 0.0198 
4.0000 0.0655 0.0578 5.0000 0.0136 
5.0000 0.0572 0.1192 8.0000 0.0188 
6.0000 0.0547 0.1538 8.0000 0.0297 
7.0000 0.0591 0.0899 7.0000 0.0272 
8.0000 0.0673 0.0632 6.0000 0.0134 
9.0000 0.0751 0.0802 7.0000 0.0235 
10.0000 0.0804 0.1287 8.0000 0.0240 
11.0000 0.0813 0.1131 7.0000 0.0241 
12.0000 0.0862 0.1926 11.0000 0.0251 
13.0000 0.0845 0.0591 4.0000 0.0257 
14.0000 0.0861 0.0750 5.0000 0.0155 
15.0000 0.0870 0.0777 8.0000 0.0119 