
1.0000 0.2012 0.1155 7.0000 0.0234 
2.0000 0.1134 0.1222 8.0000 0.0375 
3.0000 0.1527 0.1332 8.0000 0.0267 
4.0000 0.1755 0.1495 8.0000 0.0321 
5.0000 0.2040 0.1031 5.0000 0.0412 
6.0000 0.2235 0.0911 6.0000 0.0231 
7.0000 0.2340 0.1500 9.0000 0.0222 
8.0000 0.2150 0.1118 6.0000 0.0240 
9.0000 0.2088 0.1427 8.0000 0.0290 
10.0000 0.2197 0.1372 8.0000 0.0314 
11.0000 0.2270 0.0308 7.0000 0.0356 
12.0000 0.2453 0.1371 9.0000 0.0212 
13.0000 0.1906 0.1008 7.0000 0.0243 
14.0000 0.1766 0.1109 11.0000 0.0256 
15.0000 0.1884 0.1513 13.0000 0.0199 
16.0000 0.2002 0.0902 10.0000 0.0284 
17.0000 0.2088 0.1218 9.0000 0.0295 
18.0000 0.2110 0.1221 10.0000 0.0186 
20.0000 0.2242 0.1087 6.0000 0.0295 
20.0000 0.2242 0.0486 3.0000 0.0310 
22.0000 0.2407 0.1110 8.0000 0.0178 
22.0000 0.2407 0.0581 3.0000 0.0384 
23.0000 0.2448 0.1562 8.0000 0.0295 
24.0000 0.2289 0.0710 5.0000 0.0200 
25.0000 0.2191 0.1110 8.0000 0.0195 
26.0000 0.2263 0.1023 11.0000 0.0153 
27.0000 0.2079 0.0841 8.0000 0.0211 
28.0000 0.2103 0.0647 7.0000 0.0194 
29.0000 0.2168 0.1235 9.0000 0.0169 
31.0000 0.2058 0.0750 7.0000 0.0130 
31.0000 0.2058 0.0382 4.0000 0.0175 
33.0000 0.2177 0.1061 8.0000 0.0283 
33.0000 0.2177 0.0294 3.0000 0.0108 
34.0000 0.2241 0.1063 9.0000 0.0174 
35.0000 0.2221 0.1100 8.0000 0.0199 
36.0000 0.2232 0.0794 7.0000 0.0293 
37.0000 0.2288 0.1097 9.0000 0.0177 
39.0000 0.2408 0.1317 7.0000 0.0332 
39.0000 0.2408 0.0409 5.0000 0.0160 
40.0000 0.2441 0.1395 8.0000 0.0303 
41.0000 0.2455 0.0837 7.0000 0.0321 
42.0000 0.2490 0.1391 7.0000 0.0435 
43.0000 0.2446 0.0533 8.0000 0.0126 