
1.0000 0.2967 0.1019 9.0000 0.0161 
2.0000 0.4357 0.1214 9.0000 0.0176 
3.0000 0.6122 0.1208 8.0000 0.0231 
4.0000 0.6211 0.1249 10.0000 0.0153 
5.0000 0.5543 0.1358 10.0000 0.0195 
6.0000 0.5525 0.1358 9.0000 0.0186 
7.0000 0.5426 0.1541 10.0000 0.0208 
8.0000 0.4630 0.1209 8.0000 0.0207 
10.0000 0.4717 0.0873 8.0000 0.0196 
10.0000 0.4717 0.0305 4.0000 0.0147 
11.0000 0.5133 0.0573 9.0000 0.0147 
12.0000 0.4992 0.0996 8.0000 0.0206 
13.0000 0.3906 0.0841 10.0000 0.0139 
14.0000 0.4137 0.1047 9.0000 0.0208 
15.0000 0.4359 0.0920 12.0000 0.0185 
16.0000 0.4573 0.1182 10.0000 0.0124 
17.0000 0.4737 0.1106 8.0000 0.0346 
18.0000 0.4780 0.0877 9.0000 0.0131 
19.0000 0.4542 0.0858 7.0000 0.0146 
20.0000 0.4536 0.1237 8.0000 0.0322 
21.0000 0.4323 0.0622 7.0000 0.0189 
22.0000 0.3882 0.1049 8.0000 0.0188 
23.0000 0.3922 0.1053 9.0000 0.0172 
24.0000 0.3901 0.1050 11.0000 0.0193 
25.0000 0.3660 0.0899 10.0000 0.0288 
26.0000 0.3132 0.0689 8.0000 0.0160 
27.0000 0.3123 0.0960 8.0000 0.0215 
28.0000 0.3187 0.1117 10.0000 0.0151 
29.0000 0.3238 0.1015 9.0000 0.0152 
30.0000 0.3236 0.1129 9.0000 0.0163 
31.0000 0.3307 0.0632 7.0000 0.0151 
32.0000 0.3328 0.0815 9.0000 0.0137 
33.0000 0.3306 0.0901 9.0000 0.0141 
34.0000 0.3394 0.1006 8.0000 0.0257 
35.0000 0.3449 0.1142 10.0000 0.0191 
37.0000 0.3629 0.1029 9.0000 0.0202 
37.0000 0.3629 0.0425 4.0000 0.0158 
38.0000 0.3583 0.1220 11.0000 0.0156 
39.0000 0.3619 0.1212 10.0000 0.0195 
40.0000 0.3681 0.1182 10.0000 0.0162 
42.0000 0.3824 0.1094 9.0000 0.0181 
42.0000 0.3824 0.0351 4.0000 0.0180 
43.0000 0.3876 0.0990 7.0000 0.0197 
45.0000 0.3975 0.0643 6.0000 0.0127 
45.0000 0.3975 0.0309 4.0000 0.0152 
46.0000 0.3985 0.1022 11.0000 0.0147 
48.0000 0.4074 0.0628 6.0000 0.0143 
48.0000 0.4074 0.0210 4.0000 0.0118 
49.0000 0.3978 0.1038 12.0000 0.0157 
50.0000 0.3949 0.0309 8.0000 0.0233 
51.0000 0.3830 0.1212 9.0000 0.0167 
52.0000 0.3849 0.0810 8.0000 0.0163 
53.0000 0.3811 0.0880 10.0000 0.0189 
54.0000 0.3871 0.0480 5.0000 0.0025 
55.0000 0.3836 0.0991 11.0000 0.0159 
56.0000 0.3541 0.0796 11.0000 0.0180 
57.0000 0.3557 0.0951 6.0000 0.0255 
58.0000 0.3444 0.1002 11.0000 0.0234 
59.0000 0.3343 0.0509 10.0000 0.0303 