
1.0000 0.3610 0.0906 9.0000 0.0186 
2.0000 0.6329 0.0563 6.0000 0.0100 
3.0000 0.6608 0.1287 14.0000 0.0121 
4.0000 0.7353 0.0848 6.0000 0.0310 
5.0000 0.8576 0.0444 4.0000 0.0156 
6.0000 0.8759 0.0755 9.0000 0.0149 
8.0000 0.8939 0.0466 4.0000 0.0220 
8.0000 0.8939 0.0429 5.0000 0.0134 
9.0000 0.5747 0.1096 14.0000 0.0188 
10.0000 0.6068 0.0927 13.0000 0.0079 
11.0000 0.5060 0.1106 11.0000 0.0119 
12.0000 0.4910 0.0695 11.0000 0.0179 
13.0000 0.5128 0.1124 12.0000 0.0192 
15.0000 0.5612 0.0444 3.0000 0.0209 
15.0000 0.5612 0.0362 3.0000 0.0207 
16.0000 0.5780 0.0555 13.0000 0.0231 
17.0000 0.5830 0.0841 13.0000 0.0063 
18.0000 0.5838 0.0981 10.0000 0.0116 
19.0000 0.5852 0.0693 11.0000 0.0094 
20.0000 0.6072 0.0384 6.0000 0.0104 
22.0000 0.5431 0.0648 9.0000 0.0063 
22.0000 0.5431 0.0195 4.0000 0.0107 
23.0000 0.5453 0.1178 12.0000 0.0169 
24.0000 0.5613 0.0490 6.0000 0.0210 
25.0000 0.5454 0.0468 8.0000 0.0135 
26.0000 0.5462 0.1544 14.0000 0.0153 
27.0000 0.4692 0.1036 13.0000 0.0117 
29.0000 0.4919 0.1120 10.0000 0.0194 
29.0000 0.4919 0.0301 4.0000 0.0103 
30.0000 0.4966 0.0408 9.0000 0.0122 
31.0000 0.4833 0.0454 7.0000 0.0369 
32.0000 0.4967 0.0393 8.0000 0.0183 
34.0000 0.5242 0.0587 3.0000 0.0309 
34.0000 0.5242 0.0292 4.0000 0.0116 
35.0000 0.5191 0.0956 15.0000 0.0109 
39.0000 0.5587 0.0551 9.0000 0.0082 
39.0000 0.5587 0.0341 5.0000 0.0151 
39.0000 0.5587 0.0326 3.0000 0.0149 
39.0000 0.5587 0.0328 8.0000 0.0081 
40.0000 0.5620 0.0632 12.0000 0.0125 
41.0000 0.5616 0.0665 18.0000 0.0078 
43.0000 0.5838 0.0410 4.0000 0.0196 
43.0000 0.5838 0.0414 5.0000 0.0121 
45.0000 0.6054 0.0506 7.0000 0.0164 
45.0000 0.6054 0.0371 4.0000 0.0146 
47.0000 0.6287 0.0077 22.0000 0.0111 
47.0000 0.6287 0.0102 4.0000 0.0029 
48.0000 0.6345 0.0881 10.0000 0.0225 
50.0000 0.6560 0.1510 11.0000 0.0232 
50.0000 0.6560 0.0360 4.0000 0.0127 
51.0000 0.6641 0.1003 11.0000 0.0144 
52.0000 0.6724 0.0625 11.0000 0.0104 
53.0000 0.6780 0.1201 12.0000 0.0206 
54.0000 0.6472 0.0562 8.0000 0.0129 
55.0000 0.6497 0.0855 16.0000 0.0204 
56.0000 0.6573 0.0647 8.0000 0.0073 
57.0000 0.6494 0.0671 9.0000 0.0135 
58.0000 0.6544 0.1110 13.0000 0.0164 
59.0000 0.6504 0.1104 11.0000 0.0237 
60.0000 0.6540 0.1081 13.0000 0.0146 
61.0000 0.6542 0.1142 13.0000 0.0229 
62.0000 0.6436 0.0622 7.0000 0.0156 
63.0000 0.6500 0.0704 9.0000 0.0148 
64.0000 0.6549 0.0591 8.0000 0.0241 
65.0000 0.6571 0.0970 10.0000 0.0178 
66.0000 0.6428 0.1032 10.0000 0.0216 
67.0000 0.6378 0.0831 8.0000 0.0161 
68.0000 0.6336 0.1130 12.0000 0.0143 
70.0000 0.6477 0.1242 12.0000 0.0192 
70.0000 0.6477 0.0153 4.0000 0.0079 
71.0000 0.6486 0.1354 10.0000 0.0172 
72.0000 0.6535 0.0867 7.0000 0.0206 
73.0000 0.6523 0.1264 10.0000 0.0175 
74.0000 0.6563 0.1195 13.0000 0.0103 
75.0000 0.6593 0.1018 10.0000 0.0180 
76.0000 0.6650 0.0834 7.0000 0.0177 
77.0000 0.6704 0.0803 11.0000 0.0121 
78.0000 0.6679 0.0708 8.0000 0.0162 
79.0000 0.6719 0.0830 9.0000 0.0150 
80.0000 0.6730 0.1733 10.0000 0.0271 
81.0000 0.6775 0.1028 11.0000 0.0200 
82.0000 0.6818 0.0777 11.0000 0.0171 
83.0000 0.6841 0.0559 5.0000 0.0224 
85.0000 0.6894 0.1333 9.0000 0.0223 
85.0000 0.6894 0.0367 3.0000 0.0233 
86.0000 0.6941 0.1157 12.0000 0.0167 
87.0000 0.6972 0.0669 14.0000 0.0180 
88.0000 0.6476 0.0959 12.0000 0.0197 
89.0000 0.6479 0.1166 13.0000 0.0141 
91.0000 0.6533 0.0808 7.0000 0.0243 
91.0000 0.6533 0.0274 4.0000 0.0115 
93.0000 0.6621 0.0636 4.0000 0.0201 
93.0000 0.6621 0.0973 8.0000 0.0203 
94.0000 0.6563 0.0786 9.0000 0.0156 
96.0000 0.6616 0.0703 7.0000 0.0236 
96.0000 0.6616 0.0331 4.0000 0.0156 
97.0000 0.6642 0.1081 12.0000 0.0143 
98.0000 0.6652 0.1329 11.0000 0.0188 
99.0000 0.6475 0.0621 11.0000 0.0329 
100.0000 0.6516 0.1223 14.0000 0.0147 
102.0000 0.6496 0.0972 9.0000 0.0265 
102.0000 0.6496 0.0215 3.0000 0.0109 
103.0000 0.6512 0.1042 12.0000 0.0187 
104.0000 0.6499 0.0937 11.0000 0.0164 
105.0000 0.6515 0.0768 10.0000 0.0147 
106.0000 0.6546 0.1110 14.0000 0.0180 
108.0000 0.6618 0.0491 8.0000 0.0184 
108.0000 0.6618 0.0482 5.0000 0.0149 
109.0000 0.6654 0.0891 10.0000 0.0136 
110.0000 0.6654 0.0758 11.0000 0.0222 
111.0000 0.6698 0.1004 11.0000 0.0111 
112.0000 0.6693 0.1130 12.0000 0.0161 
113.0000 0.6722 0.0995 13.0000 0.0006 
114.0000 0.6759 0.1266 13.0000 0.0167 
115.0000 0.6775 0.0780 9.0000 0.0146 
117.0000 0.6841 0.0978 9.0000 0.0334 
117.0000 0.6841 0.0447 4.0000 0.0250 
118.0000 0.6799 0.0887 13.0000 0.0134 
119.0000 0.6797 0.1267 10.0000 0.0181 
120.0000 0.6777 0.0617 9.0000 0.0169 
121.0000 0.6807 0.0431 7.0000 0.0178 
122.0000 0.6840 0.0972 10.0000 0.0167 
123.0000 0.6861 0.0951 14.0000 0.0232 