
1.0000 0.1280 0.0650 6.0000 0.0207 
2.0000 0.1447 0.0834 9.0000 0.0113 
3.0000 0.1854 0.0751 8.0000 0.0147 
5.0000 0.1705 0.0678 6.0000 0.0157 
5.0000 0.1705 0.0156 3.0000 0.0021 
8.0000 0.2067 0.0346 4.0000 0.0150 
8.0000 0.2067 0.0485 6.0000 0.0087 
8.0000 0.2067 0.0476 3.0000 0.0257 
9.0000 0.1650 0.0626 12.0000 0.0094 
11.0000 0.1885 0.0493 8.0000 0.0225 
11.0000 0.1885 0.0168 3.0000 0.0126 
12.0000 0.1933 0.1183 5.0000 0.0383 
14.0000 0.2183 0.0753 8.0000 0.0130 
14.0000 0.2183 0.0349 4.0000 0.0224 
16.0000 0.2466 0.0487 5.0000 0.0265 
16.0000 0.2466 0.0370 4.0000 0.0142 
17.0000 0.2476 0.0638 7.0000 0.0167 
18.0000 0.2184 0.0884 9.0000 0.0152 
19.0000 0.2201 0.0947 10.0000 0.0225 
20.0000 0.2271 0.0944 12.0000 0.0152 
22.0000 0.2356 0.0384 5.0000 0.0298 
22.0000 0.2356 0.0388 7.0000 0.0079 
23.0000 0.2381 0.0862 10.0000 0.0353 
24.0000 0.2447 0.0883 30.0000 0.0203 
25.0000 0.2101 0.0624 4.0000 0.0233 
26.0000 0.2181 0.0622 7.0000 0.0130 
27.0000 0.2232 0.0705 11.0000 0.0158 
28.0000 0.2299 0.0970 9.0000 0.0243 
30.0000 0.2323 0.0393 5.0000 0.0139 
30.0000 0.2323 0.0223 4.0000 0.0094 
32.0000 0.2470 0.0347 4.0000 0.0165 
32.0000 0.2470 0.0275 4.0000 0.0114 
33.0000 0.2324 0.0429 7.0000 0.0134 
34.0000 0.2373 0.0751 6.0000 0.0105 
36.0000 0.2374 0.0555 8.0000 0.0129 
36.0000 0.2374 0.0283 3.0000 0.0095 
37.0000 0.2424 0.0600 10.0000 0.0096 
38.0000 0.2355 0.0707 10.0000 0.0102 
39.0000 0.2391 0.0639 11.0000 0.0136 
40.0000 0.2437 0.0843 9.0000 0.0143 
41.0000 0.2367 0.0905 8.0000 0.0175 
42.0000 0.2416 0.0683 8.0000 0.0066 
44.0000 0.2507 0.0475 5.0000 0.0146 
44.0000 0.2507 0.0323 4.0000 0.0112 
45.0000 0.2556 0.0841 12.0000 0.0180 
46.0000 0.2597 0.0760 8.0000 0.0122 
47.0000 0.2506 0.0859 9.0000 0.0108 
48.0000 0.2533 0.0689 5.0000 0.0200 
50.0000 0.2636 0.0795 7.0000 0.0164 
50.0000 0.2636 0.0378 3.0000 0.0170 