
1.0000 0.1949 0.1304 12.0000 0.0147 
2.0000 0.0952 0.0595 7.0000 0.0116 
3.0000 0.0936 0.1248 10.0000 0.0137 
4.0000 0.1029 0.1137 11.0000 0.0165 
5.0000 0.1117 0.1050 10.0000 0.0078 
6.0000 0.0840 0.1301 11.0000 0.0135 
8.0000 0.0938 0.1053 9.0000 0.0218 
8.0000 0.0938 0.0373 4.0000 0.0214 
9.0000 0.1028 0.0726 7.0000 0.0097 
10.0000 0.1057 0.1077 12.0000 0.0124 
11.0000 0.1000 0.0667 10.0000 0.0073 
12.0000 0.1058 0.0868 12.0000 0.0116 
14.0000 0.1231 0.0838 11.0000 0.0205 
14.0000 0.1231 0.0409 4.0000 0.0260 
15.0000 0.1278 0.0849 11.0000 0.0289 
17.0000 0.1408 0.1054 9.0000 0.0222 
17.0000 0.1408 0.0263 5.0000 0.0087 
18.0000 0.1325 0.0798 13.0000 0.0138 
19.0000 0.1300 0.0864 15.0000 0.0101 
20.0000 0.1232 0.1303 13.0000 0.0144 