
1.0000 1.2500 0.1127 17.0000 0.0155 
2.0000 1.5504 0.1314 10.0000 0.0251 
3.0000 1.3043 0.1568 10.0000 0.0111 
4.0000 1.4388 0.1730 16.0000 0.0350 
6.0000 1.9293 0.0996 15.0000 0.0051 
6.0000 1.9293 0.0271 5.0000 0.0133 
8.0000 2.1108 0.0337 12.0000 0.0171 
8.0000 2.1108 0.0368 3.0000 0.0199 
11.0000 2.5581 0.0468 10.0000 0.0123 
11.0000 2.5581 0.0182 3.0000 0.0075 
11.0000 2.5581 0.0278 4.0000 0.0198 
12.0000 2.5052 0.1168 23.0000 0.0285 
13.0000 2.5490 0.0687 10.0000 0.0157 
14.0000 2.0679 0.1226 15.0000 0.0133 
15.0000 1.9481 0.1366 15.0000 0.0116 
16.0000 1.4953 0.1182 13.0000 0.0144 
17.0000 1.5511 0.1419 14.0000 0.0274 
19.0000 1.6522 0.1963 19.0000 0.0439 
19.0000 1.6522 0.1960 18.0000 0.0219 
20.0000 1.4663 0.1120 8.0000 0.0221 
21.0000 0.9910 0.1464 11.0000 0.0347 
23.0000 1.0546 0.1559 14.0000 0.0189 
23.0000 1.0546 0.0311 4.0000 0.0110 
24.0000 0.8284 0.0974 11.0000 0.0152 
26.0000 0.6388 0.1463 10.0000 0.0195 
26.0000 0.6388 0.0430 4.0000 0.0362 
27.0000 0.4496 0.1675 11.0000 0.0207 
28.0000 0.4642 0.1718 15.0000 0.0236 
29.0000 0.4794 0.1709 14.0000 0.0164 
30.0000 0.3962 0.1099 10.0000 0.0217 
32.0000 0.4198 0.0992 9.0000 0.0130 
32.0000 0.4198 0.0294 4.0000 0.0168 
33.0000 0.4309 0.0916 6.0000 0.0214 
34.0000 0.4429 0.1274 12.0000 0.0138 
35.0000 0.4549 0.1152 11.0000 0.0288 
37.0000 0.4637 0.1169 9.0000 0.0237 
37.0000 0.4637 0.0996 13.0000 0.0167 
38.0000 0.4452 0.1386 11.0000 0.0180 
39.0000 0.4295 0.1096 12.0000 0.0197 
41.0000 0.4475 0.2581 16.0000 0.0378 
41.0000 0.4475 0.2421 19.0000 0.0045 
42.0000 0.4417 0.1435 10.0000 0.0251 
43.0000 0.4155 0.1485 21.0000 0.0470 
45.0000 0.4332 0.1557 9.0000 0.0475 
45.0000 0.4332 0.1174 17.0000 0.0111 
46.0000 0.3916 0.0696 8.0000 0.0248 
47.0000 0.3874 0.1104 11.0000 0.0226 
50.0000 0.3557 0.1395 14.0000 0.0438 
50.0000 0.3557 0.1829 11.0000 0.0151 
50.0000 0.3557 0.0881 18.0000 0.0118 
51.0000 0.3622 0.1308 8.0000 0.0295 
52.0000 0.3686 0.1728 15.0000 0.0183 
53.0000 0.3743 0.1624 11.0000 0.0221 
54.0000 0.3675 0.1159 9.0000 0.0165 
55.0000 0.3739 0.1533 14.0000 0.0155 
56.0000 0.3797 0.1431 12.0000 0.0192 
57.0000 0.3345 0.1471 16.0000 0.0269 
58.0000 0.3398 0.1475 15.0000 0.0134 
59.0000 0.3442 0.1157 19.0000 0.0081 
62.0000 0.3522 0.1754 13.0000 0.0343 
62.0000 0.3522 0.1650 11.0000 0.0266 
62.0000 0.3522 0.0072 3.0000 0.0012 
63.0000 0.3574 0.1253 12.0000 0.0151 
64.0000 0.3625 0.1411 10.0000 0.0162 
65.0000 0.3612 0.1277 9.0000 0.0364 
66.0000 0.3610 0.1812 11.0000 0.0444 
67.0000 0.3660 0.2430 12.0000 0.0369 