
1.0000 0.2857 0.0435 7.0000 0.0109 
2.0000 0.4762 0.0600 5.0000 0.0106 
3.0000 0.3563 0.0629 10.0000 0.0090 
4.0000 0.4391 0.1049 8.0000 0.0156 
5.0000 0.4897 0.0961 8.0000 0.0180 
6.0000 0.4732 0.0861 8.0000 0.0134 
7.0000 0.5106 0.1317 17.0000 0.0139 
8.0000 0.2580 0.0894 9.0000 0.0179 
9.0000 0.2888 0.1210 8.0000 0.0225 
10.0000 0.3013 0.0470 5.0000 0.0112 
11.0000 0.3252 0.1135 7.0000 0.0215 
12.0000 0.3504 0.1384 10.0000 0.0161 
13.0000 0.3755 0.1050 11.0000 0.0166 
14.0000 0.3910 0.0772 8.0000 0.0132 
15.0000 0.4141 0.1069 10.0000 0.0160 
16.0000 0.4390 0.1334 12.0000 0.0152 
17.0000 0.4393 0.1204 13.0000 0.0105 
18.0000 0.4366 0.0819 9.0000 0.0120 
19.0000 0.4509 0.1151 10.0000 0.0106 
20.0000 0.4571 0.0657 9.0000 0.0119 
21.0000 0.4769 0.0814 9.0000 0.0168 
22.0000 0.4785 0.1117 10.0000 0.0090 
23.0000 0.4832 0.1032 9.0000 0.0178 
24.0000 0.5006 0.1243 8.0000 0.0210 
25.0000 0.4872 0.1032 8.0000 0.0198 
26.0000 0.4997 0.0481 7.0000 0.0106 
27.0000 0.5159 0.1137 11.0000 0.0144 
28.0000 0.5273 0.0848 5.0000 0.0236 
29.0000 0.5373 0.1136 11.0000 0.0131 
31.0000 0.5714 0.1150 8.0000 0.0216 
31.0000 0.5714 0.0147 4.0000 0.0077 
32.0000 0.5835 0.1221 9.0000 0.0161 
33.0000 0.5985 0.1086 11.0000 0.0105 
34.0000 0.6143 0.1153 12.0000 0.0071 
35.0000 0.5769 0.0703 14.0000 0.0142 
36.0000 0.5847 0.0751 15.0000 0.0154 
37.0000 0.5140 0.1145 11.0000 0.0141 
38.0000 0.5082 0.0992 9.0000 0.0214 
39.0000 0.4892 0.0566 5.0000 0.0205 
40.0000 0.5008 0.0933 8.0000 0.0149 
41.0000 0.5029 0.1100 6.0000 0.0296 
42.0000 0.5143 0.0940 7.0000 0.0151 
43.0000 0.5227 0.1205 12.0000 0.0075 
44.0000 0.5268 0.0594 5.0000 0.0152 
45.0000 0.5314 0.1901 9.0000 0.0391 
46.0000 0.5412 0.1381 10.0000 0.0234 
47.0000 0.5498 0.1303 9.0000 0.0236 
48.0000 0.5596 0.1198 11.0000 0.0175 
49.0000 0.5667 0.1522 19.0000 0.0145 
50.0000 0.5731 0.1022 9.0000 0.0165 
51.0000 0.5834 0.1552 10.0000 0.0226 
52.0000 0.5924 0.0994 10.0000 0.0101 
53.0000 0.6014 0.1272 9.0000 0.0176 
54.0000 0.6103 0.1390 12.0000 0.0149 
55.0000 0.6169 0.1317 12.0000 0.0139 
56.0000 0.6256 0.0991 10.0000 0.0148 
57.0000 0.6271 0.1769 15.0000 0.0233 
58.0000 0.6358 0.1376 12.0000 0.0157 
59.0000 0.6363 0.1592 19.0000 0.0243 
60.0000 0.6405 0.1303 9.0000 0.0181 
61.0000 0.6494 0.1186 10.0000 0.0174 
62.0000 0.6553 0.1588 10.0000 0.0196 
63.0000 0.6578 0.1452 10.0000 0.0200 
64.0000 0.6614 0.0734 5.0000 0.0103 
65.0000 0.6634 0.1576 9.0000 0.0196 
66.0000 0.6646 0.1140 8.0000 0.0208 
67.0000 0.6738 0.1366 10.0000 0.0176 
68.0000 0.6788 0.1630 11.0000 0.0214 
69.0000 0.6855 0.1336 11.0000 0.0238 
71.0000 0.7003 0.1320 7.0000 0.0344 
71.0000 0.7003 0.0261 4.0000 0.0126 
72.0000 0.6895 0.1229 11.0000 0.0156 
73.0000 0.6962 0.1018 6.0000 0.0270 
74.0000 0.6795 0.0627 7.0000 0.0126 
75.0000 0.6875 0.1099 8.0000 0.0253 
76.0000 0.6927 0.1091 9.0000 0.0204 
77.0000 0.6904 0.1115 8.0000 0.0174 
78.0000 0.6977 0.0491 6.0000 0.0168 
79.0000 0.7052 0.0958 8.0000 0.0159 
80.0000 0.7129 0.0721 6.0000 0.0155 
81.0000 0.7047 0.0974 10.0000 0.0241 
82.0000 0.7039 0.1085 6.0000 0.0311 
83.0000 0.7036 0.1332 11.0000 0.0144 
84.0000 0.7088 0.1675 14.0000 0.0137 
85.0000 0.6770 0.1080 9.0000 0.0200 
86.0000 0.6640 0.1131 10.0000 0.0150 
87.0000 0.6645 0.1208 10.0000 0.0168 
88.0000 0.6364 0.1268 11.0000 0.0126 
89.0000 0.6413 0.0747 8.0000 0.0177 
90.0000 0.6274 0.0632 9.0000 0.0119 
91.0000 0.6100 0.0715 5.0000 0.0129 
92.0000 0.6129 0.0702 9.0000 0.0102 
93.0000 0.6175 0.0469 5.0000 0.0145 
94.0000 0.6135 0.0733 10.0000 0.0155 
95.0000 0.6116 0.1208 8.0000 0.0184 
96.0000 0.6068 0.0844 9.0000 0.0105 
97.0000 0.5749 0.1024 9.0000 0.0111 
98.0000 0.5796 0.1350 11.0000 0.0173 
99.0000 0.5793 0.0800 7.0000 0.0180 
100.0000 0.5690 0.1297 10.0000 0.0149 
101.0000 0.5732 0.0807 8.0000 0.0141 
102.0000 0.5758 0.0930 8.0000 0.0189 
103.0000 0.5799 0.1253 13.0000 0.0053 