
1.0000 1.3699 0.0951 9.0000 0.0194 
2.0000 2.2222 0.0604 6.0000 0.0114 
3.0000 0.8427 0.0188 7.0000 0.0499 
4.0000 0.7921 0.1435 14.0000 0.0125 
5.0000 0.8803 0.0803 10.0000 0.0131 
6.0000 1.0033 0.1109 10.0000 0.0200 
7.0000 0.9859 0.1850 37.0000 0.0241 
8.0000 1.0710 0.1046 11.0000 0.0087 
9.0000 1.0563 0.0471 7.0000 0.0139 
10.0000 1.0953 0.0940 13.0000 0.0104 
11.0000 1.1690 0.0928 11.0000 0.0230 
12.0000 1.2552 0.1298 10.0000 0.0193 
13.0000 1.2311 0.1290 17.0000 0.0039 
14.0000 1.2856 0.1057 11.0000 0.0133 
15.0000 1.3298 0.0892 10.0000 0.0055 
16.0000 1.3962 0.0619 7.0000 0.0163 
17.0000 1.4580 0.0474 8.0000 0.0113 
19.0000 1.4638 0.0547 13.0000 0.0060 
19.0000 1.4638 0.0247 16.0000 0.0081 
20.0000 1.4925 0.0148 10.0000 0.0117 
21.0000 1.4947 0.0917 13.0000 0.0120 
22.0000 1.4775 0.0670 10.0000 0.0097 
23.0000 1.4984 0.0949 11.0000 0.0152 
24.0000 1.5113 0.1123 14.0000 0.0093 
25.0000 1.5432 0.0851 11.0000 0.0166 
27.0000 1.6062 0.0668 6.0000 0.0137 
27.0000 1.6062 0.0578 10.0000 0.0087 
29.0000 1.6831 0.0401 3.0000 0.0176 
29.0000 1.6831 0.0513 7.0000 0.0125 
30.0000 1.6474 0.1237 10.0000 0.0225 
31.0000 1.6273 0.1181 9.0000 0.0164 
32.0000 1.6693 0.0873 8.0000 0.0165 
33.0000 1.6794 0.1546 12.0000 0.0248 
34.0000 1.7206 0.1126 9.0000 0.0097 
35.0000 1.7115 0.1618 9.0000 0.0394 
36.0000 1.7233 0.1399 12.0000 0.0057 
37.0000 1.7569 0.0602 8.0000 0.0153 
38.0000 1.7866 0.0612 9.0000 0.0166 
39.0000 1.8199 0.0702 8.0000 0.0262 
40.0000 1.7660 0.1203 11.0000 0.0181 
41.0000 1.7834 0.0846 8.0000 0.0199 
42.0000 1.8088 0.1095 14.0000 0.0245 
43.0000 1.8360 0.0884 9.0000 0.0188 
44.0000 1.8652 0.1422 11.0000 0.0316 
45.0000 1.7675 0.0734 7.0000 0.0183 
46.0000 1.7962 0.1115 10.0000 0.0188 
47.0000 1.7564 0.0774 7.0000 0.0219 
48.0000 1.7673 0.0834 10.0000 0.0128 
49.0000 1.7844 0.1002 10.0000 0.0143 
50.0000 1.7637 0.0492 9.0000 0.0149 
51.0000 1.7294 0.0493 7.0000 0.0132 
52.0000 1.7456 0.0542 8.0000 0.0100 
53.0000 1.7655 0.1331 9.0000 0.0270 
55.0000 1.7794 0.0743 9.0000 0.0103 
55.0000 1.7794 0.0311 3.0000 0.0224 
56.0000 1.7978 0.0358 10.0000 0.0062 
57.0000 1.7947 0.0454 10.0000 0.0064 
58.0000 1.8188 0.0851 9.0000 0.0137 
59.0000 1.8357 0.0908 13.0000 0.0052 
60.0000 1.8382 0.0433 9.0000 0.0109 
61.0000 1.8247 0.1145 9.0000 0.0202 
62.0000 1.8300 0.0933 12.0000 0.0066 
63.0000 1.8166 0.1238 9.0000 0.0212 
64.0000 1.8254 0.1208 12.0000 0.0119 
65.0000 1.8398 0.0800 11.0000 0.0121 
66.0000 1.8132 0.0782 9.0000 0.0112 
67.0000 1.8251 0.0779 11.0000 0.0116 
68.0000 1.8359 0.0416 13.0000 0.0071 
69.0000 1.8006 0.0765 8.0000 0.0203 
70.0000 1.7963 0.0468 7.0000 0.0084 
71.0000 1.8149 0.0305 12.0000 0.0153 
72.0000 1.8325 0.1088 11.0000 0.0159 
73.0000 1.8434 0.0983 12.0000 0.0096 
74.0000 1.8556 0.0949 8.0000 0.0199 
75.0000 1.8736 0.1247 10.0000 0.0191 
76.0000 1.8719 0.1518 20.0000 0.0168 
77.0000 1.8910 0.1107 8.0000 0.0254 
78.0000 1.9048 0.0768 10.0000 0.0153 
79.0000 1.8981 0.0662 7.0000 0.0199 
80.0000 1.9016 0.0936 10.0000 0.0121 
81.0000 1.9113 0.1151 9.0000 0.0157 
82.0000 1.9017 0.1029 10.0000 0.0167 
83.0000 1.9024 0.1084 11.0000 0.0150 
84.0000 1.9174 0.0832 12.0000 0.0094 
85.0000 1.8839 0.0498 39.0000 0.0066 
86.0000 1.8818 0.1180 10.0000 0.0168 
87.0000 1.8686 0.1342 11.0000 0.0183 
88.0000 1.8779 0.1614 13.0000 0.0141 
89.0000 1.8472 0.0776 11.0000 0.0112 
90.0000 1.8580 0.1174 14.0000 0.0032 
91.0000 1.8713 0.0900 12.0000 0.0102 
92.0000 1.8810 0.0613 8.0000 0.0109 
93.0000 1.8953 0.0531 9.0000 0.0125 
94.0000 1.9090 0.0747 10.0000 0.0090 
95.0000 1.9165 0.0350 7.0000 0.0139 
96.0000 1.9269 0.0466 9.0000 0.0069 
97.0000 1.9419 0.0517 7.0000 0.0098 
98.0000 1.9479 0.0573 8.0000 0.0147 
99.0000 1.9620 0.0581 10.0000 0.0121 
100.0000 1.9739 0.0688 7.0000 0.0127 
101.0000 1.9874 0.0588 8.0000 0.0115 
102.0000 1.9906 0.0513 10.0000 0.0066 
104.0000 2.0194 0.0666 8.0000 0.0086 
104.0000 2.0194 0.0131 3.0000 0.0105 
105.0000 2.0286 0.0566 8.0000 0.0123 
106.0000 2.0310 0.0566 10.0000 0.0092 
108.0000 2.0548 0.0574 7.0000 0.0109 
108.0000 2.0548 0.0198 5.0000 0.0091 
109.0000 2.0660 0.0664 9.0000 0.0087 
110.0000 2.0692 0.0684 9.0000 0.0102 
111.0000 2.0446 0.1087 12.0000 0.0104 
112.0000 2.0513 0.1036 9.0000 0.0146 
114.0000 2.0761 0.0484 6.0000 0.0100 
114.0000 2.0761 0.0163 3.0000 0.0099 
116.0000 2.1064 0.0399 7.0000 0.0104 
116.0000 2.1064 0.0200 6.0000 0.0074 
117.0000 2.0433 0.0640 12.0000 0.0113 
118.0000 2.0472 0.1094 11.0000 0.0119 
121.0000 2.0723 0.0910 9.0000 0.0123 
121.0000 2.0723 0.0692 8.0000 0.0131 
121.0000 2.0723 0.0754 17.0000 0.0116 
122.0000 2.0844 0.0718 8.0000 0.0178 
123.0000 2.0965 0.0873 8.0000 0.0201 
124.0000 2.0875 0.0973 10.0000 0.0127 
125.0000 2.0935 0.1091 6.0000 0.0305 
126.0000 2.0909 0.0803 11.0000 0.0088 
127.0000 2.1002 0.0728 9.0000 0.0132 
128.0000 2.1015 0.0851 9.0000 0.0202 
129.0000 2.0969 0.0808 11.0000 0.0087 
130.0000 2.0981 0.0845 12.0000 0.0110 
131.0000 2.0903 0.0870 9.0000 0.0136 
132.0000 2.0577 0.0397 7.0000 0.0141 
134.0000 1.9331 0.0432 30.0000 0.0072 
134.0000 1.9331 0.0112 3.0000 0.0070 
136.0000 1.9343 0.0212 7.0000 0.0224 
136.0000 1.9343 0.0320 3.0000 0.0199 
138.0000 1.9555 0.0404 7.0000 0.0113 
138.0000 1.9555 0.0175 4.0000 0.0086 
139.0000 1.9175 0.0840 10.0000 0.0104 
140.0000 1.9144 0.0828 10.0000 0.0101 
141.0000 1.9205 0.0836 10.0000 0.0110 
144.0000 1.9397 0.0589 11.0000 0.0048 
144.0000 1.9397 0.0131 6.0000 0.0046 
144.0000 1.9397 0.0418 6.0000 0.0083 
145.0000 1.8674 0.0543 56.0000 0.0130 
148.0000 1.8422 0.0539 12.0000 0.0046 
148.0000 1.8422 0.0447 9.0000 0.0085 
148.0000 1.8422 0.0542 15.0000 0.0096 
149.0000 1.8418 0.0729 15.0000 0.0058 
154.0000 1.8896 0.0367 14.0000 0.0051 
154.0000 1.8896 0.0153 6.0000 0.0038 
154.0000 1.8896 0.0070 4.0000 0.0039 
154.0000 1.8896 0.0125 3.0000 0.0051 
154.0000 1.8896 0.0215 5.0000 0.0132 
161.0000 1.9499 0.0329 11.0000 0.0062 
161.0000 1.9499 0.0406 7.0000 0.0105 
161.0000 1.9499 0.0175 8.0000 0.0061 
161.0000 1.9499 0.0617 12.0000 0.0057 
161.0000 1.9499 0.0307 12.0000 0.0059 
161.0000 1.9499 0.0175 3.0000 0.0100 
161.0000 1.9499 0.0343 8.0000 0.0059 
166.0000 1.9981 0.0555 12.0000 0.0109 
166.0000 1.9981 0.0183 3.0000 0.0119 
166.0000 1.9981 0.0142 5.0000 0.0047 
166.0000 1.9981 0.0108 4.0000 0.0051 
166.0000 1.9981 0.0278 10.0000 0.0046 
167.0000 1.9806 0.0314 10.0000 0.0087 
168.0000 1.9758 0.1144 10.0000 0.0191 
169.0000 1.9734 0.0865 9.0000 0.0110 
170.0000 1.9268 0.0588 13.0000 0.0117 
171.0000 1.9335 0.0729 10.0000 0.0139 
172.0000 1.9175 0.1090 8.0000 0.0261 
173.0000 1.9186 0.0405 9.0000 0.0204 
175.0000 1.9222 0.0528 10.0000 0.0081 
175.0000 1.9222 0.0108 3.0000 0.0053 
176.0000 1.8917 0.0512 9.0000 0.0120 
177.0000 1.8900 0.0873 10.0000 0.0177 
178.0000 1.8977 0.0588 3.0000 0.0256 
179.0000 1.8204 0.0673 8.0000 0.0053 
181.0000 1.7799 0.0510 4.0000 0.0161 
181.0000 1.7799 0.0285 6.0000 0.0074 
183.0000 1.7678 0.0495 7.0000 0.0092 
183.0000 1.7678 0.0258 3.0000 0.0154 
184.0000 1.7725 0.0343 7.0000 0.0098 
185.0000 1.7596 0.0609 12.0000 0.0015 
186.0000 1.7077 0.0430 8.0000 0.0090 
187.0000 1.7006 0.0792 13.0000 0.0118 
188.0000 1.4240 0.1141 11.0000 0.0159 
189.0000 1.4263 0.0847 13.0000 0.0076 
190.0000 1.4183 0.1240 9.0000 0.0191 
191.0000 1.4150 0.1167 10.0000 0.0161 
192.0000 1.4182 0.0608 8.0000 0.0178 
193.0000 1.4212 0.1093 13.0000 0.0143 
194.0000 1.4245 0.0985 7.0000 0.0172 
195.0000 1.4276 0.0558 11.0000 0.0132 
196.0000 1.4310 0.1000 8.0000 0.0181 
197.0000 1.4369 0.0580 9.0000 0.0123 
198.0000 1.4320 0.0580 10.0000 0.0082 
199.0000 1.4343 0.0428 10.0000 0.0065 
200.0000 1.4358 0.0449 7.0000 0.0092 
201.0000 1.4357 0.0544 9.0000 0.0155 