
1.0000 1.3158 0.0823 8.0000 0.0168 
2.0000 1.3514 0.1359 12.0000 0.0192 
4.0000 1.6807 0.1454 9.0000 0.0205 
4.0000 1.6807 0.0921 7.0000 0.0210 
5.0000 1.3123 0.1135 10.0000 0.0169 
6.0000 1.3129 0.0946 8.0000 0.0217 
7.0000 1.3384 0.1352 12.0000 0.0151 
8.0000 0.8791 0.1089 8.0000 0.0197 
9.0000 0.9193 0.0999 8.0000 0.0211 
10.0000 0.9149 0.0583 7.0000 0.0310 
11.0000 0.8191 0.0979 8.0000 0.0140 
12.0000 0.8689 0.0627 10.0000 0.0117 
13.0000 0.8238 0.0657 10.0000 0.0108 
14.0000 0.6931 0.0691 8.0000 0.0133 
15.0000 0.6599 0.0761 9.0000 0.0134 
16.0000 0.6277 0.1062 8.0000 0.0176 
17.0000 0.6133 0.0108 9.0000 0.0127 
19.0000 0.6518 0.0492 9.0000 0.0132 
19.0000 0.6518 0.0523 3.0000 0.0298 
20.0000 0.6734 0.0795 8.0000 0.0145 
21.0000 0.6874 0.1282 12.0000 0.0143 
22.0000 0.7166 0.0378 10.0000 0.0114 
23.0000 0.6982 0.1099 10.0000 0.0189 
24.0000 0.7154 0.0770 9.0000 0.0216 
25.0000 0.7301 0.0838 14.0000 0.0096 
26.0000 0.7478 0.0775 11.0000 0.0135 
27.0000 0.7414 0.1195 12.0000 0.0190 
28.0000 0.7574 0.0768 9.0000 0.0138 
29.0000 0.7407 0.1200 10.0000 0.0149 
30.0000 0.7538 0.0889 12.0000 0.0138 
31.0000 0.7717 0.1247 11.0000 0.0188 
32.0000 0.7927 0.0949 9.0000 0.0200 
33.0000 0.7906 0.1804 9.0000 0.0345 
34.0000 0.7905 0.1039 10.0000 0.0143 
35.0000 0.8107 0.1392 9.0000 0.0265 
36.0000 0.7794 0.1078 13.0000 0.0256 
37.0000 0.7938 0.0846 10.0000 0.0086 
38.0000 0.8097 0.0591 7.0000 0.0141 
39.0000 0.8242 0.0942 11.0000 0.0095 
40.0000 0.8386 0.0543 9.0000 0.0149 
41.0000 0.8561 0.0770 8.0000 0.0108 
42.0000 0.8302 0.0520 7.0000 0.0127 
44.0000 0.8004 0.0362 6.0000 0.0124 
44.0000 0.8004 0.0190 4.0000 0.0101 
45.0000 0.7725 0.1422 12.0000 0.0190 
46.0000 0.7701 0.0560 8.0000 0.0110 
47.0000 0.7485 0.1190 10.0000 0.0179 
48.0000 0.7588 0.0511 12.0000 0.0105 
49.0000 0.7718 0.0313 9.0000 0.0120 
50.0000 0.7679 0.1261 14.0000 0.0214 
51.0000 0.7796 0.1206 9.0000 0.0272 
52.0000 0.7923 0.1117 12.0000 0.0178 
54.0000 0.8162 0.1276 16.0000 0.0257 
54.0000 0.8162 0.1336 11.0000 0.0204 
55.0000 0.8015 0.0864 7.0000 0.0310 
56.0000 0.7952 0.1053 9.0000 0.0255 
57.0000 0.7974 0.0675 6.0000 0.0182 
58.0000 0.8049 0.1131 9.0000 0.0225 
59.0000 0.8148 0.0464 8.0000 0.0286 
60.0000 0.8243 0.1119 13.0000 0.0128 
61.0000 0.8152 0.0624 7.0000 0.0166 
62.0000 0.8202 0.0651 12.0000 0.0172 
63.0000 0.7883 0.0837 12.0000 0.0234 
64.0000 0.7406 0.0872 6.0000 0.0204 
66.0000 0.7432 0.0340 3.0000 0.0174 
66.0000 0.7432 0.0348 8.0000 0.0095 
67.0000 0.7479 0.0961 8.0000 0.0290 
68.0000 0.7506 0.1228 12.0000 0.0151 
69.0000 0.7557 0.0852 9.0000 0.0163 
70.0000 0.7641 0.1298 13.0000 0.0151 
71.0000 0.7725 0.1048 11.0000 0.0086 
73.0000 0.7891 0.0888 7.0000 0.0361 
73.0000 0.7891 0.0590 5.0000 0.0187 
74.0000 0.7985 0.1542 10.0000 0.0259 
75.0000 0.7958 0.0890 12.0000 0.0124 
76.0000 0.7984 0.1509 13.0000 0.0153 
77.0000 0.8053 0.1108 13.0000 0.0228 
78.0000 0.8110 0.0728 8.0000 0.0216 
79.0000 0.8155 0.0638 8.0000 0.0164 
80.0000 0.8208 0.0807 9.0000 0.0166 
82.0000 0.8337 0.1003 12.0000 0.0153 
82.0000 0.8337 0.0092 3.0000 0.0013 
83.0000 0.8403 0.0809 10.0000 0.0156 
84.0000 0.8460 0.0833 14.0000 0.0158 
85.0000 0.8490 0.0881 9.0000 0.0132 
86.0000 0.8551 0.0990 12.0000 0.0148 
87.0000 0.8590 0.0320 8.0000 0.0141 
88.0000 0.8668 0.0956 10.0000 0.0125 
89.0000 0.8744 0.0885 9.0000 0.0156 
90.0000 0.8819 0.0693 9.0000 0.0144 
91.0000 0.8861 0.1039 12.0000 0.0150 
92.0000 0.8431 0.0239 10.0000 0.0192 
93.0000 0.8474 0.0840 7.0000 0.0209 
94.0000 0.8525 0.0807 7.0000 0.0275 
95.0000 0.8584 0.1021 12.0000 0.0183 
96.0000 0.8625 0.0862 7.0000 0.0172 
97.0000 0.8613 0.0815 9.0000 0.0194 
98.0000 0.8593 0.0545 7.0000 0.0148 
99.0000 0.8359 0.0958 8.0000 0.0222 
100.0000 0.8305 0.0909 10.0000 0.0148 
101.0000 0.8262 0.0684 9.0000 0.0156 
102.0000 0.8170 0.1220 11.0000 0.0210 
103.0000 0.8214 0.1228 11.0000 0.0212 
104.0000 0.8274 0.1272 9.0000 0.0211 
105.0000 0.8107 0.1266 10.0000 0.0167 
106.0000 0.7962 0.0592 9.0000 0.0124 
107.0000 0.7967 0.1352 11.0000 0.0202 
108.0000 0.7992 0.1216 11.0000 0.0141 
109.0000 0.7970 0.0793 9.0000 0.0150 
111.0000 0.8041 0.0587 5.0000 0.0242 
111.0000 0.8041 0.0339 3.0000 0.0211 
112.0000 0.8066 0.0665 9.0000 0.0133 
113.0000 0.8085 0.1119 10.0000 0.0124 
115.0000 0.8133 0.1300 8.0000 0.0294 
115.0000 0.8133 0.0155 4.0000 0.0096 
116.0000 0.8189 0.1183 10.0000 0.0170 
117.0000 0.8245 0.1383 9.0000 0.0249 
118.0000 0.8258 0.0923 9.0000 0.0176 
119.0000 0.8289 0.0941 7.0000 0.0282 
120.0000 0.8172 0.0946 7.0000 0.0275 
121.0000 0.8177 0.1173 11.0000 0.0164 
122.0000 0.8131 0.0930 8.0000 0.0196 
123.0000 0.8185 0.0463 6.0000 0.0119 
124.0000 0.8160 0.1190 11.0000 0.0159 
126.0000 0.8165 0.0621 5.0000 0.0205 
126.0000 0.8165 0.0257 5.0000 0.0104 
127.0000 0.8204 0.1126 9.0000 0.0208 
128.0000 0.7728 0.0391 7.0000 0.0211 
129.0000 0.7715 0.0949 11.0000 0.0221 
132.0000 0.7853 0.0464 6.0000 0.0158 
132.0000 0.7853 0.0095 3.0000 0.0056 
132.0000 0.7853 0.0247 4.0000 0.0189 
134.0000 0.7949 0.0603 4.0000 0.0178 
134.0000 0.7949 0.0556 5.0000 0.0170 
135.0000 0.7921 0.0465 12.0000 0.0072 
137.0000 0.7909 0.0458 8.0000 0.0283 
137.0000 0.7909 0.1244 16.0000 0.0060 
138.0000 0.7887 0.0905 8.0000 0.0176 
139.0000 0.7904 0.0874 14.0000 0.0160 
140.0000 0.7947 0.1624 15.0000 0.0168 
141.0000 0.7992 0.1387 12.0000 0.0201 
142.0000 0.8026 0.0638 8.0000 0.0100 
144.0000 0.8014 0.1110 10.0000 0.0234 
144.0000 0.8014 0.0407 5.0000 0.0165 
145.0000 0.8058 0.1456 13.0000 0.0151 
146.0000 0.8094 0.1003 10.0000 0.0151 
147.0000 0.8135 0.1127 9.0000 0.0165 
148.0000 0.8165 0.1307 14.0000 0.0127 
149.0000 0.8203 0.0854 9.0000 0.0151 