
1.0000 0.6452 0.0531 6.0000 0.0198 
4.0000 2.0725 0.1610 9.0000 0.0272 
4.0000 2.0725 0.1415 10.0000 0.0283 
4.0000 2.0725 0.1237 10.0000 0.0193 
5.0000 2.1552 0.1192 8.0000 0.0200 
6.0000 2.0548 0.1538 11.0000 0.0203 
7.0000 2.1341 0.1370 10.0000 0.0183 
8.0000 2.1739 0.1381 10.0000 0.0219 
9.0000 2.1327 0.0410 5.0000 0.0130 
10.0000 1.9724 0.0974 8.0000 0.0244 
11.0000 2.0446 0.1173 16.0000 0.0302 
12.0000 2.0797 0.0873 7.0000 0.0262 
13.0000 2.1959 0.1240 10.0000 0.0203 
14.0000 2.2690 0.1134 11.0000 0.0134 
15.0000 2.2321 0.0884 8.0000 0.0174 
16.0000 2.2727 0.0621 9.0000 0.0153 
17.0000 2.3384 0.0942 10.0000 0.0134 
18.0000 2.2195 0.0711 8.0000 0.0157 
19.0000 2.1991 0.0753 8.0000 0.0104 
20.0000 2.2676 0.1238 12.0000 0.0197 
21.0000 2.2876 0.0951 15.0000 0.0224 
22.0000 2.2177 0.0564 9.0000 0.0106 
23.0000 2.2461 0.0690 8.0000 0.0133 
24.0000 2.2222 0.0636 8.0000 0.0190 
25.0000 2.2007 0.0657 11.0000 0.0112 
27.0000 2.1916 0.0489 6.0000 0.0157 
27.0000 2.1916 0.0242 4.0000 0.0106 
28.0000 2.1341 0.0836 8.0000 0.0183 
29.0000 2.0014 0.0589 8.0000 0.0114 
30.0000 1.9145 0.0520 9.0000 0.0113 
31.0000 1.9315 0.0420 5.0000 0.0175 
32.0000 1.9524 0.0907 11.0000 0.0120 
33.0000 1.9276 0.0497 9.0000 0.0095 
34.0000 1.9462 0.1008 10.0000 0.0181 
36.0000 1.9715 0.0566 8.0000 0.0365 
36.0000 1.9715 0.0351 4.0000 0.0200 
37.0000 1.9839 0.0645 10.0000 0.0109 
38.0000 2.0053 0.0994 8.0000 0.0281 
39.0000 1.9598 0.1068 12.0000 0.0111 
40.0000 1.7376 0.0877 7.0000 0.0248 
41.0000 1.7477 0.1310 11.0000 0.0191 
42.0000 1.7420 0.0332 6.0000 0.0204 
43.0000 1.7091 0.0775 15.0000 0.0076 
44.0000 1.7028 0.1215 10.0000 0.0247 
45.0000 1.7222 0.1587 10.0000 0.0266 
46.0000 1.6637 0.0948 8.0000 0.0242 
47.0000 1.6331 0.0965 10.0000 0.0225 
48.0000 1.5852 0.1168 9.0000 0.0163 
49.0000 1.6045 0.0915 10.0000 0.0194 
50.0000 1.6250 0.0775 11.0000 0.0142 
51.0000 1.6013 0.0124 8.0000 0.0192 
57.0000 1.7367 0.0896 10.0000 0.0239 
57.0000 1.7367 0.1023 8.0000 0.0192 
57.0000 1.7367 0.0826 36.0000 0.0104 
57.0000 1.7367 0.0487 15.0000 0.0192 
57.0000 1.7367 0.0721 19.0000 0.0134 
57.0000 1.7367 0.0163 3.0000 0.0135 
58.0000 1.7608 0.0469 9.0000 0.0126 
59.0000 1.7570 0.0810 10.0000 0.0193 
60.0000 1.7559 0.0505 13.0000 0.0127 
61.0000 1.7707 0.0791 14.0000 0.0136 
63.0000 1.7797 0.0508 4.0000 0.0196 
63.0000 1.7797 0.0723 3.0000 0.0226 
64.0000 1.8028 0.0933 8.0000 0.0280 
65.0000 1.8182 0.0779 8.0000 0.0167 
66.0000 1.8293 0.1382 8.0000 0.0225 
67.0000 1.8381 0.1279 10.0000 0.0182 
68.0000 1.8483 0.1458 10.0000 0.0208 
69.0000 1.8504 0.1499 12.0000 0.0147 
70.0000 1.8373 0.1314 10.0000 0.0173 
71.0000 1.8519 0.1321 9.0000 0.0239 
72.0000 1.8605 0.1166 9.0000 0.0224 
73.0000 1.8514 0.0420 6.0000 0.0121 
74.0000 1.8326 0.0915 11.0000 0.0096 
75.0000 1.8396 0.1143 9.0000 0.0173 
76.0000 1.7920 0.1288 9.0000 0.0236 
77.0000 1.7878 0.1148 10.0000 0.0147 
78.0000 1.8031 0.1305 12.0000 0.0155 
80.0000 1.7865 0.0912 7.0000 0.0142 
80.0000 1.7865 0.1116 10.0000 0.0198 
81.0000 1.7916 0.1303 11.0000 0.0169 
82.0000 1.7853 0.1293 10.0000 0.0168 
83.0000 1.7746 0.1296 11.0000 0.0176 
84.0000 1.7778 0.1045 11.0000 0.0140 
85.0000 1.7861 0.1237 12.0000 0.0148 
86.0000 1.7928 0.1333 11.0000 0.0185 
87.0000 1.7887 0.1703 17.0000 0.0103 
88.0000 1.7985 0.0866 7.0000 0.0117 
89.0000 1.8023 0.1078 11.0000 0.0141 
90.0000 1.8058 0.1587 10.0000 0.0279 
91.0000 1.8146 0.1463 11.0000 0.0250 
92.0000 1.8239 0.1163 8.0000 0.0221 
93.0000 1.8228 0.0895 9.0000 0.0144 
94.0000 1.8274 0.1133 9.0000 0.0179 
95.0000 1.8220 0.0803 10.0000 0.0156 
96.0000 1.8171 0.0881 11.0000 0.0144 
97.0000 1.8219 0.0740 10.0000 0.0148 
98.0000 1.8189 0.0353 6.0000 0.0156 
99.0000 1.8129 0.0488 7.0000 0.0152 
100.0000 1.8185 0.0623 10.0000 0.0120 
101.0000 1.8248 0.0744 12.0000 0.0122 
102.0000 1.8040 0.0819 12.0000 0.0150 
103.0000 1.8115 0.1139 11.0000 0.0129 
104.0000 1.8096 0.0806 9.0000 0.0175 
105.0000 1.8204 0.0490 10.0000 0.0181 
107.0000 1.7410 0.0491 9.0000 0.0232 
107.0000 1.7410 0.0443 4.0000 0.0163 
108.0000 1.7479 0.0472 8.0000 0.0096 
109.0000 1.7165 0.0604 9.0000 0.0121 
110.0000 1.7241 0.0466 9.0000 0.0093 
111.0000 1.7025 0.0541 12.0000 0.0160 
112.0000 1.7123 0.1213 10.0000 0.0197 
113.0000 1.7171 0.0531 9.0000 0.0126 
114.0000 1.7262 0.0765 11.0000 0.0136 
115.0000 1.7322 0.0449 9.0000 0.0167 
116.0000 1.7397 0.0379 11.0000 0.0136 
117.0000 1.7426 0.0501 11.0000 0.0100 
118.0000 1.7469 0.0482 11.0000 0.0076 
119.0000 1.7510 0.0516 10.0000 0.0100 
120.0000 1.7562 0.0795 13.0000 0.0090 
121.0000 1.7618 0.0107 11.0000 0.0088 
122.0000 1.7572 0.0462 14.0000 0.0085 
123.0000 1.7541 0.0365 11.0000 0.0103 
124.0000 1.7462 0.0825 13.0000 0.0091 
125.0000 1.7532 0.0801 9.0000 0.0130 
126.0000 1.7608 0.0799 11.0000 0.0140 
127.0000 1.7659 0.0362 14.0000 0.0082 
128.0000 1.7494 0.0461 10.0000 0.0090 
129.0000 1.7587 0.0161 11.0000 0.0086 
130.0000 1.7534 0.0365 10.0000 0.0120 
132.0000 1.7570 0.0466 6.0000 0.0147 
132.0000 1.7570 0.0185 4.0000 0.0083 
133.0000 1.7257 0.0599 7.0000 0.0063 
134.0000 1.7277 0.0817 12.0000 0.0155 
135.0000 1.7337 0.0886 12.0000 0.0121 
137.0000 1.7490 0.0451 3.0000 0.0214 
137.0000 1.7490 0.0442 7.0000 0.0112 
138.0000 1.7052 0.0446 8.0000 0.0097 
139.0000 1.7016 0.0747 13.0000 0.0081 
140.0000 1.7003 0.1022 11.0000 0.0117 
141.0000 1.6998 0.0593 12.0000 0.0092 
143.0000 1.7028 0.1176 8.0000 0.0414 
143.0000 1.7028 0.0670 3.0000 0.0009 
144.0000 1.7120 0.0573 6.0000 0.0484 
146.0000 1.7243 0.1380 7.0000 0.0224 
146.0000 1.7243 0.1706 11.0000 0.0325 
147.0000 1.7321 0.0694 9.0000 0.0148 
149.0000 1.7470 0.0362 7.0000 0.0088 
149.0000 1.7470 0.0248 4.0000 0.0110 
150.0000 1.7331 0.0033 7.0000 0.0174 
151.0000 1.7283 0.0539 10.0000 0.0104 
152.0000 1.7304 0.0520 5.0000 0.0165 
154.0000 1.7439 0.0463 6.0000 0.0142 
154.0000 1.7439 0.0367 5.0000 0.0112 
156.0000 1.6127 0.0230 5.0000 0.0076 
156.0000 1.6127 0.0490 6.0000 0.0173 
158.0000 1.6304 0.0401 8.0000 0.0148 
158.0000 1.6304 0.0256 6.0000 0.0078 
159.0000 1.6340 0.0481 12.0000 0.0084 
160.0000 1.6378 0.0736 14.0000 0.0124 
161.0000 1.6413 0.1438 7.0000 0.0395 
162.0000 1.6445 0.0661 11.0000 0.0097 
163.0000 1.6516 0.0458 12.0000 0.0082 
164.0000 1.6511 0.0464 11.0000 0.0084 
167.0000 1.6683 0.0219 3.0000 0.0135 
167.0000 1.6683 0.0404 4.0000 0.0206 
167.0000 1.6683 0.0178 5.0000 0.0067 
168.0000 1.6718 0.0518 9.0000 0.0103 
169.0000 1.6729 0.0172 8.0000 0.0123 
170.0000 1.6668 0.1120 10.0000 0.0141 
171.0000 1.6686 0.0571 13.0000 0.0015 
172.0000 1.6638 0.0591 10.0000 0.0088 
173.0000 1.6683 0.0207 11.0000 0.0092 
174.0000 1.6699 0.0825 11.0000 0.0126 
175.0000 1.6742 0.0652 12.0000 0.0099 
176.0000 1.6791 0.0429 12.0000 0.0109 
178.0000 1.6650 0.0949 8.0000 0.0156 
178.0000 1.6650 0.0998 10.0000 0.0199 
179.0000 1.6693 0.1202 13.0000 0.0138 
180.0000 1.6674 0.0699 19.0000 0.0087 
181.0000 1.6716 0.0722 18.0000 0.0139 
183.0000 1.6838 0.0875 12.0000 0.0121 
183.0000 1.6838 0.0190 8.0000 0.0053 
184.0000 1.6836 0.0806 9.0000 0.0122 
185.0000 1.6700 0.0875 8.0000 0.0194 
186.0000 1.6676 0.0681 8.0000 0.0247 
187.0000 1.6375 0.0716 8.0000 0.0177 
189.0000 1.6501 0.0329 8.0000 0.0148 
189.0000 1.6501 0.0244 4.0000 0.0088 
190.0000 1.6543 0.0551 6.0000 0.0140 
191.0000 1.6554 0.0638 7.0000 0.0102 
192.0000 1.6506 0.0281 13.0000 0.0138 
193.0000 1.6562 0.0209 11.0000 0.0129 
194.0000 1.6525 0.0809 11.0000 0.0105 
195.0000 1.6463 0.0427 11.0000 0.0076 
196.0000 1.6465 0.0499 8.0000 0.0081 
198.0000 1.6546 0.0437 19.0000 0.0074 
198.0000 1.6546 0.0593 10.0000 0.0155 
199.0000 1.6582 0.0435 10.0000 0.0119 
203.0000 1.6784 0.0204 6.0000 0.0046 
203.0000 1.6784 0.0363 11.0000 0.0091 
203.0000 1.6784 0.0481 12.0000 0.0067 
203.0000 1.6784 0.0285 19.0000 0.0075 
204.0000 1.6608 0.0504 102.0000 0.0095 
205.0000 1.6649 0.1010 12.0000 0.0175 
206.0000 1.6684 0.1213 10.0000 0.0246 
207.0000 1.6744 0.1395 11.0000 0.0232 
208.0000 1.6780 0.1389 15.0000 0.0142 
209.0000 1.6816 0.1471 13.0000 0.0166 
210.0000 1.6855 0.1195 13.0000 0.0159 
211.0000 1.6892 0.1419 13.0000 0.0164 
212.0000 1.6913 0.1376 11.0000 0.0185 
213.0000 1.6934 0.1155 14.0000 0.0000 
214.0000 1.6988 0.0926 13.0000 0.0123 
223.0000 1.7414 0.0310 9.0000 0.0150 
223.0000 1.7414 0.0467 9.0000 0.0102 
223.0000 1.7414 0.0609 23.0000 0.0119 
223.0000 1.7414 0.0226 23.0000 0.0043 
223.0000 1.7414 0.0159 3.0000 0.0080 
223.0000 1.7414 0.0153 5.0000 0.0047 
223.0000 1.7414 0.0330 14.0000 0.0076 
223.0000 1.7414 0.0050 3.0000 0.0028 
223.0000 1.7414 0.0208 5.0000 0.0086 
224.0000 1.7450 0.0433 15.0000 0.0109 
226.0000 1.7309 0.0280 13.0000 0.0127 
226.0000 1.7309 0.0367 3.0000 0.0230 
231.0000 1.7528 0.0375 42.0000 0.0116 
231.0000 1.7528 0.0314 19.0000 0.0090 
231.0000 1.7528 0.0391 14.0000 0.0072 
231.0000 1.7528 0.0532 10.0000 0.0093 
231.0000 1.7528 0.0401 21.0000 0.0091 
238.0000 1.6529 0.0225 122.0000 0.0162 
238.0000 1.6529 0.0673 81.0000 0.0297 
238.0000 1.6529 0.0697 540.0000 0.0083 
238.0000 1.6529 0.0875 31.0000 0.0185 
238.0000 1.6529 0.0652 29.0000 0.0107 
238.0000 1.6529 0.0562 126.0000 0.0164 
238.0000 1.6529 0.0730 287.0000 0.0152 
239.0000 1.6514 0.0959 11.0000 0.0131 
240.0000 1.6505 0.0788 11.0000 0.0124 
244.0000 1.6608 0.0382 29.0000 0.0126 
244.0000 1.6608 0.0322 12.0000 0.0059 
244.0000 1.6608 0.0466 56.0000 0.0129 
244.0000 1.6608 0.0348 4.0000 0.0110 
249.0000 1.6889 0.0362 12.0000 0.0116 
249.0000 1.6889 0.0333 5.0000 0.0127 
249.0000 1.6889 0.0370 6.0000 0.0262 
249.0000 1.6889 0.0413 9.0000 0.0058 
249.0000 1.6889 0.0393 9.0000 0.0067 
257.0000 1.7284 0.0234 9.0000 0.0101 
257.0000 1.7284 0.0313 9.0000 0.0102 
257.0000 1.7284 0.0220 10.0000 0.0127 
257.0000 1.7284 0.0502 4.0000 0.0261 
257.0000 1.7284 0.0470 34.0000 0.0084 
257.0000 1.7284 0.0574 12.0000 0.0212 
257.0000 1.7284 0.0239 7.0000 0.0042 
257.0000 1.7284 0.0450 7.0000 0.0095 
271.0000 1.8035 0.0193 11.0000 0.0103 
271.0000 1.8035 0.0299 4.0000 0.0124 
271.0000 1.8035 0.0196 4.0000 0.0075 
271.0000 1.8035 0.0397 5.0000 0.0119 
271.0000 1.8035 0.0380 12.0000 0.0033 
271.0000 1.8035 0.0491 16.0000 0.0125 
271.0000 1.8035 0.0627 17.0000 0.0064 
271.0000 1.8035 0.0574 22.0000 0.0217 
271.0000 1.8035 0.0216 9.0000 0.0176 
271.0000 1.8035 0.0314 4.0000 0.0109 
271.0000 1.8035 0.0240 4.0000 0.0091 
271.0000 1.8035 0.0210 20.0000 0.0092 
271.0000 1.8035 0.0334 12.0000 0.0082 
271.0000 1.8035 0.0223 7.0000 0.0050 
277.0000 1.7872 0.0576 345.0000 0.0142 
277.0000 1.7872 0.0603 50.0000 0.0162 
277.0000 1.7872 0.0562 32.0000 0.0438 
277.0000 1.7872 0.0552 5.0000 0.0305 
277.0000 1.7872 0.0202 3.0000 0.0098 
277.0000 1.7872 0.0650 14.0000 0.0117 
279.0000 1.7929 0.0428 7.0000 0.0136 
279.0000 1.7929 0.0135 3.0000 0.0109 
280.0000 1.7954 0.0431 9.0000 0.0089 
282.0000 1.8016 0.0608 12.0000 0.0075 
282.0000 1.8016 0.0296 6.0000 0.0075 
284.0000 1.8082 0.0085 3.0000 0.0036 
284.0000 1.8082 0.0455 11.0000 0.0177 
285.0000 1.8083 0.0402 10.0000 0.0090 
298.0000 1.8437 0.0212 12.0000 0.0050 
298.0000 1.8437 0.0078 5.0000 0.0066 
298.0000 1.8437 0.0164 31.0000 0.0071 
298.0000 1.8437 0.0205 20.0000 0.0059 
298.0000 1.8437 0.0270 224.0000 0.0069 
298.0000 1.8437 0.0232 34.0000 0.0076 
298.0000 1.8437 0.0236 21.0000 0.0101 
298.0000 1.8437 0.0517 6.0000 0.0146 
298.0000 1.8437 0.0419 7.0000 0.0136 
298.0000 1.8437 0.0651 10.0000 0.0111 
298.0000 1.8437 0.0209 4.0000 0.0082 
298.0000 1.8437 0.0243 4.0000 0.0151 
298.0000 1.8437 0.0306 5.0000 0.0148 
299.0000 1.8478 0.1057 13.0000 0.0351 
300.0000 1.8521 0.0546 13.0000 0.0043 
301.0000 1.8576 0.0687 3.0000 0.0264 
303.0000 1.8298 0.0433 19.0000 0.0101 
303.0000 1.8298 0.0118 3.0000 0.0092 
304.0000 1.8313 0.0601 9.0000 0.0101 
306.0000 1.8370 0.0329 8.0000 0.0088 
306.0000 1.8370 0.0175 5.0000 0.0060 
314.0000 1.8169 0.0197 499.0000 0.0133 
314.0000 1.8169 0.0662 16.0000 0.0250 
314.0000 1.8169 0.0425 9.0000 0.0087 
314.0000 1.8169 0.0293 3.0000 0.0059 
314.0000 1.8169 0.0148 12.0000 0.0019 
314.0000 1.8169 0.0480 8.0000 0.0087 
314.0000 1.8169 0.0347 8.0000 0.0055 
314.0000 1.8169 0.0319 7.0000 0.0093 
341.0000 1.9258 0.0277 9.0000 0.0051 
341.0000 1.9258 0.0093 4.0000 0.0048 
341.0000 1.9258 0.0366 21.0000 0.0244 
341.0000 1.9258 0.0200 25.0000 0.0094 
341.0000 1.9258 0.0194 7.0000 0.0043 
341.0000 1.9258 0.0251 19.0000 0.0087 
341.0000 1.9258 0.0222 23.0000 0.0062 
341.0000 1.9258 0.0404 16.0000 0.0047 
341.0000 1.9258 0.0159 4.0000 0.0082 
341.0000 1.9258 0.0146 6.0000 0.0034 
341.0000 1.9258 0.0068 3.0000 0.0023 
341.0000 1.9258 0.0036 6.0000 0.0024 
341.0000 1.9258 0.0312 14.0000 0.0084 
341.0000 1.9258 0.0195 104.0000 0.0116 
341.0000 1.9258 0.0321 5.0000 0.0070 
341.0000 1.9258 0.0186 13.0000 0.0059 
341.0000 1.9258 0.0315 3.0000 0.0164 
341.0000 1.9258 0.0356 8.0000 0.0067 
341.0000 1.9258 0.0238 19.0000 0.0072 
341.0000 1.9258 0.0179 4.0000 0.0078 
341.0000 1.9258 0.0203 3.0000 0.0123 
341.0000 1.9258 0.0107 3.0000 0.0061 
341.0000 1.9258 0.0435 41.0000 0.0206 
341.0000 1.9258 0.0603 9.0000 0.0137 
341.0000 1.9258 0.0144 4.0000 0.0036 
341.0000 1.9258 0.0118 11.0000 0.0064 
341.0000 1.9258 0.0300 7.0000 0.0118 
357.0000 1.9651 0.0493 25.0000 0.0107 
357.0000 1.9651 0.0284 19.0000 0.0055 
357.0000 1.9651 0.0080 3.0000 0.0041 
357.0000 1.9651 0.0269 6.0000 0.0097 
357.0000 1.9651 0.0093 3.0000 0.0045 
357.0000 1.9651 0.0355 54.0000 0.0082 
357.0000 1.9651 0.0273 8.0000 0.0034 
357.0000 1.9651 0.0242 7.0000 0.0085 
357.0000 1.9651 0.0466 7.0000 0.0071 
357.0000 1.9651 0.0112 3.0000 0.0038 
357.0000 1.9651 0.0217 3.0000 0.0126 
357.0000 1.9651 0.0134 4.0000 0.0051 
357.0000 1.9651 0.0333 17.0000 0.0065 
357.0000 1.9651 0.0393 13.0000 0.0090 
357.0000 1.9651 0.0378 12.0000 0.0078 
357.0000 1.9651 0.0408 17.0000 0.0063 
361.0000 1.9669 0.0671 13.0000 0.0100 
361.0000 1.9669 0.1002 5.0000 0.0385 
361.0000 1.9669 0.1207 5.0000 0.0415 
361.0000 1.9669 0.0816 9.0000 0.0094 
362.0000 1.9669 0.0053 10.0000 0.0142 
372.0000 1.9984 0.1048 8.0000 0.0328 
372.0000 1.9984 0.0629 81.0000 0.0342 
372.0000 1.9984 0.0803 14.0000 0.0251 
372.0000 1.9984 0.0948 6.0000 0.0190 
372.0000 1.9984 0.0956 3.0000 0.0452 
372.0000 1.9984 0.0565 3.0000 0.0241 
372.0000 1.9984 0.0296 3.0000 0.0150 
372.0000 1.9984 0.0588 4.0000 0.0214 
372.0000 1.9984 0.0808 11.0000 0.0425 
372.0000 1.9984 0.0497 12.0000 0.0167 
378.0000 1.9565 0.0745 12.0000 0.0086 
378.0000 1.9565 0.0325 4.0000 0.0135 
378.0000 1.9565 0.0940 4.0000 0.0301 
378.0000 1.9565 0.0392 12.0000 0.0043 
378.0000 1.9565 0.1014 514.0000 0.0451 
378.0000 1.9565 0.0877 148.0000 0.0100 
380.0000 1.9615 0.1852 13.0000 0.0427 
380.0000 1.9615 0.1795 15.0000 0.0725 
382.0000 1.9403 0.0593 3.0000 0.0286 
382.0000 1.9403 0.0568 5.0000 0.0222 