
1.0000 0.5181 0.1395 10.0000 0.0147 
3.0000 1.1583 0.0308 6.0000 0.0127 
3.0000 1.1583 0.0141 3.0000 0.0106 
5.0000 0.5203 0.0882 10.0000 0.0112 
5.0000 0.5203 0.0186 5.0000 0.0086 
6.0000 0.4717 0.1219 11.0000 0.0194 
7.0000 0.4720 0.0445 8.0000 0.0187 
8.0000 0.4988 0.1732 14.0000 0.0161 
10.0000 0.5562 0.0531 3.0000 0.0289 
10.0000 0.5562 0.0424 8.0000 0.0185 
11.0000 0.5832 0.1064 10.0000 0.0200 
12.0000 0.5261 0.1047 9.0000 0.0165 
13.0000 0.4635 0.0918 9.0000 0.0172 
14.0000 0.4956 0.1243 12.0000 0.0165 
15.0000 0.4071 0.1537 11.0000 0.0294 
16.0000 0.3790 0.0651 7.0000 0.0198 
17.0000 0.3584 0.1129 10.0000 0.0175 
18.0000 0.3633 0.1884 24.0000 0.0280 
19.0000 0.3762 0.1730 15.0000 0.0330 
20.0000 0.3932 0.1448 19.0000 0.0164 
21.0000 0.4050 0.1822 23.0000 0.0243 
23.0000 0.4374 0.1632 15.0000 0.0271 
23.0000 0.4374 0.1825 33.0000 0.0282 
24.0000 0.4349 0.1220 12.0000 0.0219 
25.0000 0.4214 0.1289 9.0000 0.0285 
26.0000 0.4000 0.0947 19.0000 0.0310 
27.0000 0.4011 0.0584 6.0000 0.0020 
28.0000 0.4071 0.1332 13.0000 0.0145 
29.0000 0.4013 0.1324 7.0000 0.0300 
30.0000 0.4014 0.1531 10.0000 0.0224 
31.0000 0.4125 0.1185 8.0000 0.0206 
32.0000 0.3846 0.1443 11.0000 0.0168 
33.0000 0.3897 0.1618 9.0000 0.0279 
34.0000 0.3871 0.1091 11.0000 0.0148 
35.0000 0.3805 0.1298 11.0000 0.0181 
36.0000 0.3849 0.1382 15.0000 0.0201 
37.0000 0.3872 0.1039 10.0000 0.0197 
38.0000 0.3874 0.0626 8.0000 0.0153 
39.0000 0.3868 0.1545 9.0000 0.0241 
40.0000 0.3832 0.0677 7.0000 0.0123 
42.0000 0.4010 0.1361 10.0000 0.0245 
42.0000 0.4010 0.1410 10.0000 0.0266 
43.0000 0.4010 0.1495 12.0000 0.0183 
44.0000 0.4074 0.1578 12.0000 0.0195 
45.0000 0.4085 0.1525 10.0000 0.0199 
46.0000 0.4125 0.1425 9.0000 0.0250 
47.0000 0.4110 0.1055 9.0000 0.0232 
48.0000 0.4087 0.0518 8.0000 0.0190 
49.0000 0.4105 0.0628 11.0000 0.0107 
50.0000 0.4054 0.1469 11.0000 0.0202 
51.0000 0.4124 0.1658 9.0000 0.0335 
52.0000 0.4118 0.1149 11.0000 0.0166 
53.0000 0.4078 0.0935 10.0000 0.0144 
54.0000 0.4100 0.1178 12.0000 0.0118 
55.0000 0.4131 0.1416 10.0000 0.0207 
56.0000 0.4159 0.1154 11.0000 0.0161 
57.0000 0.4027 0.0967 10.0000 0.0165 
58.0000 0.4000 0.1428 9.0000 0.0275 
59.0000 0.4063 0.1684 7.0000 0.0363 
60.0000 0.4070 0.1507 26.0000 0.0170 
61.0000 0.3984 0.1427 15.0000 0.0161 
62.0000 0.3887 0.0829 9.0000 0.0115 
63.0000 0.3946 0.1024 11.0000 0.0186 
66.0000 0.3994 0.1012 30.0000 0.0183 
66.0000 0.3994 0.0816 36.0000 0.0184 
66.0000 0.3994 0.1005 22.0000 0.0237 
67.0000 0.3869 0.1246 15.0000 0.0103 
68.0000 0.3722 0.1213 10.0000 0.0140 
69.0000 0.3773 0.1277 11.0000 0.0182 
70.0000 0.3778 0.0793 8.0000 0.0249 
71.0000 0.3805 0.0906 21.0000 0.0124 
73.0000 0.3879 0.0598 12.0000 0.0090 
73.0000 0.3879 0.0286 5.0000 0.0093 
74.0000 0.3900 0.1413 11.0000 0.0189 
75.0000 0.3925 0.0070 5.0000 0.0342 
76.0000 0.3946 0.0389 7.0000 0.0127 
77.0000 0.3994 0.0406 10.0000 0.0118 
78.0000 0.4009 0.0993 12.0000 0.0153 
79.0000 0.3945 0.1648 13.0000 0.0176 
82.0000 0.4024 0.0401 10.0000 0.0088 
82.0000 0.4024 0.0113 4.0000 0.0085 
82.0000 0.4024 0.0203 3.0000 0.0102 
84.0000 0.4101 0.0339 7.0000 0.0148 
84.0000 0.4101 0.0167 4.0000 0.0084 