
1.0000 0.6211 0.0451 4.0000 0.0203 
2.0000 1.1429 0.1114 6.0000 0.0258 
3.0000 1.0274 0.0503 4.0000 0.0103 
4.0000 1.3115 0.0844 9.0000 0.0139 
5.0000 1.2594 0.0717 5.0000 0.0253 
6.0000 1.2931 0.1224 12.0000 0.0226 
7.0000 0.8009 0.1008 11.0000 0.0143 
9.0000 0.9326 0.1360 9.0000 0.0191 
9.0000 0.9326 0.0480 4.0000 0.0207 
10.0000 0.8006 0.1265 9.0000 0.0201 
11.0000 0.7948 0.0919 11.0000 0.0120 
12.0000 0.8322 0.0964 10.0000 0.0141 
13.0000 0.8453 0.0883 9.0000 0.0176 
14.0000 0.8957 0.1133 9.0000 0.0177 
15.0000 0.9025 0.1102 9.0000 0.0216 
16.0000 0.9270 0.1069 11.0000 0.0213 
17.0000 0.9310 0.1281 11.0000 0.0202 
19.0000 0.9922 0.0468 4.0000 0.0194 
19.0000 0.9922 0.0341 8.0000 0.0078 
21.0000 1.0892 0.0613 5.0000 0.0338 
21.0000 1.0892 0.0486 3.0000 0.0168 
22.0000 1.0806 0.1207 8.0000 0.0396 
24.0000 1.0582 0.1148 9.0000 0.0127 
24.0000 1.0582 0.0255 4.0000 0.0140 
25.0000 1.0643 0.0896 10.0000 0.0126 
26.0000 1.0860 0.0476 9.0000 0.0124 
27.0000 1.0967 0.1083 12.0000 0.0109 
28.0000 1.0912 0.1383 13.0000 0.0171 
29.0000 1.0737 0.0515 8.0000 0.0100 
30.0000 1.0449 0.0737 11.0000 0.0157 
31.0000 1.0627 0.0924 12.0000 0.0128 
32.0000 1.0512 0.0849 10.0000 0.0134 
33.0000 1.0309 0.1025 16.0000 0.0208 
34.0000 1.0232 0.0732 16.0000 0.0224 
35.0000 1.0306 0.1176 13.0000 0.0198 
36.0000 1.0345 0.1201 22.0000 0.0178 
37.0000 0.9936 0.0656 10.0000 0.0120 
38.0000 1.0096 0.0602 8.0000 0.0204 
40.0000 0.9732 0.0736 8.0000 0.0103 
40.0000 0.9732 0.0234 4.0000 0.0134 
41.0000 0.9870 0.1152 8.0000 0.0287 
42.0000 0.9953 0.0583 12.0000 0.0090 
43.0000 0.9961 0.0401 8.0000 0.0102 
44.0000 0.9982 0.0842 9.0000 0.0156 
45.0000 0.9832 0.1121 11.0000 0.0142 
46.0000 0.8843 0.1130 9.0000 0.0205 
47.0000 0.8925 0.1197 8.0000 0.0207 
48.0000 0.8891 0.1090 13.0000 0.0165 
49.0000 0.8895 0.1444 11.0000 0.0192 
50.0000 0.8927 0.1098 9.0000 0.0185 
51.0000 0.8911 0.1216 9.0000 0.0190 
52.0000 0.9014 0.0960 9.0000 0.0150 
53.0000 0.8950 0.0843 13.0000 0.0103 
55.0000 0.9253 0.0946 8.0000 0.0210 
55.0000 0.9253 0.0314 4.0000 0.0131 
56.0000 0.9372 0.0889 14.0000 0.0122 
57.0000 0.9394 0.0703 7.0000 0.0145 
58.0000 0.9346 0.0637 8.0000 0.0166 
59.0000 0.9264 0.0476 8.0000 0.0163 
60.0000 0.8990 0.0997 9.0000 0.0182 
61.0000 0.8988 0.1302 13.0000 0.0109 
62.0000 0.8559 0.0408 8.0000 0.0182 
63.0000 0.8540 0.0604 8.0000 0.0154 
64.0000 0.8608 0.0950 13.0000 0.0200 
65.0000 0.8545 0.0852 12.0000 0.0086 
66.0000 0.8508 0.0619 8.0000 0.0120 
67.0000 0.8617 0.0513 8.0000 0.0103 
69.0000 0.8778 0.0520 7.0000 0.0126 
69.0000 0.8778 0.0249 3.0000 0.0163 
70.0000 0.8316 0.0667 10.0000 0.0201 
71.0000 0.8404 0.1108 12.0000 0.0103 
72.0000 0.8489 0.0542 9.0000 0.0291 
73.0000 0.8432 0.0580 8.0000 0.0114 
74.0000 0.8329 0.0516 11.0000 0.0103 
75.0000 0.8323 0.0528 7.0000 0.0135 
76.0000 0.7877 0.0922 11.0000 0.0068 
77.0000 0.7675 0.0697 12.0000 0.0015 
78.0000 0.7619 0.0478 11.0000 0.0118 
79.0000 0.7627 0.0449 7.0000 0.0247 
80.0000 0.7650 0.0582 10.0000 0.0113 
81.0000 0.7661 0.1253 12.0000 0.0169 
82.0000 0.7692 0.0064 9.0000 0.0212 
83.0000 0.7620 0.0566 8.0000 0.0138 
84.0000 0.7400 0.0592 10.0000 0.0122 
85.0000 0.7427 0.1612 11.0000 0.0251 
86.0000 0.7448 0.2102 10.0000 0.0326 
87.0000 0.7516 0.2040 12.0000 0.0273 
88.0000 0.7556 0.0681 11.0000 0.0129 
90.0000 0.7717 0.0375 6.0000 0.0107 
90.0000 0.7717 0.0120 3.0000 0.0097 
91.0000 0.7783 0.0328 10.0000 0.0312 
94.0000 0.7653 0.0405 4.0000 0.0202 
94.0000 0.7653 0.0632 3.0000 0.0295 
94.0000 0.7653 0.0400 5.0000 0.0237 
95.0000 0.7662 0.0847 7.0000 0.0212 
96.0000 0.7732 0.0572 11.0000 0.0194 
97.0000 0.7751 0.0571 13.0000 0.0106 
98.0000 0.7695 0.0411 7.0000 0.0122 
99.0000 0.7732 0.0629 7.0000 0.0685 
100.0000 0.7777 0.0797 8.0000 0.0172 
101.0000 0.7811 0.0979 13.0000 0.0021 
102.0000 0.7829 0.0513 9.0000 0.0133 
103.0000 0.7870 0.0511 11.0000 0.0104 
105.0000 0.7996 0.0389 8.0000 0.0171 
105.0000 0.7996 0.0650 4.0000 0.0243 
106.0000 0.7986 0.0680 10.0000 0.0113 
107.0000 0.8001 0.0994 10.0000 0.0120 
108.0000 0.8059 0.1282 12.0000 0.0170 
109.0000 0.8090 0.0543 9.0000 0.0140 
110.0000 0.8145 0.0935 14.0000 0.0080 
111.0000 0.8134 0.0171 10.0000 0.0212 
112.0000 0.8174 0.0423 7.0000 0.0100 
113.0000 0.8004 0.0566 10.0000 0.0097 
114.0000 0.8001 0.0379 10.0000 0.0094 
115.0000 0.7961 0.0837 8.0000 0.0161 
116.0000 0.7930 0.0342 9.0000 0.0098 
117.0000 0.7896 0.0864 9.0000 0.0277 
118.0000 0.7917 0.1492 12.0000 0.0266 
119.0000 0.7977 0.2010 8.0000 0.0368 
120.0000 0.8032 0.1628 13.0000 0.0196 
121.0000 0.8091 0.1627 11.0000 0.0232 
122.0000 0.8084 0.0499 8.0000 0.0120 
123.0000 0.8069 0.0858 10.0000 0.0096 
124.0000 0.7845 0.1185 13.0000 0.0189 
127.0000 0.8020 0.0196 4.0000 0.0088 
127.0000 0.8020 0.0526 6.0000 0.0149 
127.0000 0.8020 0.0336 4.0000 0.0137 
128.0000 0.7985 0.2171 11.0000 0.0401 
129.0000 0.8035 0.1970 13.0000 0.0260 
130.0000 0.8023 0.1006 11.0000 0.0189 
131.0000 0.7986 0.0507 14.0000 0.0094 
132.0000 0.7970 0.0702 14.0000 0.0175 
133.0000 0.7965 0.0686 12.0000 0.0069 
134.0000 0.7856 0.0988 12.0000 0.0139 
135.0000 0.7872 0.0698 12.0000 0.0114 
136.0000 0.7840 0.1593 12.0000 0.0185 
137.0000 0.7827 0.0667 9.0000 0.0140 
138.0000 0.7870 0.0318 8.0000 0.0163 
139.0000 0.7876 0.0588 10.0000 0.0146 
142.0000 0.8028 0.0525 7.0000 0.0277 
142.0000 0.8028 0.0252 8.0000 0.0154 
142.0000 0.8028 0.0207 3.0000 0.0202 
143.0000 0.8023 0.0728 8.0000 0.0225 
144.0000 0.8064 0.0139 9.0000 0.0149 
145.0000 0.8060 0.0508 9.0000 0.0097 
147.0000 0.8055 0.0213 8.0000 0.0110 
147.0000 0.8055 0.0229 6.0000 0.0074 
148.0000 0.8073 0.0612 10.0000 0.0158 
151.0000 0.8215 0.0583 20.0000 0.0155 
151.0000 0.8215 0.0316 3.0000 0.0138 
151.0000 0.8215 0.0386 6.0000 0.0073 
152.0000 0.8231 0.0514 16.0000 0.0095 
156.0000 0.8414 0.0383 3.0000 0.0247 
156.0000 0.8414 0.0559 15.0000 0.0058 
156.0000 0.8414 0.0119 3.0000 0.0099 
156.0000 0.8414 0.0264 3.0000 0.0150 
157.0000 0.8441 0.0443 9.0000 0.0161 
159.0000 0.8535 0.0497 8.0000 0.0234 
159.0000 0.8535 0.0759 8.0000 0.0143 
160.0000 0.8552 0.0543 10.0000 0.0168 
161.0000 0.8539 0.1278 15.0000 0.0122 
163.0000 0.8639 0.0841 8.0000 0.0138 
163.0000 0.8639 0.0401 4.0000 0.0172 
165.0000 0.8718 0.0526 12.0000 0.0167 
165.0000 0.8718 0.0309 3.0000 0.0160 