
2.0000 4.2553 0.1433 3.0000 0.0847 
2.0000 4.2553 0.1207 4.0000 0.0334 
3.0000 1.4563 0.1207 6.0000 0.0430 
4.0000 1.1905 0.1583 5.0000 0.0501 
5.0000 1.0526 0.1836 7.0000 0.0343 
6.0000 1.0000 0.1909 8.0000 0.0339 
7.0000 1.0479 0.2015 10.0000 0.0316 
8.0000 0.8538 0.1896 9.0000 0.0335 
9.0000 0.9212 0.1759 11.0000 0.0210 
10.0000 0.6523 0.1431 8.0000 0.0213 
11.0000 0.6173 0.0988 8.0000 0.0157 
12.0000 0.5469 0.1536 8.0000 0.0260 
13.0000 0.5527 0.1536 7.0000 0.0317 
14.0000 0.5627 0.1626 8.0000 0.0261 
15.0000 0.5142 0.0826 4.0000 0.0240 
16.0000 0.4448 0.1872 8.0000 0.0340 
17.0000 0.4690 0.2148 10.0000 0.0327 
18.0000 0.4806 0.1754 10.0000 0.0234 
19.0000 0.4686 0.1226 7.0000 0.0255 
20.0000 0.4322 0.1214 8.0000 0.0182 
21.0000 0.4274 0.1306 8.0000 0.0238 
22.0000 0.4189 0.1522 9.0000 0.0253 
23.0000 0.3953 0.1402 6.0000 0.0341 
24.0000 0.3695 0.1340 7.0000 0.0278 
25.0000 0.3705 0.1976 10.0000 0.0297 
26.0000 0.3716 0.1685 11.0000 0.0203 
28.0000 0.3874 0.1044 5.0000 0.0308 
28.0000 0.3874 0.0355 4.0000 0.0197 
29.0000 0.3852 0.0731 4.0000 0.0192 
30.0000 0.3812 0.1375 9.0000 0.0222 
31.0000 0.3837 0.1210 7.0000 0.0292 
32.0000 0.3744 0.1537 9.0000 0.0233 
33.0000 0.3763 0.1059 9.0000 0.0229 
34.0000 0.3827 0.1265 9.0000 0.0249 
35.0000 0.3788 0.1569 6.0000 0.0347 
36.0000 0.3724 0.1516 10.0000 0.0171 
37.0000 0.3467 0.1699 9.0000 0.0255 
38.0000 0.3358 0.1619 10.0000 0.0263 
39.0000 0.3247 0.1492 11.0000 0.0190 
40.0000 0.3260 0.1317 9.0000 0.0165 
41.0000 0.3249 0.1294 10.0000 0.0199 
42.0000 0.3238 0.0729 4.0000 0.0257 
43.0000 0.3303 0.1407 18.0000 0.0320 
44.0000 0.3344 0.1303 9.0000 0.0198 
45.0000 0.3328 0.1290 10.0000 0.0164 
46.0000 0.3314 0.1348 8.0000 0.0197 
47.0000 0.3228 0.1433 8.0000 0.0284 
49.0000 0.3339 0.1876 9.0000 0.0292 
49.0000 0.3339 0.0170 4.0000 0.0077 
50.0000 0.3396 0.1280 8.0000 0.0208 
51.0000 0.3375 0.1497 8.0000 0.0317 
52.0000 0.3433 0.1695 9.0000 0.0250 
53.0000 0.3479 0.1838 9.0000 0.0338 
54.0000 0.3534 0.1986 10.0000 0.0269 
55.0000 0.3554 0.1674 7.0000 0.0420 
56.0000 0.3590 0.1535 9.0000 0.0253 
57.0000 0.3633 0.2016 11.0000 0.0219 
58.0000 0.3693 0.2198 9.0000 0.0386 
59.0000 0.3737 0.1794 9.0000 0.0252 
60.0000 0.3716 0.1300 9.0000 0.0289 
63.0000 0.3865 0.1876 13.0000 0.0257 
63.0000 0.3865 0.2264 8.0000 0.0452 
63.0000 0.3865 0.2335 9.0000 0.0327 
64.0000 0.3884 0.1397 9.0000 0.0103 
65.0000 0.3890 0.1638 7.0000 0.0337 
66.0000 0.3738 0.1802 10.0000 0.0248 
67.0000 0.3726 0.1507 9.0000 0.0248 
68.0000 0.3740 0.1838 11.0000 0.0237 
69.0000 0.3783 0.0514 6.0000 0.0083 