
1.0000 2.5641 0.1692 8.0000 0.0311 
3.0000 3.1915 0.1638 4.0000 0.0755 
3.0000 3.1915 0.1787 8.0000 0.0227 
4.0000 2.7211 0.1602 32.0000 0.0351 
5.0000 1.6502 0.1271 8.0000 0.0281 
6.0000 1.7192 0.1678 10.0000 0.0190 
7.0000 1.4257 0.1902 10.0000 0.0272 
8.0000 1.4842 0.1640 12.0000 0.0290 
9.0000 1.5464 0.1656 8.0000 0.0320 
10.0000 1.6234 0.1428 11.0000 0.0139 
11.0000 1.3614 0.2225 10.0000 0.0294 
12.0000 1.0462 0.1111 7.0000 0.0204 
13.0000 1.1130 0.1625 7.0000 0.0374 
14.0000 1.1050 0.1714 7.0000 0.0364 
15.0000 0.9340 0.1626 10.0000 0.0249 
16.0000 0.9750 0.1829 10.0000 0.0265 
17.0000 1.0012 0.1750 12.0000 0.0247 
18.0000 0.9409 0.1810 10.0000 0.0243 
19.0000 0.9411 0.1644 10.0000 0.0226 
20.0000 0.8632 0.1169 8.0000 0.0380 
21.0000 0.8130 0.1383 8.0000 0.0271 
22.0000 0.8026 0.1227 8.0000 0.0174 
23.0000 0.7386 0.1299 9.0000 0.0162 
24.0000 0.6889 0.1340 9.0000 0.0186 
25.0000 0.6363 0.1272 9.0000 0.0191 
26.0000 0.6168 0.1370 9.0000 0.0182 
28.0000 0.6513 0.0979 6.0000 0.0208 
28.0000 0.6513 0.0184 3.0000 0.0075 
29.0000 0.6476 0.1789 10.0000 0.0232 
30.0000 0.6468 0.1824 10.0000 0.0281 
31.0000 0.6592 0.1872 13.0000 0.0220 
32.0000 0.6154 0.1467 11.0000 0.0143 
33.0000 0.6112 0.2119 13.0000 0.0243 
34.0000 0.6148 0.1384 10.0000 0.0202 
35.0000 0.6269 0.0616 7.0000 0.0205 
36.0000 0.6421 0.1516 12.0000 0.0203 
37.0000 0.6457 0.1804 7.0000 0.0370 
38.0000 0.6211 0.1548 9.0000 0.0338 
39.0000 0.6200 0.1664 8.0000 0.0282 
40.0000 0.6219 0.1259 9.0000 0.0214 
41.0000 0.6109 0.1308 8.0000 0.0175 
42.0000 0.6108 0.1399 11.0000 0.0202 
43.0000 0.6048 0.1017 8.0000 0.0207 
44.0000 0.5983 0.1911 12.0000 0.0192 
45.0000 0.5951 0.1427 10.0000 0.0164 
46.0000 0.6046 0.1413 11.0000 0.0162 
47.0000 0.6117 0.1311 8.0000 0.0312 
48.0000 0.6197 0.1233 11.0000 0.0220 
49.0000 0.6206 0.1415 9.0000 0.0274 
50.0000 0.6158 0.1645 10.0000 0.0208 
51.0000 0.6013 0.1086 8.0000 0.0145 
53.0000 0.6114 0.1359 8.0000 0.0206 
53.0000 0.6114 0.0285 3.0000 0.0222 
54.0000 0.5945 0.1970 11.0000 0.0260 
55.0000 0.5967 0.1248 9.0000 0.0147 
56.0000 0.5720 0.1487 8.0000 0.0259 
58.0000 0.5815 0.1330 9.0000 0.0210 
58.0000 0.5815 0.0121 3.0000 0.0074 
60.0000 0.5950 0.1146 8.0000 0.0156 
60.0000 0.5950 0.0195 3.0000 0.0127 
61.0000 0.5999 0.1374 14.0000 0.0128 
63.0000 0.5929 0.1190 7.0000 0.0234 
63.0000 0.5929 0.0370 4.0000 0.0190 
64.0000 0.5932 0.0986 10.0000 0.0122 
65.0000 0.5992 0.1203 12.0000 0.0157 
66.0000 0.6042 0.0792 7.0000 0.0251 
67.0000 0.6024 0.0522 7.0000 0.0136 
68.0000 0.6015 0.1582 9.0000 0.0199 
69.0000 0.5885 0.1758 10.0000 0.0197 
71.0000 0.5973 0.0621 7.0000 0.0073 
71.0000 0.5973 0.0284 3.0000 0.0213 
72.0000 0.6032 0.1266 11.0000 0.0169 
73.0000 0.5984 0.1865 12.0000 0.0250 
74.0000 0.5876 0.1397 8.0000 0.0216 
75.0000 0.5888 0.0903 6.0000 0.0182 
77.0000 0.5872 0.1618 8.0000 0.0218 
77.0000 0.5872 0.0295 3.0000 0.0144 
78.0000 0.5917 0.1877 14.0000 0.0177 
79.0000 0.5939 0.1394 9.0000 0.0227 
80.0000 0.5992 0.1675 9.0000 0.0255 
82.0000 0.6075 0.1303 8.0000 0.0207 
82.0000 0.6075 0.0248 3.0000 0.0179 
84.0000 0.6165 0.1613 8.0000 0.0323 
84.0000 0.6165 0.0221 4.0000 0.0095 
85.0000 0.6185 0.1605 14.0000 0.0175 
86.0000 0.6168 0.1699 11.0000 0.0238 
87.0000 0.6220 0.1626 13.0000 0.0341 
88.0000 0.6259 0.1520 8.0000 0.0268 
90.0000 0.6358 0.1555 9.0000 0.0185 
90.0000 0.6358 0.0382 4.0000 0.0154 
91.0000 0.6361 0.1081 24.0000 0.0219 
93.0000 0.6443 0.1156 7.0000 0.0237 
93.0000 0.6443 0.0423 5.0000 0.0160 
94.0000 0.6487 0.1306 9.0000 0.0288 
95.0000 0.6489 0.1184 9.0000 0.0333 
96.0000 0.6520 0.1253 8.0000 0.0204 
97.0000 0.6573 0.1447 9.0000 0.0321 
98.0000 0.6500 0.1477 11.0000 0.0184 
99.0000 0.6429 0.1359 9.0000 0.0188 
100.0000 0.6373 0.1534 9.0000 0.0222 
101.0000 0.6411 0.1177 10.0000 0.0211 
102.0000 0.6241 0.0934 4.0000 0.0259 
103.0000 0.6162 0.1348 10.0000 0.0124 
104.0000 0.6182 0.1161 7.0000 0.0330 
105.0000 0.6210 0.1479 12.0000 0.0145 
106.0000 0.6240 0.1425 11.0000 0.0167 
107.0000 0.6254 0.1335 8.0000 0.0231 
108.0000 0.6190 0.1378 10.0000 0.0223 
109.0000 0.6153 0.1359 9.0000 0.0203 
110.0000 0.6134 0.1299 6.0000 0.0274 
111.0000 0.6153 0.1552 11.0000 0.0296 
113.0000 0.6250 0.2083 13.0000 0.0523 
113.0000 0.6250 0.1913 9.0000 0.0235 