
2.0000 1.8182 0.1428 8.0000 0.0154 
2.0000 1.8182 0.0273 3.0000 0.0218 
3.0000 2.2556 0.1407 7.0000 0.0291 
5.0000 3.2895 0.0968 5.0000 0.0435 
5.0000 3.2895 0.0452 4.0000 0.0242 
7.0000 2.2727 0.1300 4.0000 0.0515 
7.0000 2.2727 0.1040 6.0000 0.0272 
8.0000 1.9277 0.1403 8.0000 0.0224 
9.0000 1.9108 0.1789 10.0000 0.0232 
10.0000 1.8149 0.0591 5.0000 0.0153 
11.0000 1.9435 0.1508 9.0000 0.0216 
12.0000 2.0478 0.1977 11.0000 0.0218 
13.0000 1.6230 0.1695 7.0000 0.0319 
14.0000 1.6990 0.1868 8.0000 0.0317 
15.0000 1.7857 0.1101 8.0000 0.0172 
16.0000 1.6807 0.1496 8.0000 0.0343 
17.0000 1.7436 0.1694 8.0000 0.0308 
18.0000 1.3647 0.1551 8.0000 0.0313 
19.0000 1.4095 0.1751 14.0000 0.0321 
21.0000 1.4141 0.1273 8.0000 0.0225 
21.0000 1.4141 0.0109 3.0000 0.0070 
22.0000 1.3103 0.1698 7.0000 0.0320 
23.0000 1.3295 0.1238 9.0000 0.0197 
24.0000 1.2959 0.0678 5.0000 0.0243 
25.0000 1.3333 0.1362 10.0000 0.0179 
26.0000 1.3793 0.0930 5.0000 0.0211 
27.0000 1.3860 0.1225 7.0000 0.0212 
28.0000 1.1900 0.1223 7.0000 0.0271 
29.0000 1.2180 0.0536 8.0000 0.0138 
31.0000 1.2938 0.1690 7.0000 0.0451 
31.0000 1.2938 0.0346 3.0000 0.0217 
32.0000 1.2872 0.0817 8.0000 0.0124 
34.0000 1.1789 0.0752 5.0000 0.0266 
34.0000 1.1789 0.0294 5.0000 0.0111 
35.0000 1.1154 0.1047 8.0000 0.0152 
37.0000 1.1687 0.1783 7.0000 0.0757 
37.0000 1.1687 0.0579 4.0000 0.0021 
39.0000 1.2195 0.1475 7.0000 0.0291 
39.0000 1.2195 0.0190 3.0000 0.0104 
40.0000 1.2457 0.1334 6.0000 0.0332 
42.0000 1.2911 0.1761 9.0000 0.0264 
42.0000 1.2911 0.1447 9.0000 0.0294 
43.0000 1.3007 0.1546 11.0000 0.0187 
44.0000 1.3130 0.1033 7.0000 0.0219 
45.0000 1.3220 0.1201 13.0000 0.0181 
46.0000 1.3360 0.0674 7.0000 0.0132 
47.0000 1.3537 0.0576 4.0000 0.0310 
48.0000 1.3703 0.1562 12.0000 0.0159 
49.0000 1.3885 0.1340 9.0000 0.0194 
53.0000 1.4809 0.1307 10.0000 0.0214 
53.0000 1.4809 0.1394 8.0000 0.0261 
53.0000 1.4809 0.0390 4.0000 0.0172 
53.0000 1.4809 0.1158 9.0000 0.0218 
54.0000 1.4856 0.0445 5.0000 0.0200 
55.0000 1.5056 0.0931 7.0000 0.0313 
56.0000 1.4679 0.0755 5.0000 0.0220 
57.0000 1.3109 0.0680 8.0000 0.0183 
58.0000 1.2356 0.0592 14.0000 0.0182 
59.0000 1.2416 0.0613 4.0000 0.0224 
60.0000 1.2587 0.1060 7.0000 0.0275 
61.0000 1.2740 0.1309 9.0000 0.0251 
62.0000 1.2855 0.1050 8.0000 0.0229 
63.0000 1.2847 0.1392 9.0000 0.0190 
64.0000 1.2950 0.1277 8.0000 0.0339 
65.0000 1.3094 0.1592 12.0000 0.0194 
66.0000 1.3171 0.1240 8.0000 0.0188 
67.0000 1.3225 0.1154 9.0000 0.0260 
68.0000 1.3222 0.1184 8.0000 0.0198 
69.0000 1.3158 0.1029 4.0000 0.0552 
70.0000 1.3001 0.0964 8.0000 0.0159 
71.0000 1.2841 0.1479 5.0000 0.0708 
73.0000 1.3163 0.1700 5.0000 0.0928 
73.0000 1.3163 0.0918 5.0000 0.0210 
75.0000 1.3487 0.1218 3.0000 0.0515 
75.0000 1.3487 0.1203 8.0000 0.0181 
76.0000 1.3444 0.1124 6.0000 0.0279 
77.0000 1.2608 0.0811 5.0000 0.0135 
78.0000 1.2743 0.1593 6.0000 0.0383 
79.0000 1.2602 0.1065 7.0000 0.0239 
84.0000 1.3251 0.1757 9.0000 0.0304 
84.0000 1.3251 0.1802 8.0000 0.0266 
84.0000 1.3251 0.1966 16.0000 0.0146 
84.0000 1.3251 0.1557 8.0000 0.0295 
84.0000 1.3251 0.0176 4.0000 0.0106 
86.0000 1.3360 0.0970 6.0000 0.0225 
86.0000 1.3360 0.1541 8.0000 0.0293 
87.0000 1.3455 0.1904 9.0000 0.0344 
89.0000 1.3625 0.1290 7.0000 0.0209 
89.0000 1.3625 0.0189 3.0000 0.0123 
90.0000 1.3653 0.1222 8.0000 0.0181 
91.0000 1.3732 0.1915 7.0000 0.0391 
93.0000 1.3903 0.1202 8.0000 0.0188 
93.0000 1.3903 0.0275 3.0000 0.0211 
95.0000 1.3932 0.0904 6.0000 0.0198 
95.0000 1.3932 0.1237 9.0000 0.0240 
96.0000 1.4002 0.0592 7.0000 0.0166 
98.0000 1.4265 0.0706 4.0000 0.0300 
98.0000 1.4265 0.0592 3.0000 0.0244 
99.0000 1.4103 0.1210 8.0000 0.0212 
100.0000 1.4221 0.0971 6.0000 0.0201 
101.0000 1.4336 0.1149 9.0000 0.0251 
102.0000 1.4294 0.1184 5.0000 0.0282 
103.0000 1.4209 0.1149 6.0000 0.0246 
104.0000 1.4315 0.1155 8.0000 0.0214 
105.0000 1.4423 0.1091 11.0000 0.0168 
106.0000 1.4441 0.0949 10.0000 0.0113 
107.0000 1.3903 0.0955 8.0000 0.0116 
108.0000 1.3955 0.0655 5.0000 0.0216 
109.0000 1.3427 0.0575 5.0000 0.0141 
110.0000 1.3199 0.1104 9.0000 0.0131 
111.0000 1.3268 0.0876 13.0000 0.0167 
112.0000 1.3251 0.1013 7.0000 0.0235 
113.0000 1.3275 0.1237 8.0000 0.0214 
114.0000 1.3335 0.0756 10.0000 0.0115 
115.0000 1.3402 0.1363 7.0000 0.0286 
116.0000 1.3369 0.0489 5.0000 0.0138 
117.0000 1.3405 0.1117 7.0000 0.0221 
118.0000 1.3490 0.0734 6.0000 0.0176 
119.0000 1.3484 0.0649 6.0000 0.0256 
120.0000 1.3445 0.0927 6.0000 0.0171 
121.0000 1.3536 0.1136 7.0000 0.0242 
123.0000 1.3689 0.0339 3.0000 0.0203 
123.0000 1.3689 0.0269 3.0000 0.0201 
124.0000 1.3737 0.0849 6.0000 0.0212 
126.0000 1.3898 0.0811 7.0000 0.0231 
126.0000 1.3898 0.0291 3.0000 0.0230 
127.0000 1.3567 0.0715 8.0000 0.0125 
129.0000 1.3722 0.0509 4.0000 0.0159 
129.0000 1.3722 0.0236 3.0000 0.0185 
130.0000 1.3676 0.1565 11.0000 0.0169 
132.0000 1.3656 0.1433 5.0000 0.0428 
132.0000 1.3656 0.0420 4.0000 0.0167 
135.0000 1.3929 0.0593 8.0000 0.0124 
135.0000 1.3929 0.0955 3.0000 0.0468 
135.0000 1.3929 0.0790 6.0000 0.0169 
136.0000 1.3999 0.0700 6.0000 0.0177 
137.0000 1.4027 0.1125 9.0000 0.0151 
138.0000 1.4096 0.1209 8.0000 0.0212 
139.0000 1.4169 0.1371 8.0000 0.0237 
140.0000 1.4206 0.1105 7.0000 0.0208 
141.0000 1.4253 0.0917 8.0000 0.0197 
142.0000 1.4307 0.0687 7.0000 0.0254 
143.0000 1.4373 0.1168 9.0000 0.0183 
144.0000 1.4426 0.1394 10.0000 0.0175 
145.0000 1.4501 0.1314 11.0000 0.0151 
146.0000 1.4545 0.0947 9.0000 0.0149 
147.0000 1.4547 0.1777 8.0000 0.0287 
148.0000 1.4568 0.1566 9.0000 0.0306 
149.0000 1.4625 0.1808 10.0000 0.0190 
150.0000 1.4684 0.1567 8.0000 0.0266 
151.0000 1.4714 0.1659 10.0000 0.0228 
152.0000 1.4783 0.1476 8.0000 0.0292 
153.0000 1.4844 0.1948 12.0000 0.0213 
154.0000 1.4904 0.1849 12.0000 0.0260 
155.0000 1.4967 0.1756 8.0000 0.0362 
156.0000 1.4958 0.1643 11.0000 0.0216 
159.0000 1.4963 0.1384 11.0000 0.0247 
159.0000 1.4963 0.1295 10.0000 0.0212 
159.0000 1.4963 0.1550 10.0000 0.0133 
160.0000 1.5031 0.1145 8.0000 0.0217 
161.0000 1.5089 0.1528 7.0000 0.0286 
163.0000 1.5251 0.0643 9.0000 0.0203 
163.0000 1.5251 0.0373 3.0000 0.0215 
164.0000 1.5306 0.1146 10.0000 0.0143 
165.0000 1.5158 0.1078 8.0000 0.0162 
166.0000 1.5220 0.1112 8.0000 0.0189 
167.0000 1.5268 0.0886 11.0000 0.0114 
168.0000 1.5342 0.0599 6.0000 0.0203 
170.0000 1.5424 0.0922 4.0000 0.0540 
170.0000 1.5424 0.2106 3.0000 0.0883 
171.0000 1.5436 0.1938 11.0000 0.0213 
173.0000 1.5381 0.1192 6.0000 0.0234 
173.0000 1.5381 0.0192 5.0000 0.0078 
174.0000 1.5417 0.1250 8.0000 0.0206 
175.0000 1.5480 0.1627 12.0000 0.0200 
176.0000 1.5522 0.1838 11.0000 0.0211 
177.0000 1.5425 0.0975 5.0000 0.0311 
178.0000 1.5442 0.0955 7.0000 0.0210 
179.0000 1.5456 0.1105 6.0000 0.0266 
180.0000 1.5511 0.2152 7.0000 0.0468 
181.0000 1.5565 0.2255 10.0000 0.0641 
182.0000 1.5612 0.0513 3.0000 0.0183 
183.0000 1.5644 0.1158 7.0000 0.0175 
184.0000 1.5505 0.1749 6.0000 0.0446 
185.0000 1.5362 0.1022 14.0000 0.0095 
186.0000 1.5410 0.1787 11.0000 0.0249 
187.0000 1.5446 0.1598 7.0000 0.0341 
188.0000 1.5485 0.2088 10.0000 0.0270 
189.0000 1.5459 0.1045 6.0000 0.0176 
190.0000 1.5499 0.1312 8.0000 0.0198 
191.0000 1.5367 0.1611 11.0000 0.0194 
192.0000 1.5407 0.1530 9.0000 0.0271 
193.0000 1.5445 0.2089 11.0000 0.0299 
194.0000 1.5472 0.0886 6.0000 0.0348 
195.0000 1.5533 0.1171 10.0000 0.0269 
196.0000 1.5577 0.0846 6.0000 0.0171 
197.0000 1.5625 0.0974 4.0000 0.0205 
198.0000 1.5663 0.1859 11.0000 0.0240 
199.0000 1.5684 0.1231 9.0000 0.0171 
200.0000 1.5732 0.1589 9.0000 0.0298 
201.0000 1.5768 0.1969 11.0000 0.0230 
202.0000 1.5720 0.1183 10.0000 0.0167 
203.0000 1.5732 0.1536 7.0000 0.0276 
206.0000 1.5909 0.1808 9.0000 0.0255 
206.0000 1.5909 0.2123 5.0000 0.1211 
206.0000 1.5909 0.0991 7.0000 0.0131 
207.0000 1.5868 0.1913 9.0000 0.0255 
209.0000 1.5977 0.1737 9.0000 0.0420 
209.0000 1.5977 0.0384 4.0000 0.0119 
210.0000 1.5968 0.1212 7.0000 0.0313 
211.0000 1.6018 0.1227 8.0000 0.0194 
212.0000 1.6058 0.1536 12.0000 0.0190 
213.0000 1.6067 0.0837 12.0000 0.1195 
214.0000 1.6117 0.2091 10.0000 0.0305 
215.0000 1.6174 0.1021 7.0000 0.0385 
216.0000 1.6234 0.0827 5.0000 0.0286 
217.0000 1.6246 0.1951 11.0000 0.0294 
218.0000 1.6299 0.2287 8.0000 0.0367 
219.0000 1.6352 0.1633 8.0000 0.0352 
220.0000 1.6378 0.1187 9.0000 0.0196 
221.0000 1.6413 0.1776 9.0000 0.0261 
226.0000 1.6689 0.1632 13.0000 0.0147 
226.0000 1.6689 0.1496 10.0000 0.0241 
226.0000 1.6689 0.1248 10.0000 0.0537 
226.0000 1.6689 0.0760 9.0000 0.0085 
226.0000 1.6689 0.1486 11.0000 0.0193 
227.0000 1.6719 0.1116 9.0000 0.0147 
228.0000 1.6776 0.1610 11.0000 0.0185 
229.0000 1.6830 0.0695 5.0000 0.0176 
230.0000 1.6882 0.0675 5.0000 0.0151 
232.0000 1.6994 0.2307 6.0000 0.1087 
232.0000 1.6994 0.2040 5.0000 0.0395 
233.0000 1.7031 0.1449 11.0000 0.0195 
234.0000 1.7063 0.1018 7.0000 0.0124 
235.0000 1.7118 0.0808 10.0000 0.0157 
236.0000 1.7111 0.1397 6.0000 0.0276 
237.0000 1.7144 0.2062 12.0000 0.0268 
238.0000 1.7185 0.1636 10.0000 0.0236 
239.0000 1.7225 0.1897 11.0000 0.0216 
240.0000 1.7274 0.2108 10.0000 0.0291 
241.0000 1.7326 0.2094 13.0000 0.0257 
242.0000 1.7361 0.0988 7.0000 0.0182 
243.0000 1.7392 0.1184 10.0000 0.0151 
244.0000 1.7407 0.1779 12.0000 0.0189 
245.0000 1.7429 0.1898 12.0000 0.0216 
246.0000 1.7391 0.1404 11.0000 0.0159 
247.0000 1.7370 0.1898 11.0000 0.0263 
248.0000 1.7413 0.1727 9.0000 0.0296 
249.0000 1.7464 0.1469 11.0000 0.0224 
250.0000 1.7478 0.1439 16.0000 0.0283 
251.0000 1.7523 0.1998 12.0000 0.0244 
252.0000 1.7544 0.1336 9.0000 0.0228 
253.0000 1.7588 0.1059 9.0000 0.0165 
254.0000 1.7635 0.1004 9.0000 0.0140 
255.0000 1.7686 0.1241 7.0000 0.0250 
257.0000 1.7784 0.1123 6.0000 0.0219 
257.0000 1.7784 0.0202 4.0000 0.0092 
258.0000 1.7830 0.1302 12.0000 0.0164 
260.0000 1.7926 0.0499 3.0000 0.0201 
260.0000 1.7926 0.1514 10.0000 0.0289 
261.0000 1.7960 0.1555 11.0000 0.0209 
266.0000 1.8202 0.1960 9.0000 0.0415 
266.0000 1.8202 0.0504 3.0000 0.0329 
266.0000 1.8202 0.1576 9.0000 0.0336 
266.0000 1.8202 0.1260 10.0000 0.0214 
266.0000 1.8202 0.1258 8.0000 0.0218 
267.0000 1.8234 0.1501 8.0000 0.0285 
268.0000 1.8269 0.1542 11.0000 0.0205 
269.0000 1.8318 0.1576 11.0000 0.0232 
271.0000 1.8398 0.1511 17.0000 0.0218 
271.0000 1.8398 0.1323 11.0000 0.0168 
272.0000 1.8432 0.1388 8.0000 0.0240 
273.0000 1.8483 0.0912 8.0000 0.0233 
274.0000 1.8526 0.1239 8.0000 0.0186 
275.0000 1.8554 0.1473 10.0000 0.0205 
276.0000 1.8600 0.1107 8.0000 0.0213 
277.0000 1.8631 0.1702 11.0000 0.0198 
278.0000 1.8670 0.1590 8.0000 0.0368 
279.0000 1.8697 0.1274 9.0000 0.0180 
280.0000 1.8725 0.1691 12.0000 0.0184 
281.0000 1.8747 0.1315 10.0000 0.0233 
282.0000 1.8789 0.1343 10.0000 0.0192 
283.0000 1.8798 0.1898 11.0000 0.0239 
284.0000 1.8818 0.1735 12.0000 0.0176 
285.0000 1.8845 0.1746 11.0000 0.0223 
286.0000 1.8893 0.1395 11.0000 0.0172 
287.0000 1.8904 0.1358 10.0000 0.0173 
288.0000 1.8888 0.0965 7.0000 0.0057 
290.0000 1.8952 0.1384 15.0000 0.0273 
290.0000 1.8952 0.1558 13.0000 0.0277 
291.0000 1.8959 0.1385 7.0000 0.0316 
292.0000 1.8955 0.2261 8.0000 0.0501 
293.0000 1.8982 0.1513 6.0000 0.0382 
294.0000 1.8982 0.0417 6.0000 0.0220 
295.0000 1.9030 0.1762 11.0000 0.0212 
296.0000 1.9053 0.2151 10.0000 0.0319 
297.0000 1.9035 0.1382 7.0000 0.0235 
298.0000 1.9083 0.1053 8.0000 0.0214 
299.0000 1.9125 0.1138 10.0000 0.0183 
300.0000 1.9139 0.1394 12.0000 0.0117 
301.0000 1.8836 0.0914 4.0000 0.0356 
303.0000 1.8809 0.1452 11.0000 0.0157 
303.0000 1.8809 0.0220 3.0000 0.0195 
304.0000 1.8793 0.0632 11.0000 0.0109 
305.0000 1.8763 0.1938 10.0000 0.0281 
306.0000 1.8779 0.1883 6.0000 0.0390 
307.0000 1.8531 0.0873 4.0000 0.0348 
308.0000 1.8559 0.1221 7.0000 0.0248 
309.0000 1.8597 0.1316 10.0000 0.0193 
310.0000 1.8621 0.1750 9.0000 0.0262 
311.0000 1.8644 0.1410 8.0000 0.0221 
312.0000 1.8494 0.1823 9.0000 0.0373 
313.0000 1.8129 0.1307 9.0000 0.0203 
314.0000 1.8163 0.1137 11.0000 0.0104 
315.0000 1.8200 0.1371 8.0000 0.0247 
316.0000 1.8232 0.1458 9.0000 0.0257 
317.0000 1.8255 0.1373 6.0000 0.0378 
318.0000 1.8296 0.1491 10.0000 0.0243 
319.0000 1.8329 0.1429 8.0000 0.0240 
320.0000 1.8352 0.1857 13.0000 0.0198 
321.0000 1.8008 0.1004 6.0000 0.0199 
322.0000 1.7994 0.1609 8.0000 0.0308 
324.0000 1.8003 0.1748 8.0000 0.0288 
324.0000 1.8003 0.0280 3.0000 0.0176 
325.0000 1.7918 0.1985 8.0000 0.0338 
326.0000 1.7925 0.1023 8.0000 0.0167 
327.0000 1.7948 0.2115 12.0000 0.0303 
328.0000 1.7907 0.1555 9.0000 0.0203 
329.0000 1.7949 0.1104 8.0000 0.0194 
330.0000 1.7952 0.1991 11.0000 0.0314 
331.0000 1.7979 0.1945 11.0000 0.0289 
332.0000 1.7997 0.1742 8.0000 0.0311 
333.0000 1.8019 0.2149 10.0000 0.0269 
334.0000 1.7992 0.1754 9.0000 0.0250 
335.0000 1.8019 0.1979 11.0000 0.0216 
336.0000 1.8037 0.1674 10.0000 0.0230 
337.0000 1.8076 0.1567 9.0000 0.0208 
338.0000 1.8104 0.1405 8.0000 0.0269 
339.0000 1.8060 0.1007 7.0000 0.0247 
340.0000 1.8092 0.1529 9.0000 0.0190 
341.0000 1.8129 0.1820 11.0000 0.0241 
342.0000 1.8163 0.1794 11.0000 0.0210 
343.0000 1.8190 0.2047 8.0000 0.0465 