
2.0000 0.0604 0.0756 4.0000 0.0458 
2.0000 0.0604 0.0749 3.0000 0.0383 
3.0000 0.0902 0.0796 9.0000 0.0205 
5.0000 0.1314 0.0508 5.0000 0.0168 
5.0000 0.1314 0.0184 3.0000 0.0047 
6.0000 0.1546 0.0771 8.0000 0.0218 
7.0000 0.1565 0.0922 12.0000 0.0239 
8.0000 0.1783 0.0928 7.0000 0.0237 
9.0000 0.1998 0.1223 13.0000 0.0159 
10.0000 0.2191 0.0858 9.0000 0.0167 
11.0000 0.2380 0.0716 7.0000 0.0236 
12.0000 0.1736 0.0526 8.0000 0.0163 
13.0000 0.1752 0.0640 6.0000 0.0137 
14.0000 0.1855 0.0687 11.0000 0.0139 
15.0000 0.1972 0.1084 11.0000 0.0166 
16.0000 0.2084 0.0782 14.0000 0.0075 
17.0000 0.2210 0.0529 8.0000 0.0202 
18.0000 0.2326 0.0590 10.0000 0.0122 
20.0000 0.2448 0.0571 9.0000 0.0160 
20.0000 0.2448 0.0232 4.0000 0.0146 
21.0000 0.2526 0.0429 6.0000 0.0196 
22.0000 0.2636 0.0953 15.0000 0.0189 
24.0000 0.2849 0.1478 44.0000 0.0224 
24.0000 0.2849 0.1047 20.0000 0.0171 
25.0000 0.2944 0.0254 8.0000 0.0182 
26.0000 0.3037 0.0592 5.0000 0.0080 
27.0000 0.3148 0.0833 8.0000 0.0115 
28.0000 0.3200 0.1169 15.0000 0.0217 
29.0000 0.3270 0.0686 9.0000 0.0175 
30.0000 0.3375 0.1050 14.0000 0.0149 
31.0000 0.3457 0.0656 9.0000 0.0137 
32.0000 0.3527 0.0908 8.0000 0.0316 
33.0000 0.3616 0.0846 10.0000 0.0195 
34.0000 0.3658 0.0751 14.0000 0.0183 
35.0000 0.3743 0.0826 20.0000 0.0131 
36.0000 0.3797 0.0787 17.0000 0.0174 
37.0000 0.3867 0.0877 16.0000 0.0068 
38.0000 0.3912 0.0816 9.0000 0.0140 
39.0000 0.3859 0.0829 7.0000 0.0279 
40.0000 0.3908 0.0414 11.0000 0.0076 
42.0000 0.3890 0.0417 4.0000 0.0153 
42.0000 0.3890 0.0293 4.0000 0.0095 
43.0000 0.3229 0.0521 8.0000 0.0110 
44.0000 0.3285 0.0585 9.0000 0.0133 
45.0000 0.3351 0.0736 7.0000 0.0151 
46.0000 0.3418 0.0900 10.0000 0.0136 
47.0000 0.3487 0.1108 9.0000 0.0181 
48.0000 0.3557 0.1178 7.0000 0.0225 
49.0000 0.3618 0.0745 7.0000 0.0110 
51.0000 0.3757 0.1202 11.0000 0.0212 
51.0000 0.3757 0.1209 9.0000 0.0171 
52.0000 0.3772 0.1845 16.0000 0.0328 