
1.0000 1.9608 0.1371 6.0000 0.0328 
2.0000 1.9608 0.1590 7.0000 0.0283 
3.0000 2.2556 0.1721 7.0000 0.0291 
4.0000 2.5806 0.1724 7.0000 0.0454 
5.0000 2.0747 0.0707 3.0000 0.0393 
6.0000 2.1201 0.1202 4.0000 0.0463 
7.0000 2.2654 0.1483 5.0000 0.0508 
8.0000 2.1918 0.1134 5.0000 0.0476 
9.0000 2.2727 0.1728 6.0000 0.0505 
10.0000 2.2624 0.1825 10.0000 0.0271 
11.0000 2.3454 0.1741 8.0000 0.0383 
12.0000 2.0833 0.1385 6.0000 0.0348 
13.0000 2.1959 0.1403 6.0000 0.0311 
14.0000 2.1605 0.1488 5.0000 0.0451 
15.0000 2.1645 0.1313 6.0000 0.0326 
16.0000 2.2504 0.1914 10.0000 0.0256 
17.0000 2.2819 0.1244 7.0000 0.0214 
18.0000 2.3256 0.1512 8.0000 0.0231 
19.0000 2.4112 0.1913 3.0000 0.1056 
20.0000 2.3419 0.1510 4.0000 0.0497 
21.0000 2.2629 0.1111 5.0000 0.0280 
22.0000 2.1718 0.0603 3.0000 0.0231 
23.0000 2.1989 0.1319 9.0000 0.0003 
24.0000 2.2161 0.1460 9.0000 0.0208 
25.0000 2.1701 0.1808 9.0000 0.0277 
26.0000 2.1541 0.2043 5.0000 0.0486 
27.0000 1.9481 0.1732 4.0000 0.0616 
28.0000 1.9139 0.1370 6.0000 0.0291 
29.0000 1.9092 0.1855 5.0000 0.0553 
30.0000 1.9145 0.1599 7.0000 0.0306 
33.0000 2.0522 0.1963 7.0000 0.0402 
33.0000 2.0522 0.1782 8.0000 0.0317 
33.0000 2.0522 0.1672 7.0000 0.0224 
34.0000 2.0619 0.1858 5.0000 0.0577 
35.0000 2.0871 0.1915 7.0000 0.0502 
36.0000 2.0536 0.1544 6.0000 0.0391 
37.0000 2.0131 0.1310 5.0000 0.0310 
39.0000 2.0690 0.1427 7.0000 0.0691 
39.0000 2.0690 0.1572 4.0000 0.0414 
40.0000 2.0888 0.0854 4.0000 0.0257 
41.0000 2.0297 0.1492 5.0000 0.0345 
42.0000 2.0192 0.1813 9.0000 0.0367 
43.0000 2.0476 0.1447 7.0000 0.0292 
44.0000 2.0667 0.1635 7.0000 0.0381 
45.0000 2.0950 0.1446 8.0000 0.0212 
46.0000 2.0472 0.1611 7.0000 0.0317 
47.0000 2.0614 0.2058 7.0000 0.0399 
48.0000 2.0797 0.1826 7.0000 0.0333 
49.0000 2.0869 0.1948 8.0000 0.0327 
50.0000 2.0894 0.1723 5.0000 0.0465 
51.0000 2.0962 0.2035 9.0000 0.0414 
52.0000 2.1138 0.1722 7.0000 0.0348 
53.0000 2.1328 0.1706 8.0000 0.0432 
54.0000 2.1531 0.1560 5.0000 0.0404 
55.0000 2.1577 0.1914 7.0000 0.0310 
57.0000 2.1461 0.1321 5.0000 0.0290 
57.0000 2.1461 0.1706 8.0000 0.0333 
58.0000 2.1747 0.1523 8.0000 0.0245 
59.0000 2.1755 0.1781 8.0000 0.0295 
60.0000 2.1850 0.1368 4.0000 0.0377 
61.0000 2.2038 0.1704 8.0000 0.0314 
62.0000 2.2096 0.2005 7.0000 0.0582 
63.0000 2.2301 0.1412 4.0000 0.0644 
64.0000 2.2130 0.1244 8.0000 0.0196 
65.0000 2.1856 0.1359 4.0000 0.0417 
66.0000 2.1912 0.1549 6.0000 0.0277 
67.0000 2.2112 0.1260 6.0000 0.0283 
68.0000 2.2143 0.1423 6.0000 0.0345 
69.0000 2.2087 0.1585 5.0000 0.0403 
70.0000 2.2061 0.1549 6.0000 0.0416 
71.0000 2.2188 0.1439 8.0000 0.0194 
72.0000 2.1858 0.1483 7.0000 0.0305 
73.0000 2.1843 0.1026 3.0000 0.0379 
74.0000 2.1765 0.1662 6.0000 0.0367 
75.0000 2.1898 0.1073 10.0000 0.0183 
76.0000 2.2067 0.1632 5.0000 0.0383 
77.0000 2.2063 0.1207 7.0000 0.0233 
78.0000 2.2065 0.1543 9.0000 0.0235 
79.0000 2.1963 0.1093 6.0000 0.0223 
80.0000 2.2148 0.1627 8.0000 0.0302 
81.0000 2.2351 0.1544 5.0000 0.0355 
82.0000 2.2410 0.1359 5.0000 0.0308 
83.0000 2.2524 0.1416 6.0000 0.0243 
84.0000 2.2599 0.1456 9.0000 0.0182 
85.0000 2.2782 0.1375 5.0000 0.0422 
86.0000 2.2866 0.1298 7.0000 0.0243 
87.0000 2.3004 0.1203 6.0000 0.0229 
88.0000 2.3079 0.1268 7.0000 0.0364 
89.0000 2.2915 0.1191 5.0000 0.0390 
90.0000 2.3036 0.1636 6.0000 0.0386 
91.0000 2.3197 0.1169 8.0000 0.0263 
92.0000 2.2863 0.1432 6.0000 0.0292 
93.0000 2.2929 0.1646 6.0000 0.0411 
94.0000 2.2989 0.1668 9.0000 0.0210 
95.0000 2.2820 0.0649 10.0000 0.0306 
96.0000 2.2567 0.1255 7.0000 0.0269 
97.0000 2.2590 0.1375 9.0000 0.0261 
98.0000 2.2560 0.1534 8.0000 0.0305 
99.0000 2.2541 0.1528 7.0000 0.0318 
100.0000 2.2287 0.1087 5.0000 0.0261 
101.0000 2.2169 0.1702 8.0000 0.0272 
102.0000 2.2290 0.1837 7.0000 0.0380 
103.0000 2.2343 0.1886 8.0000 0.0365 
104.0000 2.2375 0.1982 9.0000 0.0328 
105.0000 2.2369 0.0972 5.0000 0.0335 
107.0000 2.2107 0.1416 7.0000 0.0360 
107.0000 2.2107 0.1945 6.0000 0.0543 
108.0000 2.2118 0.1951 6.0000 0.0456 
109.0000 2.2056 0.1695 8.0000 0.0307 
110.0000 2.2088 0.1619 6.0000 0.0348 
111.0000 2.1937 0.1861 7.0000 0.0422 
112.0000 2.1423 0.1687 7.0000 0.0387 
113.0000 2.1475 0.1513 6.0000 0.0299 
114.0000 2.1396 0.1401 9.0000 0.0213 
115.0000 2.1495 0.1741 9.0000 0.0321 
116.0000 2.1521 0.2236 8.0000 0.0435 
117.0000 2.1444 0.2010 7.0000 0.0354 
118.0000 2.1501 0.1956 6.0000 0.0436 
119.0000 2.1589 0.1328 3.0000 0.0547 
120.0000 2.1688 0.1645 8.0000 0.0285 
123.0000 2.2098 0.0940 5.0000 0.0241 
123.0000 2.2098 0.0824 3.0000 0.0432 
123.0000 2.2098 0.1154 4.0000 0.0376 
124.0000 2.2060 0.0968 3.0000 0.0356 
125.0000 2.2112 0.1671 6.0000 0.0311 
126.0000 2.2101 0.1335 6.0000 0.0285 
127.0000 2.2222 0.1590 6.0000 0.0363 
128.0000 2.2188 0.1045 3.0000 0.0365 
129.0000 2.2138 0.0912 4.0000 0.0242 
130.0000 2.2147 0.1508 8.0000 0.0265 
131.0000 2.2136 0.1716 10.0000 0.0261 
132.0000 2.2256 0.1589 8.0000 0.0281 
133.0000 2.2200 0.1473 8.0000 0.0273 
134.0000 2.2050 0.1540 6.0000 0.0323 
135.0000 2.2146 0.1810 5.0000 0.0549 
136.0000 2.2153 0.1031 7.0000 0.0207 
137.0000 2.2107 0.1229 7.0000 0.0200 
138.0000 2.2162 0.1384 7.0000 0.0268 
139.0000 2.2197 0.1216 7.0000 0.0238 
140.0000 2.2222 0.1175 4.0000 0.0369 
141.0000 2.2292 0.1370 5.0000 0.0404 
142.0000 2.2366 0.1141 6.0000 0.0277 
143.0000 2.2285 0.1459 8.0000 0.0282 
144.0000 2.2226 0.1607 7.0000 0.0305 
145.0000 2.2273 0.1519 5.0000 0.0434 
146.0000 2.2365 0.1600 5.0000 0.0390 
147.0000 2.2443 0.1591 7.0000 0.0272 
148.0000 2.2390 0.1742 8.0000 0.0356 
149.0000 2.2393 0.1743 5.0000 0.0379 
150.0000 2.2462 0.1397 7.0000 0.0235 
151.0000 2.2487 0.1497 5.0000 0.0391 
152.0000 2.2515 0.1852 7.0000 0.0370 
153.0000 2.2510 0.1483 6.0000 0.0351 
154.0000 2.2554 0.1596 7.0000 0.0326 
155.0000 2.2608 0.1601 7.0000 0.0293 
156.0000 2.2681 0.1285 6.0000 0.0286 
157.0000 2.2737 0.1532 5.0000 0.0460 
158.0000 2.2750 0.1670 6.0000 0.0403 
159.0000 2.2404 0.1478 7.0000 0.0329 
161.0000 2.2411 0.1169 4.0000 0.0483 
161.0000 2.2411 0.0384 6.0000 0.0117 
162.0000 2.2506 0.1730 9.0000 0.0231 
163.0000 2.2548 0.1595 7.0000 0.0285 
164.0000 2.2558 0.1608 5.0000 0.0485 
165.0000 2.2584 0.1783 9.0000 0.0259 
166.0000 2.2656 0.1901 7.0000 0.0374 
167.0000 2.2672 0.1338 8.0000 0.0223 
168.0000 2.2694 0.1199 7.0000 0.0240 
169.0000 2.2642 0.1106 6.0000 0.0269 
170.0000 2.2502 0.1562 7.0000 0.0467 
171.0000 2.2533 0.1554 5.0000 0.0508 
172.0000 2.2510 0.0937 6.0000 0.0388 
173.0000 2.2588 0.1340 9.0000 0.0148 
174.0000 2.2659 0.1670 8.0000 0.0262 