
2.0000 2.4390 0.1694 6.0000 0.0555 
2.0000 2.4390 0.2025 9.0000 0.0316 
4.0000 2.0000 0.1403 7.0000 0.0299 
4.0000 2.0000 0.2065 9.0000 0.0310 
5.0000 2.3256 0.1812 6.0000 0.0384 
6.0000 2.4691 0.1294 6.0000 0.0405 
7.0000 2.7344 0.1752 8.0000 0.0338 
8.0000 2.5974 0.1148 6.0000 0.0237 
9.0000 2.4129 0.1510 8.0000 0.0243 
10.0000 2.5316 0.1580 9.0000 0.0255 
11.0000 2.2358 0.1640 9.0000 0.0230 
12.0000 2.3392 0.2025 8.0000 0.0372 
13.0000 2.3985 0.1371 9.0000 0.0280 
15.0000 2.3923 0.1929 7.0000 0.0398 
15.0000 2.3923 0.1509 7.0000 0.0402 
16.0000 2.4316 0.1878 10.0000 0.0304 
19.0000 2.7104 0.1550 8.0000 0.0259 
19.0000 2.7104 0.0542 5.0000 0.0250 
19.0000 2.7104 0.0802 5.0000 0.0243 
20.0000 2.5674 0.1155 8.0000 0.0217 
21.0000 2.5150 0.1736 7.0000 0.0397 
23.0000 2.5930 0.1333 8.0000 0.0206 
23.0000 2.5930 0.1599 9.0000 0.0276 
24.0000 2.6667 0.1130 8.0000 0.0175 
26.0000 2.7484 0.1561 8.0000 0.0296 
26.0000 2.7484 0.1373 7.0000 0.0266 
27.0000 2.6654 0.1518 7.0000 0.0287 
28.0000 2.6565 0.1811 6.0000 0.0577 
30.0000 2.6455 0.1291 7.0000 0.0292 
30.0000 2.6455 0.1229 5.0000 0.0339 
31.0000 2.6724 0.1526 8.0000 0.0253 
32.0000 2.7027 0.1819 6.0000 0.0560 
33.0000 2.6983 0.1077 8.0000 0.0174 
34.0000 2.6625 0.1519 8.0000 0.0289 
35.0000 2.6316 0.0881 6.0000 0.0494 
36.0000 2.6316 0.1553 9.0000 0.0218 
37.0000 2.6112 0.1589 9.0000 0.0220 
38.0000 2.5452 0.1376 5.0000 0.0406 
40.0000 2.5823 0.1250 6.0000 0.0337 
40.0000 2.5823 0.0268 3.0000 0.0195 
41.0000 2.6248 0.1653 5.0000 0.0433 
42.0000 2.6136 0.1124 6.0000 0.0248 
43.0000 2.5702 0.1674 9.0000 0.0282 
44.0000 2.5989 0.1375 8.0000 0.0265 
45.0000 2.6117 0.1041 7.0000 0.0215 
46.0000 2.5770 0.1217 7.0000 0.0248 
47.0000 2.6010 0.1604 9.0000 0.0202 
48.0000 2.6087 0.0400 9.0000 0.0228 
49.0000 2.6472 0.1573 8.0000 0.0266 
50.0000 2.6582 0.1721 7.0000 0.0314 
51.0000 2.6494 0.1140 9.0000 0.0410 
52.0000 2.6667 0.1592 6.0000 0.0412 
53.0000 2.6513 0.1580 6.0000 0.0348 
54.0000 2.6799 0.0996 9.0000 0.0151 
55.0000 2.6379 0.1261 11.0000 0.0186 
56.0000 2.6515 0.1264 5.0000 0.0323 
57.0000 2.6648 0.1322 7.0000 0.0259 
58.0000 2.6952 0.0940 9.0000 0.0181 
59.0000 2.7064 0.1685 9.0000 0.0233 
60.0000 2.7149 0.1589 8.0000 0.0295 
61.0000 2.6943 0.1434 6.0000 0.0287 
62.0000 2.7074 0.1704 9.0000 0.0275 
63.0000 2.7320 0.1451 8.0000 0.0265 
64.0000 2.7084 0.1619 6.0000 0.0397 
65.0000 2.6949 0.1398 6.0000 0.0310 
66.0000 2.7082 0.1844 6.0000 0.0457 
67.0000 2.7291 0.1798 10.0000 0.0252 
68.0000 2.7081 0.1463 6.0000 0.0388 
69.0000 2.7133 0.1545 8.0000 0.0319 
71.0000 2.7573 0.1294 5.0000 0.0328 
71.0000 2.7573 0.0264 4.0000 0.0164 
72.0000 2.7607 0.1782 9.0000 0.0282 
73.0000 2.7454 0.1605 7.0000 0.0322 
75.0000 2.7675 0.2121 7.0000 0.0402 
75.0000 2.7675 0.1688 7.0000 0.0291 
76.0000 2.7737 0.1398 6.0000 0.0387 
77.0000 2.7738 0.1629 10.0000 0.0186 
78.0000 2.7807 0.1845 7.0000 0.0321 
80.0000 2.7972 0.0966 3.0000 0.0436 
80.0000 2.7972 0.1500 6.0000 0.0295 
82.0000 2.8237 0.0804 7.0000 0.0293 
82.0000 2.8237 0.1198 7.0000 0.0391 
83.0000 2.8376 0.1331 9.0000 0.0182 
84.0000 2.8571 0.1099 8.0000 0.0327 
85.0000 2.8419 0.1641 9.0000 0.0209 
86.0000 2.8486 0.1065 6.0000 0.0225 
87.0000 2.7849 0.0690 11.0000 0.0321 
88.0000 2.8052 0.1993 9.0000 0.0316 
89.0000 2.7623 0.1421 8.0000 0.0222 
91.0000 2.8017 0.0837 8.0000 0.0168 
91.0000 2.8017 0.0896 6.0000 0.0195 
92.0000 2.8109 0.1372 7.0000 0.0337 
93.0000 2.8156 0.1766 9.0000 0.0309 
94.0000 2.8135 0.1178 8.0000 0.0201 
95.0000 2.7778 0.0905 8.0000 0.0235 
96.0000 2.7460 0.1535 6.0000 0.0440 
97.0000 2.7518 0.1670 9.0000 0.0241 
98.0000 2.7459 0.1182 7.0000 0.0203 
100.0000 2.7762 0.1469 6.0000 0.0381 
100.0000 2.7762 0.0288 5.0000 0.0103 
101.0000 2.7431 0.1610 7.0000 0.0337 
102.0000 2.7207 0.0984 5.0000 0.0320 
103.0000 2.7170 0.1182 7.0000 0.0288 
104.0000 2.6894 0.1372 8.0000 0.0280 
105.0000 2.6916 0.0924 7.0000 0.0227 
107.0000 2.7150 0.0534 3.0000 0.0146 
107.0000 2.7150 0.1389 6.0000 0.0320 
108.0000 2.7225 0.1171 11.0000 0.0204 
109.0000 2.7189 0.1838 6.0000 0.0416 
110.0000 2.7241 0.1597 5.0000 0.0474 
111.0000 2.7273 0.1714 6.0000 0.0427 
112.0000 2.7165 0.1569 7.0000 0.0387 
113.0000 2.7170 0.1747 8.0000 0.0292 
114.0000 2.7221 0.0945 8.0000 0.0305 
115.0000 2.7232 0.1148 8.0000 0.0165 
116.0000 2.7281 0.1507 6.0000 0.0455 
117.0000 2.7190 0.1529 5.0000 0.0326 
118.0000 2.7233 0.1368 9.0000 0.0176 
119.0000 2.7262 0.1101 6.0000 0.0285 
120.0000 2.7199 0.1943 9.0000 0.0269 
121.0000 2.7222 0.1590 7.0000 0.0467 
122.0000 2.6914 0.1111 8.0000 0.0245 
123.0000 2.6577 0.0959 8.0000 0.0169 
124.0000 2.6667 0.1296 8.0000 0.0239 
125.0000 2.6573 0.1172 7.0000 0.0272 
126.0000 2.6712 0.1475 7.0000 0.0405 
127.0000 2.6731 0.1484 8.0000 0.0243 
129.0000 2.6937 0.1571 8.0000 0.0237 
129.0000 2.6937 0.0198 3.0000 0.0190 
130.0000 2.6982 0.1783 7.0000 0.0396 
131.0000 2.7072 0.1828 7.0000 0.0434 
132.0000 2.7105 0.1605 10.0000 0.0177 
133.0000 2.7243 0.0701 5.0000 0.0199 
134.0000 2.6821 0.1459 11.0000 0.0225 
135.0000 2.6823 0.1879 7.0000 0.0408 
136.0000 2.6793 0.1531 10.0000 0.0210 
137.0000 2.6857 0.1124 7.0000 0.0273 
138.0000 2.6667 0.1957 7.0000 0.0395 
139.0000 2.6690 0.1454 6.0000 0.0313 
140.0000 2.6815 0.1709 5.0000 0.0568 
141.0000 2.6816 0.1475 6.0000 0.0321 
142.0000 2.6787 0.1872 8.0000 0.0362 
143.0000 2.6900 0.1309 7.0000 0.0298 
144.0000 2.6941 0.0187 7.0000 0.0387 
145.0000 2.7032 0.1523 7.0000 0.0293 
146.0000 2.7047 0.1316 10.0000 0.0235 
147.0000 2.7177 0.0901 5.0000 0.0297 
148.0000 2.7216 0.1386 7.0000 0.0301 
149.0000 2.7012 0.1608 7.0000 0.0370 
150.0000 2.6964 0.1464 8.0000 0.0235 
151.0000 2.7017 0.1699 9.0000 0.0318 
152.0000 2.6989 0.1415 8.0000 0.0228 
154.0000 2.7060 0.0419 8.0000 0.0364 
154.0000 2.7060 0.1948 10.0000 0.0296 
155.0000 2.7155 0.1786 10.0000 0.0248 
156.0000 2.7201 0.1564 8.0000 0.0237 
157.0000 2.7210 0.1896 7.0000 0.0339 
158.0000 2.7237 0.1531 6.0000 0.0439 
159.0000 2.7301 0.0628 5.0000 0.0251 
160.0000 2.7407 0.1786 8.0000 0.0317 
161.0000 2.7437 0.1249 5.0000 0.0355 
162.0000 2.7388 0.1860 7.0000 0.0347 
163.0000 2.7460 0.1351 7.0000 0.0390 
164.0000 2.7508 0.1396 8.0000 0.0233 
165.0000 2.7518 0.1475 7.0000 0.0410 
166.0000 2.7538 0.1694 9.0000 0.0256 
167.0000 2.7571 0.1550 9.0000 0.0276 
168.0000 2.7645 0.1595 7.0000 0.0254 
169.0000 2.7614 0.1701 7.0000 0.0546 
170.0000 2.7633 0.1403 10.0000 0.0236 
171.0000 2.7634 0.1505 9.0000 0.0209 
173.0000 2.7702 0.1668 8.0000 0.0365 
173.0000 2.7702 0.1524 10.0000 0.0217 
174.0000 2.7685 0.1654 8.0000 0.0314 
175.0000 2.7743 0.1641 7.0000 0.0322 
176.0000 2.7765 0.1016 7.0000 0.0294 
177.0000 2.7708 0.0545 4.0000 0.0213 
178.0000 2.7644 0.1487 7.0000 0.0276 
179.0000 2.7628 0.1451 5.0000 0.0361 
180.0000 2.7731 0.1247 5.0000 0.0296 
181.0000 2.7744 0.1006 5.0000 0.0249 
182.0000 2.7744 0.1169 5.0000 0.0373 
183.0000 2.7560 0.1655 10.0000 0.0225 
184.0000 2.7586 0.0892 8.0000 0.0149 
185.0000 2.7575 0.1467 6.0000 0.0449 
186.0000 2.7642 0.0921 7.0000 0.0367 
187.0000 2.7642 0.1436 9.0000 0.0198 
188.0000 2.7510 0.0725 8.0000 0.0150 
189.0000 2.7559 0.1532 7.0000 0.0302 
191.0000 2.7609 0.1319 3.0000 0.0517 
191.0000 2.7609 0.1027 3.0000 0.0570 
192.0000 2.7499 0.1027 7.0000 0.0189 
193.0000 2.7395 0.1454 6.0000 0.0484 
194.0000 2.7390 0.1770 8.0000 0.0302 
195.0000 2.7461 0.1239 8.0000 0.0226 
197.0000 2.7610 0.1351 7.0000 0.0284 
197.0000 2.7610 0.0457 4.0000 0.0162 
198.0000 2.7508 0.1315 6.0000 0.0349 
199.0000 2.7509 0.0992 8.0000 0.0247 
200.0000 2.7571 0.1651 8.0000 0.0305 
202.0000 2.7713 0.0666 3.0000 0.0379 
202.0000 2.7713 0.1495 7.0000 0.0243 
203.0000 2.7649 0.1838 9.0000 0.0253 
204.0000 2.7549 0.1740 9.0000 0.0307 
205.0000 2.7498 0.1050 4.0000 0.0420 
206.0000 2.7507 0.1814 6.0000 0.0515 
207.0000 2.7505 0.1691 7.0000 0.0350 
208.0000 2.7466 0.1501 7.0000 0.0306 
209.0000 2.7540 0.1701 9.0000 0.0084 
210.0000 2.7603 0.0999 8.0000 0.0173 
211.0000 2.7683 0.1243 10.0000 0.0222 
212.0000 2.7691 0.1530 5.0000 0.0510 
213.0000 2.7670 0.1539 8.0000 0.0098 
214.0000 2.7706 0.1084 5.0000 0.0318 
215.0000 2.7469 0.1073 6.0000 0.0277 
216.0000 2.7467 0.1636 9.0000 0.0261 
218.0000 2.7543 0.0438 7.0000 0.0556 
218.0000 2.7543 0.0734 8.0000 0.0151 
219.0000 2.7627 0.1456 6.0000 0.0351 
220.0000 2.7673 0.1575 6.0000 0.0423 
221.0000 2.7663 0.1141 9.0000 0.0182 
222.0000 2.7681 0.0925 8.0000 0.0273 
223.0000 2.7681 0.1294 9.0000 0.0177 
225.0000 2.7778 0.1506 7.0000 0.0299 
225.0000 2.7778 0.0360 4.0000 0.0145 
226.0000 2.7836 0.1043 5.0000 0.0384 
227.0000 2.7836 0.1033 6.0000 0.0306 
228.0000 2.7450 0.0490 4.0000 0.0260 
229.0000 2.7383 0.1391 9.0000 0.0217 
230.0000 2.7391 0.1588 8.0000 0.0287 
231.0000 2.7386 0.1161 6.0000 0.0272 
232.0000 2.7259 0.0871 6.0000 0.0235 
233.0000 2.7163 0.0702 5.0000 0.0231 
234.0000 2.7235 0.1639 7.0000 0.0338 
236.0000 2.7321 0.1205 3.0000 0.0478 
236.0000 2.7321 0.1081 6.0000 0.0147 
237.0000 2.7295 0.1442 9.0000 0.0205 
238.0000 2.7265 0.1624 8.0000 0.0322 
239.0000 2.7261 0.1219 7.0000 0.0290 
240.0000 2.7307 0.1521 8.0000 0.0325 
241.0000 2.7290 0.1404 8.0000 0.0262 
242.0000 2.7179 0.1077 7.0000 0.0318 
243.0000 2.7181 0.1671 9.0000 0.0255 
244.0000 2.7217 0.1850 9.0000 0.0264 
245.0000 2.7268 0.1416 11.0000 0.0202 
246.0000 2.7276 0.1478 9.0000 0.0219 
247.0000 2.7176 0.1332 6.0000 0.0375 
248.0000 2.7250 0.0808 7.0000 0.0231 
249.0000 2.7255 0.0283 6.0000 0.0316 
250.0000 2.7275 0.1147 5.0000 0.0423 
251.0000 2.7315 0.1447 6.0000 0.0424 