
1.0000 0.8264 0.0899 7.0000 0.0381 
2.0000 1.0753 0.1354 6.0000 0.0538 
4.0000 1.2821 0.0877 4.0000 0.0269 
4.0000 1.2821 0.1788 9.0000 0.0432 
6.0000 1.0676 0.0961 14.0000 0.0331 
6.0000 1.0676 0.1901 10.0000 0.0318 
8.0000 1.1283 0.1134 7.0000 0.0208 
8.0000 1.1283 0.0593 3.0000 0.0428 
9.0000 0.9424 0.1346 8.0000 0.0221 
10.0000 0.9461 0.1288 10.0000 0.0235 
11.0000 0.9228 0.1581 10.0000 0.0180 
12.0000 0.9434 0.1370 10.0000 0.0213 
13.0000 0.9279 0.1226 7.0000 0.0274 
14.0000 0.7650 0.1427 7.0000 0.0255 
15.0000 0.7082 0.0760 6.0000 0.0133 
16.0000 0.7512 0.0973 7.0000 0.0208 
19.0000 0.7097 0.1027 6.0000 0.0312 
19.0000 0.7097 0.0218 4.0000 0.0069 
19.0000 0.7097 0.0389 5.0000 0.0213 
21.0000 0.6915 0.1062 6.0000 0.0276 
21.0000 0.6915 0.0535 5.0000 0.0195 
22.0000 0.4991 0.0484 4.0000 0.0262 
23.0000 0.4884 0.0709 8.0000 0.0219 
24.0000 0.4960 0.0825 7.0000 0.0213 
25.0000 0.4942 0.0631 5.0000 0.0180 
26.0000 0.5112 0.1014 6.0000 0.0185 
27.0000 0.5038 0.1242 12.0000 0.0289 
28.0000 0.4727 0.1700 7.0000 0.0471 
29.0000 0.4659 0.1343 6.0000 0.0258 
30.0000 0.4617 0.1603 9.0000 0.0208 
31.0000 0.4751 0.1482 7.0000 0.0342 
32.0000 0.4625 0.1942 12.0000 0.0094 
33.0000 0.4724 0.1201 9.0000 0.0170 
35.0000 0.4883 0.0824 5.0000 0.0362 
35.0000 0.4883 0.0454 3.0000 0.0281 
36.0000 0.4788 0.1013 7.0000 0.0130 
37.0000 0.4793 0.0595 4.0000 0.0312 
38.0000 0.4438 0.1041 5.0000 0.0440 
40.0000 0.3494 0.0417 3.0000 0.0315 
40.0000 0.3494 0.1306 9.0000 0.0232 
41.0000 0.3298 0.0842 6.0000 0.0215 
42.0000 0.3336 0.1193 9.0000 0.0265 
43.0000 0.3206 0.1148 7.0000 0.0260 
44.0000 0.3239 0.0619 5.0000 0.0124 
45.0000 0.3041 0.0814 5.0000 0.0327 
46.0000 0.3105 0.1966 7.0000 0.0540 
48.0000 0.3237 0.0631 3.0000 0.0284 
48.0000 0.3237 0.0878 8.0000 0.0286 
49.0000 0.3300 0.1184 7.0000 0.0197 
50.0000 0.3266 0.0721 6.0000 0.0146 
51.0000 0.3311 0.0833 6.0000 0.0073 
52.0000 0.3348 0.1047 6.0000 0.0428 
53.0000 0.3377 0.0984 7.0000 0.0109 
54.0000 0.3263 0.0920 6.0000 0.0276 
55.0000 0.3270 0.1014 5.0000 0.0198 
56.0000 0.3269 0.1416 7.0000 0.0296 
57.0000 0.3323 0.0959 5.0000 0.0327 
58.0000 0.3367 0.1192 7.0000 0.0236 
59.0000 0.3380 0.0653 3.0000 0.0203 
60.0000 0.3306 0.1333 14.0000 0.0231 
62.0000 0.3351 0.0828 6.0000 0.0240 
62.0000 0.3351 0.0279 3.0000 0.0231 
63.0000 0.3395 0.1717 9.0000 0.0207 
64.0000 0.3405 0.1206 6.0000 0.0373 
65.0000 0.3346 0.1575 8.0000 0.0290 
66.0000 0.3353 0.0689 3.0000 0.0358 
67.0000 0.3393 0.0818 5.0000 0.0224 
68.0000 0.3308 0.1601 8.0000 0.0315 