
1.0000 0.0795 0.0730 5.0000 0.0176 
4.0000 0.3086 0.0067 7.0000 0.0313 
4.0000 0.3086 0.0842 4.0000 0.0526 
4.0000 0.3086 0.1156 9.0000 0.0046 
5.0000 0.3415 0.0515 4.0000 0.0181 
7.0000 0.3603 0.1106 8.0000 0.0421 
7.0000 0.3603 0.1382 29.0000 0.0116 
9.0000 0.4562 0.0331 13.0000 0.0094 
9.0000 0.4562 0.0609 5.0000 0.0192 
10.0000 0.4409 0.0580 9.0000 0.0101 
11.0000 0.4764 0.0345 7.0000 0.0144 
13.0000 0.5591 0.0454 3.0000 0.0217 
13.0000 0.5591 0.0510 3.0000 0.0236 
15.0000 0.6007 0.0469 9.0000 0.0164 
15.0000 0.6007 0.0415 4.0000 0.0159 
16.0000 0.6033 0.0604 6.0000 0.0116 
18.0000 0.5869 0.0626 12.0000 0.0180 
18.0000 0.5869 0.0303 3.0000 0.0196 
20.0000 0.4508 0.0654 7.0000 0.0114 
20.0000 0.4508 0.0260 9.0000 0.0140 
21.0000 0.4680 0.0420 7.0000 0.0169 
23.0000 0.4366 0.0635 8.0000 0.0099 
23.0000 0.4366 0.0148 3.0000 0.0084 
24.0000 0.2945 0.1359 10.0000 0.0118 
26.0000 0.2917 0.0196 10.0000 0.0204 
26.0000 0.2917 0.0341 4.0000 0.0226 
27.0000 0.3021 0.0631 6.0000 0.0142 
29.0000 0.3040 0.1003 9.0000 0.0099 
29.0000 0.3040 0.0245 3.0000 0.0167 
30.0000 0.2937 0.0639 9.0000 0.0119 
32.0000 0.3021 0.0777 6.0000 0.0148 
32.0000 0.3021 0.0129 4.0000 0.0042 
34.0000 0.3192 0.1032 9.0000 0.0243 
34.0000 0.3192 0.0435 3.0000 0.0223 
35.0000 0.3237 0.0916 6.0000 0.0210 
36.0000 0.3296 0.0518 3.0000 0.0378 
37.0000 0.3315 0.0636 13.0000 0.0065 
38.0000 0.3372 0.0659 4.0000 0.0242 
41.0000 0.3571 0.0679 5.0000 0.0450 
41.0000 0.3571 0.0682 13.0000 0.0230 
41.0000 0.3571 0.0423 4.0000 0.0200 
42.0000 0.3637 0.0419 9.0000 0.0113 
43.0000 0.3693 0.0607 7.0000 0.0113 
44.0000 0.3774 0.0563 9.0000 0.0091 
46.0000 0.3867 0.0357 4.0000 0.0142 
46.0000 0.3867 0.0395 4.0000 0.0156 
48.0000 0.4024 0.0805 8.0000 0.0236 
48.0000 0.4024 0.0566 5.0000 0.0187 
49.0000 0.4103 0.0943 10.0000 0.0271 
50.0000 0.4181 0.0938 15.0000 0.0089 
51.0000 0.4256 0.0442 9.0000 0.0116 
52.0000 0.4335 0.0411 7.0000 0.0173 
54.0000 0.4491 0.1015 6.0000 0.0258 
54.0000 0.4491 0.0436 3.0000 0.0266 
55.0000 0.4478 0.0490 5.0000 0.0231 
57.0000 0.4601 0.0316 5.0000 0.0217 
57.0000 0.4601 0.0224 4.0000 0.0107 
59.0000 0.4544 0.0673 5.0000 0.0323 
59.0000 0.4544 0.0883 11.0000 0.0182 
61.0000 0.4647 0.0603 10.0000 0.0242 
61.0000 0.4647 0.0249 5.0000 0.0092 
63.0000 0.4690 0.0669 9.0000 0.0053 
63.0000 0.4690 0.0184 4.0000 0.0098 
64.0000 0.4686 0.0795 7.0000 0.0309 
65.0000 0.4749 0.0794 8.0000 0.0322 
67.0000 0.4885 0.0993 7.0000 0.0175 
67.0000 0.4885 0.0473 4.0000 0.0160 
70.0000 0.4815 0.1105 8.0000 0.0345 
70.0000 0.4815 0.0911 8.0000 0.0171 
70.0000 0.4815 0.0412 3.0000 0.0348 
72.0000 0.4717 0.1267 9.0000 0.0665 
72.0000 0.4717 0.1166 8.0000 0.0206 
75.0000 0.4824 0.0120 8.0000 0.0400 
75.0000 0.4824 0.1424 12.0000 0.0193 
75.0000 0.4824 0.0547 10.0000 0.0066 
76.0000 0.4873 0.0698 9.0000 0.0141 
78.0000 0.4993 0.0507 8.0000 0.0140 
78.0000 0.4993 0.0228 3.0000 0.0046 
80.0000 0.5066 0.0538 4.0000 0.0175 
80.0000 0.5066 0.0200 5.0000 0.0070 
82.0000 0.5020 0.0544 4.0000 0.0178 
82.0000 0.5020 0.0261 5.0000 0.0082 
83.0000 0.5005 0.0818 5.0000 0.0192 
86.0000 0.5110 0.0280 3.0000 0.0102 
86.0000 0.5110 0.0523 3.0000 0.0283 
86.0000 0.5110 0.0341 4.0000 0.0224 
88.0000 0.4918 0.0515 4.0000 0.0297 
88.0000 0.4918 0.0171 3.0000 0.0050 
90.0000 0.4894 0.1144 6.0000 0.0288 
90.0000 0.4894 0.0421 9.0000 0.0057 
92.0000 0.4994 0.1371 7.0000 0.0552 
92.0000 0.4994 0.1658 11.0000 0.0171 