
1.0000 2.0000 0.2950 21.0000 0.0266 
3.0000 3.6585 0.1158 7.0000 0.0400 
3.0000 3.6585 0.0475 3.0000 0.0121 
4.0000 2.2857 0.2383 8.0000 0.0396 
5.0000 2.0833 0.1423 7.0000 0.0458 
7.0000 2.7132 0.1080 7.0000 0.0277 
7.0000 2.7132 0.0544 3.0000 0.0460 
8.0000 1.0444 0.2512 11.0000 0.0369 
10.0000 1.1025 0.1767 9.0000 0.0401 
10.0000 1.1025 0.0180 5.0000 0.0202 
12.0000 1.2698 0.1531 5.0000 0.0419 
12.0000 1.2698 0.2188 11.0000 0.0179 
13.0000 1.2683 0.2685 13.0000 0.0281 
18.0000 1.4646 0.0174 4.0000 0.0342 
18.0000 1.4646 0.1212 16.0000 0.0161 
18.0000 1.4646 0.0464 3.0000 0.0383 
18.0000 1.4646 0.2643 13.0000 0.0224 
18.0000 1.4646 0.0633 4.0000 0.0254 
19.0000 1.5261 0.1936 9.0000 0.0351 
20.0000 1.3495 0.0986 7.0000 0.0556 
21.0000 1.3601 0.1117 5.0000 0.0313 
24.0000 1.4168 0.2820 12.0000 0.0412 
24.0000 1.4168 0.0499 3.0000 0.0241 
24.0000 1.4168 0.0311 3.0000 0.0242 
25.0000 1.2987 0.2671 12.0000 0.0379 
26.0000 1.2189 0.1509 10.0000 0.0134 
27.0000 0.9294 0.1328 11.0000 0.0294 
29.0000 0.8945 0.0399 3.0000 0.0233 
29.0000 0.8945 0.2380 20.0000 0.0374 
30.0000 0.8899 0.2685 12.0000 0.0344 
31.0000 0.7379 0.1824 9.0000 0.0267 
33.0000 0.7680 0.1442 9.0000 0.0202 
33.0000 0.7680 0.0546 3.0000 0.0460 
34.0000 0.7532 0.2528 8.0000 0.0513 
35.0000 0.7687 0.1776 10.0000 0.0275 
36.0000 0.7737 0.1666 8.0000 0.0397 
38.0000 0.8087 0.1700 16.0000 0.0305 
38.0000 0.8087 0.0255 4.0000 0.0122 
39.0000 0.8257 0.1708 7.0000 0.0350 
40.0000 0.8192 0.0614 3.0000 0.0218 
41.0000 0.8335 0.1689 11.0000 0.0220 
42.0000 0.8456 0.2115 17.0000 0.0262 
43.0000 0.8591 0.2737 16.0000 0.0407 
45.0000 0.8959 0.0625 4.0000 0.0239 
45.0000 0.8959 0.1026 3.0000 0.0461 
46.0000 0.8697 0.1411 8.0000 0.0203 
47.0000 0.8865 0.0842 7.0000 0.0180 
48.0000 0.8922 0.0818 4.0000 0.0296 
49.0000 0.8665 0.1609 15.0000 0.0287 
50.0000 0.8540 0.2008 10.0000 0.0311 
51.0000 0.8602 0.1073 7.0000 0.0557 
52.0000 0.8634 0.1622 7.0000 0.0387 
53.0000 0.8670 0.2109 17.0000 0.0277 
54.0000 0.8266 0.0824 10.0000 0.0197 
55.0000 0.7865 0.1522 11.0000 0.0155 
57.0000 0.7973 0.1514 13.0000 0.0289 
57.0000 0.7973 0.0467 4.0000 0.0208 