
1.0000 2.2727 0.1396 8.0000 0.0274 
2.0000 1.8349 0.1368 11.0000 0.0223 
3.0000 0.7614 0.0407 6.0000 0.0067 
4.0000 0.6711 0.0950 10.0000 0.0138 
5.0000 0.3751 0.1368 8.0000 0.0328 
6.0000 0.4196 0.1124 12.0000 0.0271 
7.0000 0.3256 0.1583 12.0000 0.0232 
8.0000 0.3429 0.1707 9.0000 0.0376 
9.0000 0.3601 0.1543 13.0000 0.0190 
10.0000 0.3798 0.0621 8.0000 0.0144 
11.0000 0.4001 0.1189 12.0000 0.0235 
12.0000 0.4177 0.1175 11.0000 0.0143 
13.0000 0.3871 0.1007 14.0000 0.0181 
14.0000 0.3816 0.1437 12.0000 0.0216 
15.0000 0.4021 0.1490 12.0000 0.0202 
17.0000 0.4434 0.0873 4.0000 0.0311 
17.0000 0.4434 0.1161 11.0000 0.0144 
18.0000 0.4584 0.1327 10.0000 0.0266 
19.0000 0.4694 0.1443 10.0000 0.0267 
20.0000 0.4859 0.1616 10.0000 0.0310 
21.0000 0.4965 0.1362 9.0000 0.0255 
22.0000 0.5026 0.1592 10.0000 0.0298 
24.0000 0.5407 0.1139 9.0000 0.0183 
24.0000 0.5407 0.0498 4.0000 0.0236 
26.0000 0.5699 0.1267 11.0000 0.0226 
26.0000 0.5699 0.0286 3.0000 0.0168 
28.0000 0.6020 0.0945 10.0000 0.0204 
28.0000 0.6020 0.0337 4.0000 0.0183 
29.0000 0.6116 0.1371 11.0000 0.0183 
30.0000 0.6191 0.1214 13.0000 0.0186 
32.0000 0.6395 0.1424 13.0000 0.0179 
32.0000 0.6395 0.0259 4.0000 0.0158 
33.0000 0.6481 0.1603 10.0000 0.0270 
34.0000 0.6552 0.1523 13.0000 0.0161 
36.0000 0.6843 0.0866 3.0000 0.0331 
36.0000 0.6843 0.1004 8.0000 0.0205 
37.0000 0.6903 0.1630 11.0000 0.0215 
38.0000 0.6857 0.1163 9.0000 0.0329 
39.0000 0.6437 0.1081 10.0000 0.0160 
40.0000 0.6180 0.0364 12.0000 0.0162 
41.0000 0.6118 0.1279 12.0000 0.0194 
42.0000 0.6248 0.2138 14.0000 0.0235 
44.0000 0.6281 0.0869 8.0000 0.0163 
44.0000 0.6281 0.0321 4.0000 0.0151 
45.0000 0.6042 0.1195 10.0000 0.0198 
46.0000 0.6140 0.1215 11.0000 0.0196 
47.0000 0.6039 0.1643 12.0000 0.0194 
48.0000 0.6095 0.1428 12.0000 0.0145 
50.0000 0.6266 0.1582 12.0000 0.0203 
50.0000 0.6266 0.0101 3.0000 0.0061 
51.0000 0.6079 0.1678 12.0000 0.0256 
52.0000 0.6096 0.0160 9.0000 0.0240 
53.0000 0.6146 0.1099 11.0000 0.0168 
54.0000 0.6133 0.1221 11.0000 0.0188 
55.0000 0.6076 0.1051 8.0000 0.0207 
56.0000 0.5938 0.1431 9.0000 0.0221 
57.0000 0.5829 0.1445 10.0000 0.0266 
58.0000 0.5874 0.1422 10.0000 0.0278 
59.0000 0.5776 0.0892 8.0000 0.0231 
60.0000 0.5630 0.1777 11.0000 0.0289 
61.0000 0.5519 0.1597 13.0000 0.0184 
62.0000 0.5564 0.1317 12.0000 0.0249 
63.0000 0.5609 0.1428 8.0000 0.0385 
64.0000 0.5542 0.1218 12.0000 0.0172 
65.0000 0.5574 0.1924 12.0000 0.0235 
66.0000 0.5636 0.1685 11.0000 0.0284 
67.0000 0.5621 0.1568 10.0000 0.0176 
69.0000 0.5662 0.1029 9.0000 0.0251 
69.0000 0.5662 0.0350 4.0000 0.0157 
70.0000 0.5537 0.1727 10.0000 0.0298 
71.0000 0.5519 0.1792 12.0000 0.0262 
72.0000 0.5563 0.1373 10.0000 0.0247 
73.0000 0.5548 0.1346 12.0000 0.0150 
74.0000 0.5566 0.1053 11.0000 0.0265 
75.0000 0.5609 0.1324 11.0000 0.0172 
76.0000 0.5545 0.1051 9.0000 0.0271 
77.0000 0.5583 0.1335 12.0000 0.0149 
78.0000 0.5562 0.2228 12.0000 0.0278 
79.0000 0.5527 0.1986 14.0000 0.0187 
80.0000 0.5437 0.1350 10.0000 0.0166 
81.0000 0.5425 0.1489 12.0000 0.0159 
82.0000 0.5466 0.1209 8.0000 0.0165 
83.0000 0.5514 0.0762 6.0000 0.0234 
85.0000 0.5580 0.1389 8.0000 0.0209 
85.0000 0.5580 0.0204 5.0000 0.0094 
86.0000 0.5606 0.1157 12.0000 0.0154 
87.0000 0.5550 0.1159 9.0000 0.0316 
88.0000 0.5298 0.0867 10.0000 0.0195 
89.0000 0.5292 0.1873 12.0000 0.0240 
90.0000 0.5264 0.1666 12.0000 0.0193 
91.0000 0.5224 0.1837 13.0000 0.0176 
92.0000 0.5233 0.1431 13.0000 0.0119 
93.0000 0.5269 0.1416 10.0000 0.0213 
94.0000 0.5251 0.0660 9.0000 0.0207 
96.0000 0.5306 0.1169 8.0000 0.0212 
96.0000 0.5306 0.0247 4.0000 0.0191 