
1.0000 0.7353 0.0988 8.0000 0.0165 
3.0000 1.7857 0.1045 4.0000 0.0559 
3.0000 1.7857 0.1105 8.0000 0.0120 
4.0000 1.9324 0.0757 8.0000 0.0147 
5.0000 1.8868 0.0631 14.0000 0.0129 
6.0000 1.9672 0.0702 11.0000 0.0114 
7.0000 1.8868 0.0954 12.0000 0.0148 
8.0000 1.8913 0.1054 10.0000 0.0117 
9.0000 1.9481 0.1552 13.0000 0.0174 
10.0000 2.0367 0.1409 11.0000 0.0168 
11.0000 2.0794 0.0742 12.0000 0.0145 
12.0000 1.9262 0.0818 7.0000 0.0152 
13.0000 1.8978 0.0813 11.0000 0.0124 
14.0000 1.7812 0.0794 10.0000 0.0186 
15.0000 1.8428 0.1020 10.0000 0.0136 
17.0000 1.8539 0.0486 11.0000 0.0067 
17.0000 1.8539 0.0320 4.0000 0.0145 
18.0000 1.5845 0.1136 11.0000 0.0164 
19.0000 1.6170 0.0742 10.0000 0.0111 
21.0000 1.7256 0.0436 3.0000 0.0249 
21.0000 1.7256 0.0255 6.0000 0.0075 
22.0000 1.6871 0.1229 7.0000 0.0238 
23.0000 1.6382 0.1223 9.0000 0.0188 
24.0000 1.6194 0.0971 9.0000 0.0146 
25.0000 1.4443 0.1430 12.0000 0.0165 
26.0000 1.4525 0.0867 8.0000 0.0209 
27.0000 1.4803 0.0949 10.0000 0.0129 
28.0000 1.5102 0.1061 13.0000 0.0143 
29.0000 1.5417 0.0867 10.0000 0.0147 
30.0000 1.5601 0.1154 10.0000 0.0224 
31.0000 1.5881 0.0902 9.0000 0.0153 
32.0000 1.4781 0.1205 9.0000 0.0169 
33.0000 1.5158 0.0831 8.0000 0.0128 
34.0000 1.5138 0.0833 6.0000 0.0151 
35.0000 1.5371 0.0165 10.0000 0.0114 
37.0000 1.5914 0.0452 5.0000 0.0134 
37.0000 1.5914 0.0211 4.0000 0.0128 
38.0000 1.6074 0.0467 7.0000 0.0107 
39.0000 1.6236 0.0820 8.0000 0.0144 
40.0000 1.6427 0.0827 9.0000 0.0128 
41.0000 1.6091 0.1365 10.0000 0.0068 
42.0000 1.6104 0.0640 7.0000 0.0248 
43.0000 1.6276 0.0699 9.0000 0.0126 
44.0000 1.5759 0.0992 9.0000 0.0196 
45.0000 1.5647 0.0717 9.0000 0.0026 
46.0000 1.5137 0.0375 11.0000 0.0093 
47.0000 1.4987 0.0739 12.0000 0.0096 
48.0000 1.5152 0.0904 10.0000 0.0122 
49.0000 1.4907 0.1122 12.0000 0.0133 
50.0000 1.5051 0.1627 15.0000 0.0174 
51.0000 1.5084 0.0491 9.0000 0.0093 
52.0000 1.5276 0.0622 7.0000 0.0165 
53.0000 1.5398 0.0674 11.0000 0.0145 
55.0000 1.5746 0.0514 5.0000 0.0097 
55.0000 1.5746 0.0108 3.0000 0.0080 
56.0000 1.5534 0.1002 8.0000 0.0138 
57.0000 1.5143 0.1382 8.0000 0.0189 
58.0000 1.5179 0.1231 9.0000 0.0227 
59.0000 1.5144 0.0877 12.0000 0.0171 
60.0000 1.5271 0.1408 10.0000 0.0236 
61.0000 1.5424 0.1580 10.0000 0.0312 
62.0000 1.5461 0.1504 10.0000 0.0232 
63.0000 1.5625 0.1728 13.0000 0.0242 
64.0000 1.5702 0.0724 4.0000 0.0166 
65.0000 1.5892 0.0909 8.0000 0.0206 
66.0000 1.5934 0.1493 12.0000 0.0197 
67.0000 1.6006 0.0436 7.0000 0.0084 
69.0000 1.6017 0.0527 7.0000 0.0520 
69.0000 1.6017 0.0427 5.0000 0.0121 
70.0000 1.5855 0.1410 10.0000 0.0217 
71.0000 1.5905 0.1321 11.0000 0.0173 
72.0000 1.6018 0.1243 13.0000 0.0147 
73.0000 1.6097 0.0701 8.0000 0.0141 
74.0000 1.6228 0.1071 11.0000 0.0145 
75.0000 1.6315 0.0981 10.0000 0.0229 
76.0000 1.6379 0.1046 10.0000 0.0205 
77.0000 1.5635 0.0965 10.0000 0.0205 
78.0000 1.5685 0.0891 8.0000 0.0218 
79.0000 1.5496 0.0743 10.0000 0.0192 
80.0000 1.5576 0.0756 9.0000 0.0058 
81.0000 1.5464 0.0489 8.0000 0.0101 
82.0000 1.4885 0.0396 9.0000 0.0177 
83.0000 1.4977 0.0930 13.0000 0.0157 
84.0000 1.5094 0.1677 12.0000 0.0214 
85.0000 1.5198 0.0648 4.0000 0.0165 
86.0000 1.5248 0.0761 11.0000 0.0144 
87.0000 1.5204 0.0876 7.0000 0.0231 
88.0000 1.5267 0.0771 10.0000 0.0150 
89.0000 1.5271 0.0977 11.0000 0.0136 
90.0000 1.5351 0.0909 9.0000 0.0265 
91.0000 1.5284 0.1160 9.0000 0.0234 
92.0000 1.5349 0.1395 11.0000 0.0189 
93.0000 1.5400 0.0709 8.0000 0.0210 
94.0000 1.5304 0.1033 8.0000 0.0279 
95.0000 1.5261 0.0621 7.0000 0.0267 
96.0000 1.5309 0.1055 10.0000 0.0214 
97.0000 1.5290 0.0906 7.0000 0.0209 
98.0000 1.5267 0.0457 7.0000 0.0120 
99.0000 1.5363 0.1021 9.0000 0.0204 
100.0000 1.5454 0.1498 10.0000 0.0194 
101.0000 1.5481 0.0923 11.0000 0.0193 
102.0000 1.5513 0.0711 8.0000 0.0189 
103.0000 1.5463 0.0772 11.0000 0.0153 
104.0000 1.5504 0.1037 11.0000 0.0197 
105.0000 1.5514 0.1326 10.0000 0.0223 
106.0000 1.5577 0.0456 8.0000 0.0192 
107.0000 1.5509 0.1182 9.0000 0.0222 
108.0000 1.5464 0.0892 9.0000 0.0148 
109.0000 1.5465 0.0805 10.0000 0.0195 
110.0000 1.5271 0.0683 9.0000 0.0140 
111.0000 1.5374 0.0872 8.0000 0.0147 
112.0000 1.5448 0.1340 12.0000 0.0121 
113.0000 1.5509 0.0891 7.0000 0.0255 
114.0000 1.5559 0.1449 10.0000 0.0175 
115.0000 1.5642 0.1609 11.0000 0.0196 
116.0000 1.5631 0.1092 10.0000 0.0171 
117.0000 1.5686 0.0839 8.0000 0.0167 
118.0000 1.5727 0.0966 11.0000 0.0145 
119.0000 1.5797 0.1151 10.0000 0.0145 
120.0000 1.5856 0.1192 11.0000 0.0117 
121.0000 1.5873 0.0789 9.0000 0.0211 
122.0000 1.5603 0.0656 9.0000 0.0137 
124.0000 1.5594 0.0623 12.0000 0.0193 
124.0000 1.5594 0.0298 4.0000 0.0133 
125.0000 1.5592 0.0480 8.0000 0.0147 
126.0000 1.5610 0.1161 10.0000 0.0187 
127.0000 1.5543 0.0996 8.0000 0.0214 
129.0000 1.5616 0.0687 7.0000 0.0175 
129.0000 1.5616 0.0240 3.0000 0.0193 
130.0000 1.5541 0.0849 12.0000 0.0130 
131.0000 1.5605 0.0734 10.0000 0.0089 
132.0000 1.5683 0.0796 8.0000 0.0188 
133.0000 1.5734 0.1222 8.0000 0.0227 
134.0000 1.5793 0.1610 11.0000 0.0195 
135.0000 1.5815 0.1487 10.0000 0.0202 
136.0000 1.5823 0.1571 11.0000 0.0250 
137.0000 1.5794 0.0733 12.0000 0.0141 
138.0000 1.5542 0.0699 10.0000 0.0111 
140.0000 1.5690 0.0896 7.0000 0.0244 
140.0000 1.5690 0.0245 5.0000 0.0098 
141.0000 1.5660 0.1192 8.0000 0.0220 
142.0000 1.5668 0.0974 8.0000 0.0174 
143.0000 1.5664 0.0806 9.0000 0.0105 
144.0000 1.5717 0.1068 10.0000 0.0256 
145.0000 1.5645 0.1463 10.0000 0.0207 
147.0000 1.5680 0.1014 8.0000 0.0151 
147.0000 1.5680 0.0282 3.0000 0.0184 
148.0000 1.5685 0.1274 11.0000 0.0178 
149.0000 1.5678 0.1127 7.0000 0.0236 
150.0000 1.5736 0.1107 11.0000 0.0151 
151.0000 1.5726 0.1049 7.0000 0.0201 
152.0000 1.5761 0.0759 9.0000 0.0157 
153.0000 1.5752 0.0961 8.0000 0.0248 
154.0000 1.5784 0.1066 9.0000 0.0196 
155.0000 1.5795 0.1309 9.0000 0.0206 
156.0000 1.5825 0.1441 11.0000 0.0201 
158.0000 1.5750 0.0819 6.0000 0.0163 
158.0000 1.5750 0.0382 3.0000 0.0212 
159.0000 1.5539 0.0979 10.0000 0.0181 
160.0000 1.5471 0.0776 10.0000 0.0141 
161.0000 1.5433 0.0757 7.0000 0.0184 
162.0000 1.5473 0.0802 11.0000 0.0148 
163.0000 1.5431 0.0761 7.0000 0.0170 
164.0000 1.5422 0.1142 12.0000 0.0115 
165.0000 1.5480 0.1286 10.0000 0.0222 
166.0000 1.5423 0.0733 9.0000 0.0163 
167.0000 1.5492 0.0760 10.0000 0.0115 
168.0000 1.5527 0.0935 11.0000 0.0117 
170.0000 1.5438 0.0524 6.0000 0.0254 
170.0000 1.5438 0.0342 4.0000 0.0132 
171.0000 1.5397 0.0551 11.0000 0.0143 
172.0000 1.5385 0.1021 12.0000 0.0151 
173.0000 1.5385 0.0734 9.0000 0.0174 
174.0000 1.5367 0.0542 10.0000 0.0169 
175.0000 1.5348 0.0775 6.0000 0.0160 
176.0000 1.5379 0.1023 10.0000 0.0179 
177.0000 1.5429 0.0528 8.0000 0.0116 
178.0000 1.5385 0.1296 10.0000 0.0160 
179.0000 1.5389 0.0635 9.0000 0.0170 
180.0000 1.5410 0.1053 12.0000 0.0052 
181.0000 1.5429 0.1248 10.0000 0.0209 
182.0000 1.5433 0.1123 10.0000 0.0148 
183.0000 1.5469 0.1263 10.0000 0.0241 
184.0000 1.5465 0.1104 9.0000 0.0227 
185.0000 1.5464 0.1019 8.0000 0.0258 
186.0000 1.5452 0.1313 8.0000 0.0281 
187.0000 1.5514 0.1556 11.0000 0.0211 
188.0000 1.5523 0.0951 7.0000 0.0176 
189.0000 1.5444 0.0832 10.0000 0.0173 
190.0000 1.5448 0.1336 12.0000 0.0180 
191.0000 1.5503 0.1381 10.0000 0.0255 
192.0000 1.5544 0.1426 10.0000 0.0180 
193.0000 1.5516 0.1191 9.0000 0.0212 
194.0000 1.5529 0.1158 9.0000 0.0200 
195.0000 1.5571 0.1052 12.0000 0.0158 
197.0000 1.5657 0.0731 6.0000 0.0227 
197.0000 1.5657 0.0397 6.0000 0.0123 
198.0000 1.5663 0.1134 11.0000 0.0199 
199.0000 1.5685 0.1045 11.0000 0.0166 
200.0000 1.5587 0.0108 9.0000 0.0137 
201.0000 1.5625 0.0467 8.0000 0.0123 
202.0000 1.5649 0.0625 8.0000 0.0228 
203.0000 1.5670 0.0918 9.0000 0.0141 
205.0000 1.5660 0.0943 9.0000 0.0167 
205.0000 1.5660 0.0202 3.0000 0.0182 
206.0000 1.5618 0.1102 11.0000 0.0126 
207.0000 1.5649 0.1034 11.0000 0.0150 
208.0000 1.5676 0.0984 11.0000 0.0163 
209.0000 1.5699 0.1639 12.0000 0.0193 
210.0000 1.5699 0.1052 8.0000 0.0202 
211.0000 1.5717 0.1074 11.0000 0.0170 
212.0000 1.5747 0.1331 13.0000 0.0158 
213.0000 1.5766 0.0969 8.0000 0.0162 
214.0000 1.5777 0.1018 10.0000 0.0211 
216.0000 1.5845 0.0283 8.0000 0.0177 
216.0000 1.5845 0.0253 4.0000 0.0138 
218.0000 1.5957 0.0408 7.0000 0.0189 
218.0000 1.5957 0.0276 4.0000 0.0139 
219.0000 1.5962 0.0784 9.0000 0.0187 
222.0000 1.6029 0.0314 3.0000 0.0092 
222.0000 1.6029 0.0562 6.0000 0.0121 
222.0000 1.6029 0.0339 5.0000 0.0148 
224.0000 1.6083 0.0435 6.0000 0.0267 
224.0000 1.6083 0.0361 4.0000 0.0168 
225.0000 1.6071 0.0643 8.0000 0.0141 
226.0000 1.6105 0.0867 10.0000 0.0141 
227.0000 1.6099 0.1223 14.0000 0.0123 
228.0000 1.6096 0.1234 13.0000 0.0151 
230.0000 1.6012 0.0634 9.0000 0.0107 
230.0000 1.6012 0.0281 5.0000 0.0115 
231.0000 1.5989 0.0958 8.0000 0.0150 
232.0000 1.5986 0.1010 9.0000 0.0158 
233.0000 1.6029 0.1436 12.0000 0.0172 
234.0000 1.6042 0.1389 11.0000 0.0231 
235.0000 1.6056 0.1240 11.0000 0.0183 
236.0000 1.6002 0.0685 10.0000 0.0109 
237.0000 1.6007 0.0639 10.0000 0.0115 
238.0000 1.5951 0.1029 10.0000 0.0125 
240.0000 1.6049 0.0529 5.0000 0.0226 
240.0000 1.6049 0.0424 5.0000 0.0151 
241.0000 1.5980 0.0840 10.0000 0.0161 
242.0000 1.5940 0.1024 9.0000 0.0176 
243.0000 1.5931 0.0893 10.0000 0.0154 
244.0000 1.5956 0.1225 9.0000 0.0251 
245.0000 1.5945 0.0921 8.0000 0.0217 
246.0000 1.5969 0.0845 10.0000 0.0168 
247.0000 1.5940 0.1336 9.0000 0.0263 
248.0000 1.5961 0.1044 11.0000 0.0180 
250.0000 1.6027 0.0565 5.0000 0.0341 
250.0000 1.6027 0.0474 5.0000 0.0153 
251.0000 1.5987 0.0870 10.0000 0.0093 
252.0000 1.5876 0.0879 11.0000 0.0138 
253.0000 1.5855 0.0974 10.0000 0.0220 
254.0000 1.5863 0.0879 8.0000 0.0190 
255.0000 1.5566 0.1166 9.0000 0.0516 
256.0000 1.5483 0.1035 9.0000 0.0175 
258.0000 1.5504 0.0258 3.0000 0.0192 
258.0000 1.5504 0.0625 7.0000 0.0125 
259.0000 1.5535 0.0073 11.0000 0.0135 
260.0000 1.5568 0.1342 12.0000 0.0177 
261.0000 1.5602 0.1101 9.0000 0.0194 
262.0000 1.5642 0.1325 12.0000 0.0195 
263.0000 1.5665 0.0793 11.0000 0.0130 
264.0000 1.5691 0.0917 9.0000 0.0193 
266.0000 1.5783 0.0862 5.0000 0.0432 
266.0000 1.5783 0.0219 3.0000 0.0152 
267.0000 1.5804 0.0837 12.0000 0.0203 
268.0000 1.5835 0.0723 7.0000 0.0176 
269.0000 1.5873 0.0773 10.0000 0.0187 
271.0000 1.5936 0.1045 3.0000 0.0563 
271.0000 1.5936 0.0729 6.0000 0.0159 
272.0000 1.5909 0.1282 9.0000 0.0223 
273.0000 1.5930 0.0980 10.0000 0.0158 
274.0000 1.5941 0.0697 9.0000 0.0158 
275.0000 1.5960 0.0908 10.0000 0.0279 
276.0000 1.5963 0.0799 10.0000 0.0172 
277.0000 1.5976 0.0900 10.0000 0.0120 
278.0000 1.5995 0.0700 8.0000 0.0188 
279.0000 1.5996 0.1012 8.0000 0.0229 
280.0000 1.6016 0.0999 10.0000 0.0217 
281.0000 1.6010 0.0991 8.0000 0.0236 
282.0000 1.6045 0.1069 9.0000 0.0236 
283.0000 1.6008 0.0681 12.0000 0.0129 
284.0000 1.6002 0.0726 13.0000 0.0134 
285.0000 1.6001 0.1234 11.0000 0.0131 
286.0000 1.6007 0.1275 10.0000 0.0175 
287.0000 1.6023 0.1133 12.0000 0.0183 
288.0000 1.6035 0.0795 9.0000 0.0133 
289.0000 1.6040 0.1527 15.0000 0.0166 