
2.0000 0.3396 0.0985 6.0000 0.0272 
2.0000 0.3396 0.0520 5.0000 0.0165 
3.0000 0.2292 0.1511 9.0000 0.0300 
4.0000 0.3001 0.1062 10.0000 0.0265 
6.0000 0.2060 0.1046 8.0000 0.0197 
6.0000 0.2060 0.0181 4.0000 0.0082 
7.0000 0.1886 0.1337 11.0000 0.0251 
8.0000 0.1780 0.0997 9.0000 0.0134 
9.0000 0.1896 0.0818 10.0000 0.0168 
10.0000 0.1946 0.0769 3.0000 0.0306 
12.0000 0.1919 0.1529 11.0000 0.0189 
12.0000 0.1919 0.0330 3.0000 0.0151 
13.0000 0.2049 0.1353 9.0000 0.0213 
14.0000 0.2175 0.0958 8.0000 0.0180 
16.0000 0.2270 0.1145 7.0000 0.0183 
16.0000 0.2270 0.0110 3.0000 0.0025 
17.0000 0.2382 0.1352 9.0000 0.0210 
18.0000 0.2513 0.1190 10.0000 0.0165 
19.0000 0.2580 0.0909 6.0000 0.0263 
20.0000 0.2700 0.1264 10.0000 0.0198 
21.0000 0.2815 0.1070 6.0000 0.0540 
22.0000 0.2650 0.1130 8.0000 0.0202 
23.0000 0.2757 0.1166 9.0000 0.0182 
24.0000 0.2328 0.0980 6.0000 0.0200 
25.0000 0.2400 0.0417 6.0000 0.0144 
26.0000 0.2487 0.0697 8.0000 0.0151 
27.0000 0.2516 0.0897 7.0000 0.0174 
28.0000 0.2493 0.1583 9.0000 0.0270 
29.0000 0.2544 0.0816 8.0000 0.0146 
30.0000 0.2625 0.1277 8.0000 0.0222 
31.0000 0.2708 0.1341 11.0000 0.0233 
32.0000 0.2787 0.1463 9.0000 0.0253 
33.0000 0.2856 0.0933 7.0000 0.0177 
34.0000 0.2931 0.0908 8.0000 0.0187 
35.0000 0.2934 0.1129 7.0000 0.0281 
36.0000 0.3012 0.1034 9.0000 0.0162 
37.0000 0.3017 0.0806 8.0000 0.0169 
39.0000 0.2752 0.0443 4.0000 0.0217 
39.0000 0.2752 0.0255 4.0000 0.0118 
40.0000 0.2816 0.0973 8.0000 0.0203 
41.0000 0.2755 0.1344 8.0000 0.0323 
43.0000 0.2837 0.0708 7.0000 0.0179 
43.0000 0.2837 0.0445 3.0000 0.0319 
44.0000 0.2899 0.1389 10.0000 0.0236 
45.0000 0.2885 0.0552 8.0000 0.0124 
46.0000 0.2944 0.1375 9.0000 0.0179 
47.0000 0.2975 0.0734 9.0000 0.0156 
48.0000 0.3013 0.1133 7.0000 0.0241 
49.0000 0.3073 0.1808 10.0000 0.0279 
50.0000 0.3130 0.1202 10.0000 0.0206 
51.0000 0.3071 0.0885 7.0000 0.0204 
52.0000 0.2972 0.0989 9.0000 0.0207 
53.0000 0.3026 0.1476 11.0000 0.0237 
54.0000 0.3071 0.1184 9.0000 0.0201 
55.0000 0.3084 0.1127 8.0000 0.0254 
56.0000 0.3138 0.1184 10.0000 0.0173 
57.0000 0.3189 0.1347 8.0000 0.0330 
58.0000 0.3234 0.0830 7.0000 0.0156 
59.0000 0.3263 0.0549 9.0000 0.0118 
60.0000 0.3262 0.0782 9.0000 0.0161 
61.0000 0.3314 0.1014 6.0000 0.0209 