
1.0000 1.7857 0.0454 6.0000 0.0138 
3.0000 2.5862 0.1003 11.0000 0.0138 
3.0000 2.5862 0.0095 3.0000 0.0036 
4.0000 2.9630 0.0994 8.0000 0.0240 
5.0000 2.0243 0.1310 10.0000 0.0190 
6.0000 2.2727 0.0902 9.0000 0.0187 
7.0000 2.2951 0.1178 12.0000 0.0083 
8.0000 2.4615 0.1179 10.0000 0.0130 
9.0000 2.6087 0.1013 13.0000 0.0073 
11.0000 2.9412 0.0471 6.0000 0.0166 
11.0000 2.9412 0.0220 4.0000 0.0108 
12.0000 2.9777 0.1247 9.0000 0.0169 
13.0000 3.0806 0.0779 8.0000 0.0220 
14.0000 2.8169 0.0804 10.0000 0.0110 
16.0000 3.0769 0.0767 6.0000 0.0176 
16.0000 3.0769 0.0376 3.0000 0.0176 
17.0000 3.1193 0.0655 10.0000 0.0129 
18.0000 3.1972 0.1216 11.0000 0.0234 
19.0000 3.1509 0.0935 9.0000 0.0216 
21.0000 3.1250 0.0674 4.0000 0.0207 
21.0000 3.1250 0.0923 8.0000 0.0174 
22.0000 3.0942 0.1051 9.0000 0.0187 
23.0000 3.1123 0.0251 12.0000 0.0169 
25.0000 3.2134 0.0948 7.0000 0.0188 
25.0000 3.2134 0.0358 5.0000 0.0128 
26.0000 3.1707 0.0986 12.0000 0.0125 
27.0000 3.1653 0.1098 9.0000 0.0133 
28.0000 3.1746 0.0866 6.0000 0.0239 
30.0000 3.2859 0.0490 6.0000 0.0193 
30.0000 3.2859 0.0352 5.0000 0.0132 
32.0000 3.2000 0.0626 9.0000 0.0152 
32.0000 3.2000 0.0371 4.0000 0.0195 
33.0000 2.9783 0.0873 14.0000 0.0111 
34.0000 2.9386 0.1223 12.0000 0.0176 
35.0000 2.9412 0.1291 8.0000 0.0228 
36.0000 2.9752 0.1370 13.0000 0.0150 
37.0000 2.8331 0.0878 8.0000 0.0175 
38.0000 2.8593 0.1010 10.0000 0.0211 
39.0000 2.7581 0.1161 9.0000 0.0199 
40.0000 2.7913 0.0858 12.0000 0.0107 
41.0000 2.6452 0.1043 11.0000 0.0143 
42.0000 2.6349 0.0947 14.0000 0.0209 
43.0000 2.4741 0.0670 10.0000 0.0208 
44.0000 2.3392 0.0743 11.0000 0.0232 
45.0000 2.3548 0.0796 15.0000 0.0208 
46.0000 2.3197 0.0719 10.0000 0.0107 
47.0000 2.3244 0.0731 12.0000 0.0223 
49.0000 2.3961 0.0643 7.0000 0.0118 
49.0000 2.3961 0.0126 4.0000 0.0061 
52.0000 2.2938 0.0034 3.0000 0.0033 
52.0000 2.2938 0.0698 11.0000 0.0195 
52.0000 2.2938 0.1197 19.0000 0.0154 
54.0000 2.2388 0.0593 10.0000 0.0279 
54.0000 2.2388 0.0421 6.0000 0.0122 
57.0000 2.3105 0.0276 4.0000 0.0165 
57.0000 2.3105 0.0493 3.0000 0.0248 
57.0000 2.3105 0.0277 4.0000 0.0120 
58.0000 2.2437 0.0807 9.0000 0.0200 
60.0000 2.1786 0.0606 12.0000 0.0230 
60.0000 2.1786 0.0347 3.0000 0.0181 
62.0000 2.2111 0.0608 9.0000 0.0102 
62.0000 2.2111 0.0298 3.0000 0.0133 
64.0000 2.2647 0.0486 9.0000 0.0112 
64.0000 2.2647 0.0288 5.0000 0.0114 
65.0000 2.2735 0.0867 9.0000 0.0178 
66.0000 2.2877 0.0709 10.0000 0.0138 
67.0000 2.3080 0.0512 9.0000 0.0155 
68.0000 2.3312 0.0577 11.0000 0.0093 
70.0000 2.3834 0.0329 7.0000 0.0118 
70.0000 2.3834 0.0223 3.0000 0.0177 
71.0000 2.4043 0.0733 9.0000 0.0153 
72.0000 2.4080 0.0579 7.0000 0.0196 
73.0000 2.4244 0.0694 9.0000 0.0129 
74.0000 2.4326 0.0970 11.0000 0.0184 
75.0000 2.4486 0.1121 9.0000 0.0213 
76.0000 2.4667 0.0763 12.0000 0.0138 
77.0000 2.4791 0.1218 9.0000 0.0230 
78.0000 2.4809 0.0888 14.0000 0.0080 
79.0000 2.5000 0.0782 9.0000 0.0131 
80.0000 2.4829 0.0497 8.0000 0.0119 
81.0000 2.5015 0.0964 9.0000 0.0200 
82.0000 2.4340 0.1113 12.0000 0.0191 
83.0000 2.4505 0.1424 11.0000 0.0272 
84.0000 2.4583 0.0741 15.0000 0.0156 
86.0000 2.4884 0.0776 6.0000 0.0264 
86.0000 2.4884 0.0433 3.0000 0.0217 
87.0000 2.4964 0.0887 8.0000 0.0155 
88.0000 2.5114 0.1308 12.0000 0.0158 
89.0000 2.5063 0.0835 9.0000 0.0292 
92.0000 2.5061 0.0399 3.0000 0.0227 
92.0000 2.5061 0.0393 6.0000 0.0216 
92.0000 2.5061 0.0463 4.0000 0.0212 
93.0000 2.5108 0.0860 13.0000 0.0111 
94.0000 2.5161 0.0991 9.0000 0.0171 
96.0000 2.5546 0.0978 11.0000 0.0165 
96.0000 2.5546 0.0280 4.0000 0.0119 
97.0000 2.5648 0.0931 9.0000 0.0148 
98.0000 2.5729 0.1083 11.0000 0.0184 
100.0000 2.6144 0.0615 8.0000 0.0151 
100.0000 2.6144 0.0474 4.0000 0.0233 
101.0000 2.6275 0.0603 6.0000 0.0222 
103.0000 2.6574 0.0573 7.0000 0.0249 
103.0000 2.6574 0.0276 3.0000 0.0166 
105.0000 2.6840 0.0900 6.0000 0.0364 
105.0000 2.6840 0.0664 6.0000 0.0220 
106.0000 2.6660 0.0862 10.0000 0.0077 
107.0000 2.6750 0.0959 8.0000 0.0221 
108.0000 2.6852 0.0727 9.0000 0.0151 
109.0000 2.6821 0.0978 12.0000 0.0122 
110.0000 2.6706 0.0903 10.0000 0.0125 
112.0000 2.6743 0.0968 16.0000 0.0102 
112.0000 2.6743 0.0201 3.0000 0.0147 
113.0000 2.6873 0.1010 9.0000 0.0382 
116.0000 2.7423 0.0780 10.0000 0.0264 
116.0000 2.7423 0.0190 3.0000 0.0051 
116.0000 2.7423 0.0284 3.0000 0.0209 
117.0000 2.7529 0.0829 9.0000 0.0184 
118.0000 2.7120 0.0640 7.0000 0.0176 
119.0000 2.6509 0.1502 10.0000 0.0257 
120.0000 2.6631 0.1282 11.0000 0.0088 
122.0000 2.6855 0.0764 8.0000 0.0240 
122.0000 2.6855 0.0373 3.0000 0.0251 
123.0000 2.6728 0.0497 5.0000 0.0216 
124.0000 2.6266 0.0834 9.0000 0.0198 
125.0000 2.6327 0.0653 11.0000 0.0186 
127.0000 2.6563 0.0482 7.0000 0.0240 
127.0000 2.6563 0.0302 4.0000 0.0219 
129.0000 2.6462 0.0323 5.0000 0.0118 
129.0000 2.6462 0.0255 5.0000 0.0090 
130.0000 2.5783 0.0495 10.0000 0.0129 
131.0000 2.5472 0.0474 9.0000 0.0181 
133.0000 2.5755 0.0825 9.0000 0.0229 
133.0000 2.5755 0.0212 3.0000 0.0157 
134.0000 2.5408 0.0975 12.0000 0.0140 
135.0000 2.5328 0.1107 11.0000 0.0166 
136.0000 2.5392 0.1140 10.0000 0.0132 
137.0000 2.4968 0.0799 11.0000 0.0114 
138.0000 2.4621 0.0620 10.0000 0.0102 
140.0000 2.4429 0.0496 6.0000 0.0131 
140.0000 2.4429 0.0151 5.0000 0.0063 
141.0000 2.4352 0.0431 7.0000 0.0224 
143.0000 2.4642 0.0722 6.0000 0.0296 
143.0000 2.4642 0.0261 4.0000 0.0170 
145.0000 2.4812 0.0912 10.0000 0.0214 
145.0000 2.4812 0.0156 4.0000 0.0071 
146.0000 2.4754 0.0554 4.0000 0.0140 
147.0000 2.4402 0.0447 3.0000 0.0207 
148.0000 2.4207 0.0660 8.0000 0.0310 
149.0000 2.3840 0.0658 11.0000 0.0159 
152.0000 2.3728 0.1291 10.0000 0.0224 
152.0000 2.3728 0.0687 12.0000 0.0188 
152.0000 2.3728 0.0318 3.0000 0.0118 
153.0000 2.3637 0.1064 15.0000 0.0251 
154.0000 2.3707 0.1029 11.0000 0.0161 
155.0000 2.3726 0.0754 8.0000 0.0174 
156.0000 2.3733 0.0601 8.0000 0.0165 
157.0000 2.3422 0.0727 11.0000 0.0178 
159.0000 2.3671 0.0924 7.0000 0.0247 
159.0000 2.3671 0.0349 3.0000 0.0126 
160.0000 2.3658 0.0633 6.0000 0.0167 
161.0000 2.3555 0.0604 8.0000 0.0178 
162.0000 2.3333 0.0682 10.0000 0.0482 
164.0000 2.3243 0.0485 5.0000 0.0193 
164.0000 2.3243 0.0234 4.0000 0.0188 
165.0000 2.3279 0.0932 10.0000 0.0198 
166.0000 2.3178 0.0918 12.0000 0.0147 
167.0000 2.3057 0.0976 9.0000 0.0146 
168.0000 2.3150 0.0919 8.0000 0.0194 
169.0000 2.3025 0.1034 11.0000 0.0156 
170.0000 2.2961 0.1269 13.0000 0.0119 
172.0000 2.3140 0.0515 10.0000 0.0146 
172.0000 2.3140 0.0291 5.0000 0.0102 
173.0000 2.2769 0.0904 11.0000 0.0192 
174.0000 2.2811 0.1088 15.0000 0.0164 
175.0000 2.2456 0.0579 8.0000 0.0099 
176.0000 2.2541 0.0905 11.0000 0.0105 
177.0000 2.2531 0.1116 9.0000 0.0214 
178.0000 2.2580 0.0838 13.0000 0.0086 
179.0000 2.2612 0.0794 11.0000 0.0120 
180.0000 2.2308 0.0753 6.0000 0.0212 
182.0000 2.2508 0.0624 9.0000 0.0102 
182.0000 2.2508 0.0406 3.0000 0.0211 
183.0000 2.2484 0.0829 11.0000 0.0113 
185.0000 2.2683 0.0597 9.0000 0.0186 
185.0000 2.2683 0.0366 4.0000 0.0168 
186.0000 2.2688 0.0901 18.0000 0.0290 
188.0000 2.2602 0.0298 3.0000 0.0184 
188.0000 2.2602 0.0413 4.0000 0.0172 
189.0000 2.1918 0.0448 7.0000 0.0159 
190.0000 2.1806 0.0899 17.0000 0.0212 
191.0000 2.1707 0.0998 10.0000 0.0150 
192.0000 2.1756 0.1042 7.0000 0.0298 
194.0000 2.1913 0.1182 9.0000 0.0237 
194.0000 2.1913 0.0420 5.0000 0.0147 
195.0000 2.1861 0.1368 8.0000 0.0263 
196.0000 2.1873 0.0543 6.0000 0.0161 
197.0000 2.1891 0.0543 7.0000 0.0052 
198.0000 2.1961 0.0783 10.0000 0.0191 
199.0000 2.2011 0.1267 10.0000 0.0200 
202.0000 2.2269 0.1393 8.0000 0.0652 
202.0000 2.2269 0.0574 6.0000 0.0142 
202.0000 2.2269 0.0659 4.0000 0.0363 
203.0000 2.2335 0.0677 7.0000 0.0186 
204.0000 2.2198 0.1291 10.0000 0.0436 
205.0000 2.1895 0.0693 8.0000 0.0170 
206.0000 2.1936 0.0690 7.0000 0.0100 
207.0000 2.1947 0.0731 10.0000 0.0208 
208.0000 2.1588 0.1182 9.0000 0.0240 
209.0000 2.1421 0.1182 12.0000 0.0170 
210.0000 2.1464 0.0461 10.0000 0.0107 
211.0000 2.1509 0.0832 10.0000 0.0178 
212.0000 2.1536 0.0975 12.0000 0.0006 
213.0000 2.1433 0.0547 7.0000 0.0119 
214.0000 2.1462 0.0474 7.0000 0.0050 
216.0000 2.1365 0.0977 8.0000 0.0248 
216.0000 2.1365 0.0415 5.0000 0.0167 
217.0000 2.1140 0.1024 11.0000 0.0074 
219.0000 2.1164 0.0505 3.0000 0.0159 
219.0000 2.1164 0.0721 7.0000 0.0150 
220.0000 2.1221 0.0814 10.0000 0.0321 
221.0000 2.1219 0.0586 7.0000 0.0222 
222.0000 2.0829 0.0856 10.0000 0.0189 
224.0000 2.0974 0.0558 9.0000 0.0138 
224.0000 2.0974 0.0328 4.0000 0.0153 
225.0000 2.0314 0.0717 8.0000 0.0147 
227.0000 2.0368 0.0490 4.0000 0.0218 
227.0000 2.0368 0.0522 4.0000 0.0183 
229.0000 2.0511 0.0448 8.0000 0.0126 
229.0000 2.0511 0.0180 3.0000 0.0162 
230.0000 2.0485 0.0495 7.0000 0.0147 
231.0000 2.0481 0.0810 9.0000 0.0195 
232.0000 2.0428 0.0503 8.0000 0.0207 
233.0000 2.0476 0.0981 11.0000 0.0133 
234.0000 2.0530 0.0474 10.0000 0.0261 
235.0000 2.0585 0.0936 12.0000 0.0153 
236.0000 2.0601 0.0457 9.0000 0.0089 
237.0000 2.0352 0.0895 11.0000 0.0136 
241.0000 2.0500 0.0786 8.0000 0.0133 
241.0000 2.0500 0.0385 3.0000 0.0195 
241.0000 2.0500 0.0483 8.0000 0.0088 
241.0000 2.0500 0.0133 5.0000 0.0051 
242.0000 2.0552 0.0391 13.0000 0.0162 
244.0000 2.0660 0.0473 9.0000 0.0115 
244.0000 2.0660 0.0204 3.0000 0.0151 
245.0000 2.0366 0.0641 7.0000 0.0246 
247.0000 2.0427 0.0789 8.0000 0.0170 
247.0000 2.0427 0.0532 4.0000 0.0240 
249.0000 2.0545 0.0778 7.0000 0.0266 
249.0000 2.0545 0.0360 5.0000 0.0171 
250.0000 2.0595 0.0387 11.0000 0.0097 
251.0000 2.0252 0.0395 7.0000 0.0149 
253.0000 2.0242 0.0705 9.0000 0.0114 
253.0000 2.0242 0.0215 4.0000 0.0128 
254.0000 2.0286 0.0858 11.0000 0.0109 
256.0000 2.0377 0.0803 9.0000 0.0173 
256.0000 2.0377 0.0374 4.0000 0.0126 
258.0000 2.0473 0.0492 6.0000 0.0129 
258.0000 2.0473 0.0305 3.0000 0.0141 
260.0000 2.0132 0.0739 7.0000 0.0323 
260.0000 2.0132 0.0216 3.0000 0.0062 
264.0000 2.0317 0.0039 7.0000 0.0244 
264.0000 2.0317 0.0443 5.0000 0.0142 
264.0000 2.0317 0.0226 3.0000 0.0075 
264.0000 2.0317 0.0329 5.0000 0.0114 
265.0000 2.0260 0.0453 4.0000 0.0162 
266.0000 1.9933 0.1200 12.0000 0.0223 
267.0000 1.9885 0.1367 13.0000 0.0192 
268.0000 1.9657 0.0651 7.0000 0.0109 
269.0000 1.9706 0.0606 9.0000 0.0229 
270.0000 1.9733 0.1202 13.0000 0.0156 
271.0000 1.9765 0.0689 10.0000 0.0124 
272.0000 1.9753 0.0923 10.0000 0.0165 
273.0000 1.9671 0.0173 8.0000 0.0169 
275.0000 1.9740 0.0723 8.0000 0.0194 
275.0000 1.9740 0.0385 3.0000 0.0158 
276.0000 1.9386 0.0717 14.0000 0.0139 
277.0000 1.9321 0.0679 12.0000 0.0135 
278.0000 1.9252 0.0953 9.0000 0.0153 
279.0000 1.9249 0.0772 11.0000 0.0141 
280.0000 1.9094 0.0528 13.0000 0.0122 
281.0000 1.9007 0.0639 9.0000 0.0144 
282.0000 1.9021 0.0653 11.0000 0.0131 
283.0000 1.9038 0.0371 7.0000 0.0176 
285.0000 1.9148 0.0420 5.0000 0.0100 
285.0000 1.9148 0.0216 3.0000 0.0135 
286.0000 1.9138 0.0911 8.0000 0.0214 
287.0000 1.8864 0.0436 8.0000 0.0102 
289.0000 1.8449 0.0572 9.0000 0.0219 
289.0000 1.8449 0.0306 4.0000 0.0204 
291.0000 1.8433 0.0498 7.0000 0.0295 
291.0000 1.8433 0.0354 5.0000 0.0094 
292.0000 1.8265 0.0301 9.0000 0.0167 
293.0000 1.8145 0.0787 12.0000 0.0159 
294.0000 1.8168 0.0788 11.0000 0.0174 
296.0000 1.8265 0.1211 9.0000 0.0214 
296.0000 1.8265 0.0321 3.0000 0.0199 
298.0000 1.8371 0.0565 8.0000 0.0152 
298.0000 1.8371 0.0322 3.0000 0.0213 
299.0000 1.8395 0.1011 9.0000 0.0118 
300.0000 1.8423 0.0887 12.0000 0.0130 
301.0000 1.8459 0.1140 10.0000 0.0148 
302.0000 1.8483 0.0512 8.0000 0.0142 
304.0000 1.8589 0.0338 6.0000 0.0122 
304.0000 1.8589 0.0277 3.0000 0.0170 
305.0000 1.8633 0.0423 4.0000 0.0216 
306.0000 1.8632 0.1049 10.0000 0.0159 
307.0000 1.8665 0.1112 13.0000 0.0128 
308.0000 1.8700 0.0780 10.0000 0.0170 
309.0000 1.8665 0.0943 9.0000 0.0183 
310.0000 1.8706 0.0919 10.0000 0.0151 
311.0000 1.8724 0.0529 7.0000 0.0320 
313.0000 1.8825 0.0718 7.0000 0.0196 
313.0000 1.8825 0.0307 4.0000 0.0151 
315.0000 1.8717 0.0655 7.0000 0.0222 
315.0000 1.8717 0.0220 3.0000 0.0109 
316.0000 1.8478 0.0418 3.0000 0.0262 
317.0000 1.7994 0.0833 12.0000 0.0111 
318.0000 1.7996 0.0536 11.0000 0.0124 
319.0000 1.7798 0.0811 6.0000 0.0183 
321.0000 1.7819 0.0448 7.0000 0.0137 
321.0000 1.7819 0.0267 3.0000 0.0212 