
1.0000 0.3247 0.1617 10.0000 0.0260 
3.0000 0.4071 0.0805 7.0000 0.0199 
3.0000 0.4071 0.0445 3.0000 0.0257 
4.0000 0.4454 0.0862 8.0000 0.0175 
5.0000 0.4822 0.1255 10.0000 0.0217 
6.0000 0.5561 0.1096 8.0000 0.0267 
7.0000 0.5636 0.1294 10.0000 0.0204 
9.0000 0.7109 0.1040 7.0000 0.0158 
9.0000 0.7109 0.0259 4.0000 0.0158 
10.0000 0.7599 0.1554 10.0000 0.0253 
11.0000 0.7801 0.0974 14.0000 0.0197 
12.0000 0.8174 0.1356 11.0000 0.0168 
13.0000 0.8161 0.1483 9.0000 0.0224 
14.0000 0.6143 0.0541 4.0000 0.0118 
15.0000 0.6014 0.0825 6.0000 0.0193 
16.0000 0.5531 0.0924 9.0000 0.0143 
17.0000 0.5378 0.1652 11.0000 0.0198 
18.0000 0.5476 0.1653 9.0000 0.0264 
19.0000 0.5272 0.1053 6.0000 0.0281 
20.0000 0.5526 0.1164 11.0000 0.0180 
21.0000 0.5747 0.1195 10.0000 0.0200 
22.0000 0.5842 0.0818 6.0000 0.0180 
23.0000 0.5135 0.1618 13.0000 0.0178 
24.0000 0.5102 0.1942 11.0000 0.0271 
25.0000 0.4950 0.1215 10.0000 0.0240 
26.0000 0.5114 0.0696 7.0000 0.0153 
27.0000 0.5281 0.1362 11.0000 0.0249 
29.0000 0.5603 0.1090 6.0000 0.0351 
29.0000 0.5603 0.0098 3.0000 0.0068 
30.0000 0.5633 0.1662 12.0000 0.0188 
32.0000 0.5698 0.0925 8.0000 0.0143 
32.0000 0.5698 0.0328 4.0000 0.0156 
33.0000 0.5849 0.1704 12.0000 0.0189 
34.0000 0.5977 0.1427 9.0000 0.0167 
35.0000 0.6111 0.1553 10.0000 0.0260 
37.0000 0.6354 0.1035 6.0000 0.0200 
37.0000 0.6354 0.0210 3.0000 0.0171 
38.0000 0.6136 0.1548 10.0000 0.0269 
39.0000 0.5726 0.0891 7.0000 0.0196 
41.0000 0.5999 0.0821 8.0000 0.0150 
41.0000 0.5999 0.0359 3.0000 0.0282 
42.0000 0.5954 0.1197 8.0000 0.0260 
43.0000 0.6045 0.0878 7.0000 0.0170 
45.0000 0.6179 0.0744 6.0000 0.0259 
45.0000 0.6179 0.0280 4.0000 0.0143 
46.0000 0.6113 0.1254 8.0000 0.0332 
47.0000 0.6128 0.1643 8.0000 0.0303 
48.0000 0.6177 0.1386 11.0000 0.0196 
49.0000 0.6268 0.1272 8.0000 0.0281 
50.0000 0.6341 0.1445 10.0000 0.0189 
51.0000 0.6428 0.1310 11.0000 0.0205 
52.0000 0.6522 0.1223 9.0000 0.0188 
53.0000 0.6566 0.1447 11.0000 0.0214 
54.0000 0.6596 0.0570 7.0000 0.0241 
55.0000 0.6661 0.1209 9.0000 0.0296 
56.0000 0.6696 0.1100 8.0000 0.0260 
57.0000 0.6758 0.1464 13.0000 0.0177 
58.0000 0.5943 0.1138 7.0000 0.0241 
59.0000 0.5976 0.1043 9.0000 0.0135 
60.0000 0.6051 0.1264 12.0000 0.0225 
61.0000 0.6064 0.1325 9.0000 0.0233 
62.0000 0.6148 0.1329 8.0000 0.0266 
63.0000 0.6225 0.1023 7.0000 0.0221 
64.0000 0.6274 0.1008 9.0000 0.0125 
66.0000 0.6435 0.1487 8.0000 0.0228 
66.0000 0.6435 0.0304 5.0000 0.0141 
67.0000 0.6471 0.1092 9.0000 0.0187 
68.0000 0.6454 0.1389 10.0000 0.0200 
69.0000 0.6422 0.1206 9.0000 0.0253 
70.0000 0.6498 0.0824 7.0000 0.0144 
71.0000 0.6578 0.1099 7.0000 0.0243 
72.0000 0.6629 0.1690 10.0000 0.0198 
73.0000 0.6689 0.0479 6.0000 0.0151 
74.0000 0.6512 0.0463 5.0000 0.0216 
75.0000 0.6517 0.0936 9.0000 0.0211 
76.0000 0.6526 0.0598 11.0000 0.0218 
77.0000 0.6585 0.1338 9.0000 0.0228 
78.0000 0.6618 0.1142 9.0000 0.0191 
79.0000 0.6669 0.1565 11.0000 0.0231 
80.0000 0.6721 0.1046 10.0000 0.0292 
81.0000 0.6782 0.1283 11.0000 0.0181 
82.0000 0.6837 0.1116 8.0000 0.0301 
83.0000 0.6901 0.1086 9.0000 0.0206 
85.0000 0.6997 0.0858 7.0000 0.0170 
85.0000 0.6997 0.0586 3.0000 0.0416 
86.0000 0.7053 0.0969 10.0000 0.0171 
87.0000 0.7029 0.0988 10.0000 0.0164 
88.0000 0.7058 0.1307 11.0000 0.0118 
90.0000 0.7186 0.0774 5.0000 0.0329 
90.0000 0.7186 0.0399 4.0000 0.0202 
91.0000 0.7235 0.1490 11.0000 0.0159 
92.0000 0.7291 0.1220 11.0000 0.0180 
93.0000 0.7307 0.1124 10.0000 0.0171 
94.0000 0.7350 0.1203 10.0000 0.0216 
95.0000 0.7354 0.1010 9.0000 0.0095 
96.0000 0.7350 0.1095 10.0000 0.0187 
97.0000 0.7357 0.0590 4.0000 0.0212 
98.0000 0.7385 0.0741 8.0000 0.0131 
99.0000 0.7437 0.0706 12.0000 0.0151 
100.0000 0.7474 0.0820 7.0000 0.0184 
101.0000 0.7535 0.0846 8.0000 0.0259 
103.0000 0.7559 0.1026 8.0000 0.0145 
103.0000 0.7559 0.0307 4.0000 0.0193 
104.0000 0.7612 0.1121 8.0000 0.0256 
105.0000 0.7658 0.0981 8.0000 0.0207 
106.0000 0.7569 0.0956 9.0000 0.0200 
108.0000 0.7615 0.0950 10.0000 0.0196 
108.0000 0.7615 0.0532 3.0000 0.0352 
109.0000 0.7670 0.1171 8.0000 0.0205 
110.0000 0.7730 0.1606 12.0000 0.0264 
111.0000 0.7727 0.1405 10.0000 0.0207 
112.0000 0.7782 0.1405 11.0000 0.0180 
113.0000 0.7840 0.1193 7.0000 0.0220 
114.0000 0.7865 0.1005 8.0000 0.0184 
115.0000 0.7772 0.1335 7.0000 0.0358 
116.0000 0.7729 0.0734 8.0000 0.0282 
117.0000 0.7703 0.1232 9.0000 0.0253 
119.0000 0.7807 0.1002 7.0000 0.0203 
119.0000 0.7807 0.0265 4.0000 0.0197 
120.0000 0.7845 0.1277 10.0000 0.0152 
122.0000 0.7951 0.0546 5.0000 0.0246 
122.0000 0.7951 0.0287 4.0000 0.0163 
124.0000 0.8061 0.0682 7.0000 0.0148 
124.0000 0.8061 0.0296 3.0000 0.0227 
125.0000 0.8096 0.0979 8.0000 0.0145 
126.0000 0.8148 0.0707 12.0000 0.0114 
127.0000 0.8200 0.1239 12.0000 0.0183 
128.0000 0.8139 0.0795 7.0000 0.0214 
129.0000 0.8175 0.1461 10.0000 0.0177 
130.0000 0.8210 0.1003 10.0000 0.0190 
131.0000 0.8251 0.1267 11.0000 0.0176 
132.0000 0.8289 0.1620 9.0000 0.0303 
133.0000 0.8329 0.0548 8.0000 0.0221 
134.0000 0.8261 0.0835 9.0000 0.0270 
135.0000 0.8112 0.0481 6.0000 0.0135 
136.0000 0.8067 0.1560 11.0000 0.0178 
137.0000 0.8099 0.1041 10.0000 0.0197 
138.0000 0.8069 0.0792 9.0000 0.0201 
140.0000 0.8170 0.0789 7.0000 0.0217 
140.0000 0.8170 0.0222 4.0000 0.0145 
141.0000 0.8219 0.0909 9.0000 0.0209 
142.0000 0.8215 0.1222 11.0000 0.0229 
143.0000 0.8240 0.0723 5.0000 0.0218 
144.0000 0.8129 0.1052 9.0000 0.0207 
145.0000 0.8173 0.1324 13.0000 0.0283 
146.0000 0.8209 0.0754 8.0000 0.0137 
147.0000 0.8246 0.0610 7.0000 0.0141 
148.0000 0.8161 0.1499 10.0000 0.0267 
149.0000 0.8099 0.0974 9.0000 0.0371 
150.0000 0.8148 0.1208 9.0000 0.0192 