
1.0000 1.9608 0.1455 11.0000 0.0201 
2.0000 0.4739 0.1513 10.0000 0.0147 
3.0000 0.5894 0.1458 8.0000 0.0323 
4.0000 0.4706 0.0602 7.0000 0.0175 
5.0000 0.5574 0.1243 12.0000 0.0240 
6.0000 0.6283 0.0819 7.0000 0.0211 
7.0000 0.7150 0.1474 11.0000 0.0191 
8.0000 0.7333 0.0842 9.0000 0.0158 
9.0000 0.6406 0.0751 14.0000 0.0140 
10.0000 0.5144 0.1024 10.0000 0.0172 
11.0000 0.5459 0.0690 5.0000 0.0116 
12.0000 0.5636 0.1178 12.0000 0.0190 
13.0000 0.5977 0.1279 10.0000 0.0260 
14.0000 0.6253 0.1190 12.0000 0.0173 
15.0000 0.6022 0.0799 11.0000 0.0168 
16.0000 0.5016 0.1285 11.0000 0.0138 
17.0000 0.4987 0.0684 6.0000 0.0200 
18.0000 0.4722 0.0702 6.0000 0.0189 
19.0000 0.4621 0.0554 5.0000 0.0314 
20.0000 0.4616 0.1067 9.0000 0.0153 
21.0000 0.4795 0.0402 8.0000 0.0075 
22.0000 0.4601 0.1199 11.0000 0.0181 
23.0000 0.4602 0.1332 13.0000 0.0170 
24.0000 0.4772 0.0949 9.0000 0.0181 
25.0000 0.4937 0.1405 11.0000 0.0145 
26.0000 0.5071 0.0571 7.0000 0.0195 
27.0000 0.5175 0.0590 8.0000 0.0142 
28.0000 0.5238 0.1117 10.0000 0.0119 
29.0000 0.5299 0.1135 9.0000 0.0161 
30.0000 0.5459 0.1400 12.0000 0.0200 
31.0000 0.5587 0.0750 8.0000 0.0147 
33.0000 0.5882 0.0807 7.0000 0.0135 
33.0000 0.5882 0.0247 3.0000 0.0190 
34.0000 0.6031 0.1050 10.0000 0.0198 
35.0000 0.6157 0.1130 8.0000 0.0178 
36.0000 0.6022 0.0640 8.0000 0.0163 
37.0000 0.6152 0.0742 9.0000 0.0140 
38.0000 0.6178 0.0909 8.0000 0.0177 
39.0000 0.6283 0.0968 8.0000 0.0172 
40.0000 0.6355 0.1029 10.0000 0.0146 
41.0000 0.6380 0.1376 10.0000 0.0222 
42.0000 0.6479 0.0825 9.0000 0.0137 
43.0000 0.6405 0.0958 7.0000 0.0250 
44.0000 0.6406 0.1091 7.0000 0.0317 
45.0000 0.6467 0.1047 9.0000 0.0219 
47.0000 0.6662 0.0862 7.0000 0.0204 
47.0000 0.6662 0.0196 3.0000 0.0128 
48.0000 0.6646 0.1022 11.0000 0.0150 
49.0000 0.6637 0.0889 12.0000 0.0110 
50.0000 0.6699 0.0536 6.0000 0.0101 
52.0000 0.6669 0.0572 7.0000 0.0163 
52.0000 0.6669 0.0309 3.0000 0.0243 
53.0000 0.6530 0.0881 9.0000 0.0101 
54.0000 0.6626 0.0706 6.0000 0.0155 
56.0000 0.6780 0.0471 4.0000 0.0211 
56.0000 0.6780 0.0472 3.0000 0.0270 
57.0000 0.6689 0.0863 8.0000 0.0203 
58.0000 0.6764 0.0996 8.0000 0.0202 
59.0000 0.6848 0.0883 10.0000 0.0135 
60.0000 0.6920 0.1024 10.0000 0.0124 
61.0000 0.6807 0.0566 6.0000 0.0188 
62.0000 0.6888 0.0533 7.0000 0.0125 
63.0000 0.6971 0.1249 11.0000 0.0153 
64.0000 0.7023 0.0936 7.0000 0.0262 
65.0000 0.7049 0.0538 8.0000 0.0139 
67.0000 0.7110 0.0497 10.0000 0.0126 
67.0000 0.7110 0.0513 3.0000 0.0338 
69.0000 0.7203 0.0227 5.0000 0.0273 
69.0000 0.7203 0.0296 3.0000 0.0184 
70.0000 0.7292 0.1039 7.0000 0.0223 
71.0000 0.7342 0.0647 8.0000 0.0102 
72.0000 0.7238 0.0850 8.0000 0.0188 
74.0000 0.7419 0.0979 7.0000 0.0189 
74.0000 0.7419 0.0438 3.0000 0.0216 
75.0000 0.7503 0.0894 9.0000 0.0161 
76.0000 0.7582 0.0688 8.0000 0.0112 
77.0000 0.7559 0.1082 9.0000 0.0162 
78.0000 0.7530 0.1045 12.0000 0.0138 
79.0000 0.7169 0.1135 8.0000 0.0246 
80.0000 0.7239 0.1009 8.0000 0.0230 
82.0000 0.7217 0.0628 8.0000 0.0146 
82.0000 0.7217 0.0357 3.0000 0.0261 
83.0000 0.7216 0.1044 12.0000 0.0138 
85.0000 0.7352 0.0573 7.0000 0.0157 
85.0000 0.7352 0.0340 3.0000 0.0198 
87.0000 0.7499 0.0820 9.0000 0.0137 
87.0000 0.7499 0.0390 3.0000 0.0292 
88.0000 0.7536 0.0598 9.0000 0.0066 
89.0000 0.7607 0.0852 10.0000 0.0251 
90.0000 0.7671 0.1651 11.0000 0.0215 
91.0000 0.7709 0.1108 16.0000 0.0160 
93.0000 0.7808 0.0894 6.0000 0.0168 
93.0000 0.7808 0.0056 3.0000 0.0013 
94.0000 0.7748 0.1356 10.0000 0.0198 
95.0000 0.7704 0.0792 8.0000 0.0126 
96.0000 0.7753 0.0881 9.0000 0.0138 
97.0000 0.7788 0.1107 9.0000 0.0164 
98.0000 0.7829 0.1055 7.0000 0.0183 
100.0000 0.7895 0.0810 7.0000 0.0192 
100.0000 0.7895 0.0458 4.0000 0.0209 
101.0000 0.7901 0.0514 7.0000 0.0133 
102.0000 0.7813 0.0861 7.0000 0.0198 
103.0000 0.7779 0.0448 10.0000 0.0093 
104.0000 0.7769 0.1223 19.0000 0.0198 
105.0000 0.7719 0.0432 9.0000 0.0130 
106.0000 0.7780 0.0568 7.0000 0.0236 
107.0000 0.7812 0.0975 10.0000 0.0168 
108.0000 0.7843 0.0699 8.0000 0.0131 
109.0000 0.7766 0.0718 9.0000 0.0149 
110.0000 0.7786 0.0991 10.0000 0.0304 
111.0000 0.7775 0.1613 15.0000 0.0260 
112.0000 0.7804 0.1139 11.0000 0.0139 
113.0000 0.7817 0.0377 8.0000 0.0118 
114.0000 0.7818 0.1360 10.0000 0.0194 
115.0000 0.7850 0.0573 8.0000 0.0119 
116.0000 0.7875 0.0826 7.0000 0.0136 
117.0000 0.7910 0.0940 8.0000 0.0219 
118.0000 0.7954 0.0429 9.0000 0.0173 
119.0000 0.7923 0.1115 8.0000 0.0209 
120.0000 0.7964 0.0869 11.0000 0.0164 
121.0000 0.8010 0.1448 9.0000 0.0259 
123.0000 0.8110 0.0508 7.0000 0.0139 
123.0000 0.8110 0.0283 3.0000 0.0159 
124.0000 0.8037 0.0535 6.0000 0.0103 
125.0000 0.8047 0.0625 6.0000 0.0153 
126.0000 0.7774 0.0591 5.0000 0.0169 
127.0000 0.7631 0.0656 7.0000 0.0185 
128.0000 0.7653 0.0662 6.0000 0.0206 
129.0000 0.7693 0.0853 9.0000 0.0152 
130.0000 0.7706 0.1130 9.0000 0.0195 
131.0000 0.7751 0.1162 11.0000 0.0181 
132.0000 0.7781 0.1220 13.0000 0.0306 
133.0000 0.7814 0.0951 9.0000 0.0227 
134.0000 0.7836 0.1022 9.0000 0.0158 
135.0000 0.7792 0.1292 10.0000 0.0268 
136.0000 0.7823 0.0931 11.0000 0.0181 
137.0000 0.7853 0.0784 8.0000 0.0176 
138.0000 0.7880 0.1291 14.0000 0.0135 
140.0000 0.7965 0.1058 12.0000 0.0306 
140.0000 0.7965 0.0492 4.0000 0.0218 
141.0000 0.7983 0.0647 8.0000 0.0201 
142.0000 0.8001 0.0518 6.0000 0.0135 
143.0000 0.7980 0.0741 7.0000 0.0162 
144.0000 0.7999 0.0721 16.0000 0.0220 
146.0000 0.7990 0.0582 7.0000 0.0343 
146.0000 0.7990 0.0430 4.0000 0.0275 
147.0000 0.8010 0.0644 5.0000 0.0254 
149.0000 0.8094 0.0937 7.0000 0.0221 
149.0000 0.8094 0.0280 3.0000 0.0135 