
1.0000 1.5625 0.1831 10.0000 0.0279 
2.0000 1.7094 0.0908 9.0000 0.0228 
3.0000 2.2222 0.0785 12.0000 0.0526 
4.0000 2.0408 0.1646 12.0000 0.0200 
8.0000 2.5559 0.1693 15.0000 0.0233 
8.0000 2.5559 0.1407 17.0000 0.0274 
8.0000 2.5559 0.0998 6.0000 0.0339 
8.0000 2.5559 0.1201 15.0000 0.0140 
9.0000 2.4725 0.1114 11.0000 0.0239 
11.0000 2.5114 0.1688 11.0000 0.0170 
11.0000 2.5114 0.0302 3.0000 0.0207 
12.0000 2.4742 0.1754 11.0000 0.0300 
14.0000 2.7237 0.1640 10.0000 0.0342 
14.0000 2.7237 0.0564 3.0000 0.0330 
16.0000 2.7730 0.2271 11.0000 0.0305 
16.0000 2.7730 0.0652 3.0000 0.0242 
17.0000 2.5373 0.0556 6.0000 0.0078 
19.0000 2.3661 0.0425 4.0000 0.0157 
19.0000 2.3661 0.0794 9.0000 0.0134 
21.0000 2.0448 0.1617 11.0000 0.0289 
21.0000 2.0448 0.0367 5.0000 0.0113 
22.0000 1.8242 0.2132 13.0000 0.0321 
23.0000 1.8608 0.1901 11.0000 0.0270 
24.0000 1.7379 0.1928 9.0000 0.0325 
25.0000 1.6372 0.2120 12.0000 0.0232 
26.0000 1.5504 0.1597 10.0000 0.0256 
27.0000 1.4868 0.1481 8.0000 0.0324 
28.0000 1.5135 0.1465 11.0000 0.0190 
29.0000 1.4706 0.1390 12.0000 0.0089 
30.0000 1.4691 0.1170 11.0000 0.0203 
31.0000 1.4554 0.1046 11.0000 0.0192 
32.0000 1.3919 0.1545 11.0000 0.0229 
34.0000 1.3743 0.1472 10.0000 0.0210 
34.0000 1.3743 0.0165 4.0000 0.0042 
35.0000 1.3667 0.1258 10.0000 0.0165 
36.0000 1.3039 0.1488 10.0000 0.0291 
37.0000 1.3033 0.1312 11.0000 0.0168 
39.0000 1.2940 0.1300 10.0000 0.0225 
39.0000 1.2940 0.0375 4.0000 0.0207 
40.0000 1.2559 0.1176 9.0000 0.0146 
41.0000 1.2298 0.1826 12.0000 0.0249 
42.0000 1.2263 0.1453 8.0000 0.0244 
43.0000 1.2079 0.1367 12.0000 0.0173 
44.0000 1.2111 0.1413 9.0000 0.0292 
45.0000 1.1873 0.1355 10.0000 0.0190 
46.0000 1.1628 0.1201 8.0000 0.0185 
47.0000 1.1433 0.1748 18.0000 0.0163 
48.0000 1.1302 0.1506 12.0000 0.0134 
49.0000 1.1293 0.1313 10.0000 0.0326 
50.0000 1.1166 0.1599 9.0000 0.0310 
51.0000 1.1172 0.1631 9.0000 0.0270 
52.0000 1.1185 0.1398 12.0000 0.0252 
53.0000 1.1060 0.1530 12.0000 0.0202 
54.0000 1.0953 0.0926 11.0000 0.0134 
55.0000 1.0742 0.1596 11.0000 0.0238 
56.0000 1.0663 0.1209 12.0000 0.0143 
57.0000 1.0558 0.1288 9.0000 0.0267 
58.0000 1.0505 0.1593 12.0000 0.0246 
59.0000 1.0575 0.1015 11.0000 0.0149 
60.0000 1.0608 0.1523 14.0000 0.0075 
61.0000 1.0607 0.1054 9.0000 0.0219 
62.0000 1.0571 0.1351 12.0000 0.0176 
63.0000 1.0518 0.1047 8.0000 0.0309 
64.0000 1.0559 0.1114 12.0000 0.0197 
65.0000 1.0251 0.1878 12.0000 0.0291 
67.0000 1.0340 0.1097 9.0000 0.0294 
67.0000 1.0340 0.0253 4.0000 0.0102 
68.0000 1.0275 0.1210 10.0000 0.0231 
69.0000 1.0248 0.1503 10.0000 0.0240 
70.0000 1.0317 0.1288 10.0000 0.0172 
71.0000 1.0335 0.1280 9.0000 0.0208 
72.0000 1.0261 0.1461 14.0000 0.0192 
73.0000 1.0116 0.1678 11.0000 0.0206 
74.0000 1.0182 0.1445 11.0000 0.0179 
75.0000 1.0207 0.1741 11.0000 0.0350 
76.0000 1.0241 0.1836 15.0000 0.0198 
77.0000 1.0187 0.1478 12.0000 0.0133 
78.0000 1.0200 0.1585 14.0000 0.0154 
79.0000 1.0126 0.1493 10.0000 0.0204 
80.0000 1.0125 0.1525 12.0000 0.0269 
81.0000 1.0173 0.1270 12.0000 0.0189 
82.0000 1.0240 0.1363 12.0000 0.0239 
83.0000 1.0275 0.1589 10.0000 0.0204 
84.0000 1.0190 0.1554 9.0000 0.0277 
85.0000 1.0157 0.1535 10.0000 0.0245 
86.0000 1.0137 0.1751 9.0000 0.0316 
87.0000 1.0114 0.1664 12.0000 0.0217 
88.0000 1.0159 0.1461 10.0000 0.0245 
89.0000 1.0056 0.1291 11.0000 0.0190 
90.0000 1.0087 0.1221 12.0000 0.0209 
91.0000 1.0013 0.1923 12.0000 0.0270 
92.0000 1.0093 0.1745 12.0000 0.0317 
93.0000 1.0051 0.1607 11.0000 0.0231 
94.0000 0.9970 0.1878 10.0000 0.0248 
95.0000 0.9920 0.1660 12.0000 0.0232 
96.0000 0.9778 0.1614 11.0000 0.0204 
97.0000 0.9811 0.1421 10.0000 0.0206 
98.0000 0.9840 0.1709 12.0000 0.0189 
99.0000 0.9855 0.1883 11.0000 0.0287 
100.0000 0.9879 0.1401 9.0000 0.0375 
102.0000 1.0034 0.1551 11.0000 0.0263 
102.0000 1.0034 0.0270 3.0000 0.0116 
104.0000 1.0192 0.1346 9.0000 0.0355 
104.0000 1.0192 0.0477 6.0000 0.0158 
105.0000 1.0224 0.1607 12.0000 0.0207 
106.0000 1.0223 0.1576 9.0000 0.0347 
107.0000 1.0228 0.1640 11.0000 0.0313 
108.0000 1.0193 0.1621 11.0000 0.0213 
109.0000 1.0203 0.1695 11.0000 0.0288 
110.0000 1.0236 0.1722 15.0000 0.0190 
111.0000 1.0229 0.1791 11.0000 0.0220 
112.0000 1.0211 0.1779 11.0000 0.0285 
113.0000 1.0262 0.1768 15.0000 0.0190 
114.0000 1.0264 0.1513 12.0000 0.0204 
115.0000 1.0274 0.1573 9.0000 0.0316 
116.0000 1.0204 0.1571 9.0000 0.0276 
117.0000 1.0191 0.1768 11.0000 0.0216 
118.0000 1.0218 0.1453 9.0000 0.0235 
119.0000 1.0192 0.1384 7.0000 0.0406 
120.0000 1.0135 0.1375 11.0000 0.0134 
121.0000 1.0088 0.1284 9.0000 0.0318 
122.0000 1.0112 0.1242 12.0000 0.0186 
124.0000 1.0134 0.1207 9.0000 0.0271 
124.0000 1.0134 0.0493 3.0000 0.0244 
125.0000 1.0098 0.1280 11.0000 0.0209 
127.0000 1.0151 0.0902 8.0000 0.0205 
127.0000 1.0151 0.0258 4.0000 0.0147 
128.0000 1.0176 0.2333 13.0000 0.0282 
129.0000 1.0169 0.1636 11.0000 0.0289 
130.0000 1.0159 0.1590 12.0000 0.0241 
131.0000 1.0141 0.1880 11.0000 0.0320 
132.0000 1.0114 0.1797 12.0000 0.0192 
133.0000 1.0070 0.1797 14.0000 0.0272 
134.0000 1.0077 0.1698 12.0000 0.0243 
135.0000 1.0050 0.1746 9.0000 0.0271 
136.0000 1.0057 0.1375 12.0000 0.0190 
137.0000 1.0106 0.1439 13.0000 0.0171 
138.0000 1.0074 0.1277 11.0000 0.0182 
139.0000 1.0007 0.1411 13.0000 0.0171 
140.0000 0.9950 0.1512 11.0000 0.0178 
141.0000 0.9930 0.1478 10.0000 0.0264 
143.0000 1.0040 0.1196 9.0000 0.0350 
143.0000 1.0040 0.0432 5.0000 0.0182 
144.0000 1.0019 0.1343 10.0000 0.0231 
145.0000 1.0060 0.1274 10.0000 0.0360 
146.0000 1.0086 0.1183 11.0000 0.0281 
147.0000 1.0103 0.1818 11.0000 0.0296 
148.0000 1.0111 0.1953 14.0000 0.0204 
149.0000 1.0148 0.1436 11.0000 0.0230 
151.0000 1.0255 0.1530 11.0000 0.0267 
151.0000 1.0255 0.0304 3.0000 0.0221 
152.0000 1.0289 0.1301 10.0000 0.0179 
154.0000 1.0345 0.1172 15.0000 0.0072 
154.0000 1.0345 0.0092 3.0000 0.0066 
155.0000 1.0394 0.1440 11.0000 0.0188 
157.0000 1.0473 0.1493 8.0000 0.0227 
157.0000 1.0473 0.0347 3.0000 0.0140 
158.0000 1.0489 0.1367 9.0000 0.0159 
159.0000 1.0480 0.1670 9.0000 0.0318 
160.0000 1.0409 0.1674 13.0000 0.0223 
161.0000 1.0322 0.1631 13.0000 0.0197 
162.0000 1.0286 0.1711 13.0000 0.0246 
164.0000 1.0322 0.1207 8.0000 0.0287 
164.0000 1.0322 0.0154 3.0000 0.0111 
165.0000 1.0292 0.1316 11.0000 0.0252 
166.0000 1.0263 0.1072 9.0000 0.0281 
167.0000 1.0233 0.1968 13.0000 0.0256 
168.0000 1.0243 0.1889 13.0000 0.0209 
169.0000 1.0244 0.1815 15.0000 0.0127 
170.0000 1.0247 0.1495 8.0000 0.0389 
171.0000 1.0232 0.1858 12.0000 0.0321 
172.0000 1.0188 0.1586 11.0000 0.0264 
173.0000 1.0126 0.1490 11.0000 0.0249 
174.0000 1.0155 0.1289 9.0000 0.0271 
175.0000 1.0111 0.0956 7.0000 0.0248 
176.0000 1.0087 0.1344 11.0000 0.0222 
177.0000 1.0059 0.1341 12.0000 0.0229 
178.0000 1.0010 0.1490 11.0000 0.0355 
179.0000 1.0029 0.1005 10.0000 0.0174 
180.0000 1.0027 0.1398 10.0000 0.0271 
181.0000 1.0075 0.1568 10.0000 0.0223 
182.0000 1.0119 0.1658 12.0000 0.0209 
183.0000 1.0149 0.1555 8.0000 0.0334 
184.0000 1.0170 0.1851 11.0000 0.0226 
185.0000 1.0191 0.1329 13.0000 0.0201 
186.0000 1.0204 0.1405 9.0000 0.0242 
187.0000 1.0214 0.1624 11.0000 0.0313 
188.0000 1.0237 0.1703 13.0000 0.0206 
189.0000 1.0250 0.1710 12.0000 0.0251 
190.0000 1.0282 0.1538 13.0000 0.0263 
191.0000 1.0289 0.1946 12.0000 0.0255 
192.0000 1.0303 0.1499 13.0000 0.0241 
193.0000 1.0329 0.1704 10.0000 0.0262 
194.0000 1.0344 0.1451 9.0000 0.0299 
195.0000 1.0370 0.1250 9.0000 0.0282 
196.0000 1.0389 0.1561 12.0000 0.0257 
198.0000 1.0478 0.1299 13.0000 0.0174 
198.0000 1.0478 0.0226 3.0000 0.0194 