
2.0000 3.8462 0.0712 11.0000 0.0310 
2.0000 3.8462 0.0332 4.0000 0.0126 
3.0000 4.2857 0.0299 8.0000 0.0128 
4.0000 4.0816 0.0858 10.0000 0.0180 
5.0000 3.5714 0.1559 13.0000 0.0193 
7.0000 3.0043 0.1029 6.0000 0.0258 
7.0000 3.0043 0.0253 3.0000 0.0186 
8.0000 2.4465 0.1418 14.0000 0.0208 
9.0000 1.5517 0.1433 13.0000 0.0145 
10.0000 1.5106 0.0678 8.0000 0.0126 
11.0000 1.1066 0.0875 9.0000 0.0134 
14.0000 1.2987 0.0484 10.0000 0.0154 
14.0000 1.2987 0.0345 4.0000 0.0115 
14.0000 1.2987 0.0270 5.0000 0.0083 
15.0000 1.3216 0.1465 17.0000 0.0272 
16.0000 1.2403 0.0743 8.0000 0.0218 
17.0000 1.2319 0.0913 11.0000 0.0127 
18.0000 1.0204 0.1284 12.0000 0.0170 
19.0000 0.9514 0.1114 14.0000 0.0093 
20.0000 0.9497 0.0925 7.0000 0.0292 
21.0000 0.9836 0.0824 12.0000 0.0054 
22.0000 1.0096 0.0864 6.0000 0.0148 
24.0000 1.0605 0.0732 8.0000 0.0134 
24.0000 1.0605 0.0304 3.0000 0.0195 
25.0000 0.9679 0.0969 12.0000 0.0138 
26.0000 0.9468 0.1003 8.0000 0.0214 
27.0000 0.9460 0.1421 11.0000 0.0175 
28.0000 0.9044 0.0894 10.0000 0.0148 
29.0000 0.8494 0.1257 15.0000 0.0152 
31.0000 0.8857 0.0745 9.0000 0.0170 
31.0000 0.8857 0.0231 5.0000 0.0097 
32.0000 0.8660 0.0928 10.0000 0.0118 
34.0000 0.8698 0.0617 7.0000 0.0128 
34.0000 0.8698 0.0205 5.0000 0.0077 
36.0000 0.8559 0.0901 9.0000 0.0134 
36.0000 0.8559 0.0323 5.0000 0.0133 
37.0000 0.8647 0.1320 13.0000 0.0152 
39.0000 0.8941 0.0878 6.0000 0.0220 
39.0000 0.8941 0.0280 4.0000 0.0134 
42.0000 0.9481 0.0923 15.0000 0.0115 
42.0000 0.9481 0.0279 4.0000 0.0086 
42.0000 0.9481 0.0415 6.0000 0.0154 
43.0000 0.8767 0.0568 8.0000 0.0199 
45.0000 0.8313 0.0973 3.0000 0.0459 
45.0000 0.8313 0.1127 16.0000 0.0170 
47.0000 0.8580 0.1104 7.0000 0.0485 
47.0000 0.8580 0.0984 46.0000 0.0334 
48.0000 0.8715 0.1158 12.0000 0.0290 
49.0000 0.8700 0.0970 14.0000 0.0154 
50.0000 0.8787 0.0817 33.0000 0.0289 
51.0000 0.8811 0.1023 47.0000 0.0230 
52.0000 0.8516 0.0341 7.0000 0.0272 
54.0000 0.8004 0.0708 7.0000 0.0120 
54.0000 0.8004 0.0351 4.0000 0.0114 
55.0000 0.8052 0.0836 11.0000 0.0118 
56.0000 0.8174 0.0971 13.0000 0.0185 
58.0000 0.8434 0.0816 8.0000 0.0186 
58.0000 0.8434 0.0286 4.0000 0.0120 
59.0000 0.8566 0.0556 4.0000 0.0306 
60.0000 0.8453 0.0640 7.0000 0.0191 
61.0000 0.7694 0.0932 8.0000 0.0175 
63.0000 0.7841 0.0326 8.0000 0.0155 
63.0000 0.7841 0.0420 4.0000 0.0190 
65.0000 0.7889 0.0538 7.0000 0.0177 
65.0000 0.7889 0.0284 4.0000 0.0136 
66.0000 0.7848 0.0535 8.0000 0.0173 
67.0000 0.7821 0.1026 9.0000 0.0264 
68.0000 0.7829 0.1295 11.0000 0.0174 
69.0000 0.7785 0.1471 11.0000 0.0227 
71.0000 0.7846 0.1685 10.0000 0.0191 
71.0000 0.7846 0.1124 9.0000 0.0192 
72.0000 0.7677 0.0736 10.0000 0.0157 
73.0000 0.7446 0.0866 11.0000 0.0112 
74.0000 0.7296 0.1065 11.0000 0.0223 
75.0000 0.7064 0.0368 10.0000 0.0103 
76.0000 0.7055 0.1273 9.0000 0.0198 
77.0000 0.7061 0.0415 11.0000 0.0192 
79.0000 0.7148 0.0372 5.0000 0.0127 
79.0000 0.7148 0.0162 4.0000 0.0096 
80.0000 0.7207 0.0792 8.0000 0.0196 
82.0000 0.7076 0.1471 10.0000 0.0228 
82.0000 0.7076 0.0270 3.0000 0.0105 
83.0000 0.6961 0.1127 12.0000 0.0171 
84.0000 0.6719 0.0839 7.0000 0.0137 
85.0000 0.6593 0.0626 7.0000 0.0239 
86.0000 0.6502 0.0906 12.0000 0.0112 
87.0000 0.6335 0.0774 13.0000 0.0122 
88.0000 0.6266 0.0903 8.0000 0.0071 
90.0000 0.6399 0.0453 3.0000 0.0209 
90.0000 0.6399 0.0170 4.0000 0.0084 
91.0000 0.6462 0.0652 8.0000 0.0145 
92.0000 0.6500 0.0462 8.0000 0.0135 
93.0000 0.6395 0.1041 11.0000 0.0080 
94.0000 0.6452 0.0506 7.0000 0.0150 
96.0000 0.6580 0.0715 7.0000 0.0132 
96.0000 0.6580 0.0104 4.0000 0.0034 
98.0000 0.6697 0.0039 8.0000 0.0131 
98.0000 0.6697 0.0292 3.0000 0.0186 
99.0000 0.6659 0.1136 4.0000 0.0276 
100.0000 0.6719 0.0590 9.0000 0.0197 
101.0000 0.6757 0.1538 11.0000 0.0249 
103.0000 0.6811 0.1241 9.0000 0.0177 
103.0000 0.6811 0.0119 3.0000 0.0074 
104.0000 0.6596 0.0733 9.0000 0.0180 
105.0000 0.6517 0.0800 10.0000 0.0131 
106.0000 0.6555 0.1313 13.0000 0.0197 
107.0000 0.6537 0.0870 14.0000 0.0153 
108.0000 0.6540 0.0836 11.0000 0.0113 
109.0000 0.6554 0.1019 11.0000 0.0281 
110.0000 0.6452 0.1123 11.0000 0.0184 
111.0000 0.6423 0.0766 11.0000 0.0135 
113.0000 0.6428 0.1063 10.0000 0.0208 
113.0000 0.6428 0.0386 5.0000 0.0211 
115.0000 0.6522 0.1182 12.0000 0.0522 
115.0000 0.6522 0.1052 7.0000 0.0436 
118.0000 0.6568 0.0458 15.0000 0.0089 
118.0000 0.6568 0.0143 5.0000 0.0036 
118.0000 0.6568 0.0128 8.0000 0.0042 
120.0000 0.6581 0.0792 17.0000 0.0219 
120.0000 0.6581 0.0270 4.0000 0.0109 