
1.0000 0.2500 0.0726 13.0000 0.0204 
2.0000 0.4484 0.1596 12.0000 0.0288 
3.0000 0.3319 0.0790 9.0000 0.0178 
4.0000 0.2972 0.0907 11.0000 0.0211 
5.0000 0.3458 0.0316 8.0000 0.0150 
6.0000 0.2413 0.0900 11.0000 0.0162 
7.0000 0.1940 0.1049 12.0000 0.0179 
8.0000 0.2137 0.0591 9.0000 0.0104 
9.0000 0.1684 0.0314 8.0000 0.0226 
10.0000 0.1683 0.0999 8.0000 0.0241 
11.0000 0.1647 0.0778 9.0000 0.0234 
12.0000 0.1614 0.0949 10.0000 0.0169 
13.0000 0.1502 0.0884 8.0000 0.0211 
14.0000 0.1538 0.1024 9.0000 0.0124 
15.0000 0.1316 0.0492 10.0000 0.0174 
16.0000 0.0947 0.0511 5.0000 0.0150 