
1.0000 1.4286 0.1038 11.0000 0.0153 
2.0000 1.8182 0.1200 8.0000 0.0262 
3.0000 1.7751 0.1450 9.0000 0.0310 
4.0000 1.6736 0.1463 11.0000 0.0174 
5.0000 1.2690 0.1033 9.0000 0.0202 
7.0000 1.1647 0.1397 13.0000 0.0252 
7.0000 1.1647 0.0805 27.0000 0.0071 
8.0000 0.2134 0.0412 13.0000 0.0162 
9.0000 0.2178 0.0589 10.0000 0.0116 
11.0000 0.1682 0.0727 8.0000 0.0123 
11.0000 0.1682 0.0229 5.0000 0.0063 
14.0000 0.1951 0.0494 3.0000 0.0389 
14.0000 0.1951 0.0709 6.0000 0.0150 
14.0000 0.1951 0.0312 4.0000 0.0168 
16.0000 0.2106 0.0419 5.0000 0.0181 
16.0000 0.2106 0.0439 3.0000 0.0223 
17.0000 0.2079 0.0512 60.0000 0.0186 
23.0000 0.2688 0.0341 10.0000 0.0136 
23.0000 0.2688 0.0162 4.0000 0.0044 
23.0000 0.2688 0.0067 8.0000 0.0037 
23.0000 0.2688 0.0226 5.0000 0.0136 
23.0000 0.2688 0.0187 7.0000 0.0029 
23.0000 0.2688 0.0199 3.0000 0.0142 
24.0000 0.2700 0.1215 13.0000 0.0163 
25.0000 0.2772 0.0708 7.0000 0.0142 
26.0000 0.2739 0.1070 14.0000 0.0182 
28.0000 0.2486 0.0623 4.0000 0.0472 
28.0000 0.2486 0.0655 4.0000 0.0181 
30.0000 0.2646 0.1051 3.0000 0.0563 
30.0000 0.2646 0.0942 5.0000 0.0435 
31.0000 0.2713 0.0474 7.0000 0.0108 
32.0000 0.2790 0.0774 7.0000 0.0259 
34.0000 0.2955 0.0354 7.0000 0.0158 
34.0000 0.2955 0.0519 3.0000 0.0363 
36.0000 0.2992 0.0555 7.0000 0.0293 
36.0000 0.2992 0.0557 5.0000 0.0165 
38.0000 0.3114 0.0334 4.0000 0.0146 
38.0000 0.3114 0.0598 4.0000 0.0362 
39.0000 0.3116 0.0659 4.0000 0.0239 
40.0000 0.3193 0.0631 4.0000 0.0281 
41.0000 0.3249 0.1017 7.0000 0.0215 
43.0000 0.3297 0.0383 10.0000 0.0054 
43.0000 0.3297 0.0176 4.0000 0.0100 
45.0000 0.3359 0.0487 6.0000 0.0327 
45.0000 0.3359 0.0272 3.0000 0.0162 
46.0000 0.3156 0.0467 3.0000 0.0132 
48.0000 0.3218 0.0172 7.0000 0.0137 
48.0000 0.3218 0.0700 4.0000 0.0273 
49.0000 0.3210 0.0851 11.0000 0.0110 
51.0000 0.3288 0.0328 7.0000 0.0145 
51.0000 0.3288 0.0689 7.0000 0.0109 
53.0000 0.3348 0.0693 7.0000 0.0230 
53.0000 0.3348 0.0395 5.0000 0.0060 
55.0000 0.3300 0.0724 8.0000 0.0195 
55.0000 0.3300 0.0569 6.0000 0.0093 
57.0000 0.3410 0.0524 7.0000 0.0178 
57.0000 0.3410 0.0304 3.0000 0.0230 
58.0000 0.3463 0.0674 8.0000 0.0206 
59.0000 0.3507 0.0655 5.0000 0.0203 
61.0000 0.3618 0.0486 7.0000 0.0176 
61.0000 0.3618 0.0199 4.0000 0.0029 
62.0000 0.3654 0.0452 3.0000 0.0184 
63.0000 0.3707 0.0628 10.0000 0.0137 
64.0000 0.3753 0.0626 8.0000 0.0093 
65.0000 0.3806 0.0678 9.0000 0.0402 
66.0000 0.3846 0.0608 7.0000 0.0458 
68.0000 0.3938 0.0613 4.0000 0.0340 
68.0000 0.3938 0.0617 6.0000 0.0139 
69.0000 0.3896 0.0434 9.0000 0.0137 
78.0000 0.4369 -0.0004 7.0000 0.0213 
78.0000 0.4369 0.0589 11.0000 0.0172 
78.0000 0.4369 0.0251 3.0000 0.0067 
78.0000 0.4369 0.0167 5.0000 0.0038 
78.0000 0.4369 0.0186 9.0000 0.0027 
78.0000 0.4369 0.0268 5.0000 0.0077 
78.0000 0.4369 0.0113 8.0000 0.0018 
78.0000 0.4369 0.0383 14.0000 0.0166 
78.0000 0.4369 0.0153 4.0000 0.0063 
79.0000 0.4306 0.0553 6.0000 0.0138 
90.0000 0.4727 0.0410 10.0000 0.0169 
90.0000 0.4727 0.0663 8.0000 0.0140 
90.0000 0.4727 0.0523 34.0000 0.0144 
90.0000 0.4727 0.0331 3.0000 0.0190 
90.0000 0.4727 0.0409 5.0000 0.0126 
90.0000 0.4727 0.0309 8.0000 0.0121 
90.0000 0.4727 0.0279 16.0000 0.0045 
90.0000 0.4727 0.0373 31.0000 0.0078 
90.0000 0.4727 0.0260 28.0000 0.0013 
90.0000 0.4727 0.0194 7.0000 0.0041 
90.0000 0.4727 0.0244 4.0000 0.0078 
91.0000 0.4616 0.0413 9.0000 0.0076 
92.0000 0.4528 0.0602 10.0000 0.0216 
94.0000 0.4606 0.0348 7.0000 0.0170 
94.0000 0.4606 0.0415 4.0000 0.0137 
96.0000 0.4667 0.0374 7.0000 0.0162 
96.0000 0.4667 0.0592 6.0000 0.0231 
101.0000 0.4886 0.0339 8.0000 0.0122 
101.0000 0.4886 0.0263 13.0000 0.0083 
101.0000 0.4886 0.0240 3.0000 0.0115 
101.0000 0.4886 0.0256 4.0000 0.0097 
101.0000 0.4886 0.0227 6.0000 0.0065 
102.0000 0.4739 0.0437 9.0000 0.0195 
103.0000 0.4714 0.0433 4.0000 0.0230 
104.0000 0.4551 0.0868 8.0000 0.0133 