
1.0000 1.1765 0.1427 11.0000 0.0183 
2.0000 1.3605 0.1743 11.0000 0.0192 
3.0000 0.6550 0.1267 7.0000 0.0268 
4.0000 0.5666 0.1187 6.0000 0.0271 
5.0000 0.4695 0.1408 9.0000 0.0224 
6.0000 0.4648 0.1839 10.0000 0.0270 
7.0000 0.5228 0.1958 8.0000 0.0349 
8.0000 0.5384 0.1471 10.0000 0.0193 
9.0000 0.5762 0.1636 10.0000 0.0229 
10.0000 0.6024 0.2262 14.0000 0.0395 
12.0000 0.7151 0.0382 3.0000 0.0283 
12.0000 0.7151 0.1002 5.0000 0.0312 
13.0000 0.7484 0.1394 8.0000 0.0323 
14.0000 0.7491 0.1462 7.0000 0.0257 
15.0000 0.7382 0.0986 8.0000 0.0210 
17.0000 0.8177 0.2059 15.0000 0.0239 
17.0000 0.8177 0.1597 10.0000 0.0196 
18.0000 0.7916 0.1170 9.0000 0.0159 
19.0000 0.8095 0.1241 11.0000 0.0115 
20.0000 0.8224 0.1749 11.0000 0.0249 
21.0000 0.7721 0.1257 9.0000 0.0160 
22.0000 0.7455 0.1141 11.0000 0.0283 
23.0000 0.7726 0.1427 10.0000 0.0187 
24.0000 0.7955 0.1761 16.0000 0.0264 
25.0000 0.8237 0.1647 11.0000 0.0203 
26.0000 0.8497 0.0865 11.0000 0.0238 
27.0000 0.8618 0.1187 9.0000 0.0168 
28.0000 0.8578 0.1217 9.0000 0.0089 
29.0000 0.8844 0.1212 10.0000 0.0240 
30.0000 0.8146 0.1580 11.0000 0.0170 
31.0000 0.8177 0.1587 14.0000 0.0241 
32.0000 0.8107 0.0946 7.0000 0.0125 
33.0000 0.8100 0.1608 9.0000 0.0245 
35.0000 0.8195 0.1531 15.0000 0.0154 
35.0000 0.8195 0.1332 17.0000 0.0275 
37.0000 0.8559 0.1111 8.0000 0.0170 
37.0000 0.8559 0.0133 3.0000 0.0094 
38.0000 0.7876 0.0851 6.0000 0.0351 
39.0000 0.7769 0.1383 9.0000 0.0218 
40.0000 0.7666 0.1271 8.0000 0.0273 
41.0000 0.7687 0.2168 13.0000 0.0251 
42.0000 0.7742 0.1191 9.0000 0.0232 
43.0000 0.7858 0.1388 10.0000 0.0196 
45.0000 0.7661 0.0495 3.0000 0.0305 
45.0000 0.7661 0.0883 6.0000 0.0195 
46.0000 0.7194 0.1052 9.0000 0.0155 
47.0000 0.7201 0.1745 11.0000 0.0529 
48.0000 0.7324 0.1880 15.0000 0.0357 
49.0000 0.7459 0.1770 8.0000 0.0295 
51.0000 0.7723 0.1955 10.0000 0.0325 
51.0000 0.7723 0.1795 16.0000 0.0258 
52.0000 0.7850 0.1532 10.0000 0.0200 
53.0000 0.7871 0.1380 8.0000 0.0216 
54.0000 0.7889 0.1322 8.0000 0.0223 
55.0000 0.7987 0.1350 9.0000 0.0218 
56.0000 0.7802 0.1219 9.0000 0.0051 
57.0000 0.7881 0.1761 11.0000 0.0273 
58.0000 0.7950 0.1440 9.0000 0.0215 
59.0000 0.7983 0.1753 11.0000 0.0265 
60.0000 0.7978 0.1640 11.0000 0.0334 
61.0000 0.7895 0.1339 9.0000 0.0201 
62.0000 0.7819 0.1707 12.0000 0.0175 
63.0000 0.7710 0.1826 9.0000 0.0305 
64.0000 0.7783 0.1951 15.0000 0.0283 
65.0000 0.7892 0.1338 9.0000 0.0200 
66.0000 0.7910 0.1177 8.0000 0.0281 
67.0000 0.7904 0.1782 10.0000 0.0238 
68.0000 0.7858 0.1908 14.0000 0.0312 
69.0000 0.7958 0.1885 10.0000 0.0294 
70.0000 0.8033 0.1011 8.0000 0.0205 
71.0000 0.8024 0.1149 9.0000 0.0157 
73.0000 0.8051 0.1530 6.0000 0.0641 
73.0000 0.8051 0.1269 7.0000 0.0241 
74.0000 0.7894 0.2062 12.0000 0.0219 
75.0000 0.7985 0.1796 12.0000 0.0169 
76.0000 0.8022 0.1743 11.0000 0.0212 
77.0000 0.8058 0.1699 15.0000 0.0186 
78.0000 0.8142 0.1548 11.0000 0.0184 
79.0000 0.8164 0.1538 11.0000 0.0198 
80.0000 0.8146 0.1230 7.0000 0.0245 
81.0000 0.8230 0.1706 12.0000 0.0255 
83.0000 0.8341 0.1184 6.0000 0.0259 
83.0000 0.8341 0.0241 4.0000 0.0080 
84.0000 0.8410 0.1157 9.0000 0.0222 
85.0000 0.8420 0.1758 15.0000 0.0281 
87.0000 0.8576 0.1594 26.0000 0.0125 
87.0000 0.8576 0.1155 10.0000 0.0237 
88.0000 0.8642 0.0709 9.0000 0.0299 
89.0000 0.8631 0.1612 11.0000 0.0172 
90.0000 0.8575 0.1112 11.0000 0.0190 
91.0000 0.8402 0.0599 6.0000 0.0146 
93.0000 0.7663 0.0378 3.0000 0.0138 
93.0000 0.7663 0.0563 4.0000 0.0272 
95.0000 0.7492 0.0862 5.0000 0.0229 
95.0000 0.7492 0.1340 8.0000 0.0231 
96.0000 0.7380 0.1169 12.0000 0.0120 
97.0000 0.7388 0.1171 4.0000 0.0651 
98.0000 0.7305 0.0984 7.0000 0.0371 
100.0000 0.7192 0.1306 6.0000 0.0377 
100.0000 0.7192 0.0586 3.0000 0.0190 
101.0000 0.7251 0.1873 11.0000 0.0300 
102.0000 0.7311 0.1890 14.0000 0.0213 
103.0000 0.7195 0.1959 11.0000 0.0298 
104.0000 0.6934 0.1209 7.0000 0.0248 
105.0000 0.6932 0.0997 10.0000 0.0196 
106.0000 0.6933 0.1284 5.0000 0.0278 
107.0000 0.6884 0.1379 8.0000 0.0230 
108.0000 0.6896 0.1310 8.0000 0.0196 
109.0000 0.6881 0.1303 9.0000 0.0221 
110.0000 0.6908 0.0882 12.0000 0.0139 
112.0000 0.6993 0.1415 9.0000 0.0239 
112.0000 0.6993 0.0190 3.0000 0.0056 
116.0000 0.7195 0.0036 3.0000 0.0034 
116.0000 0.7195 0.1421 6.0000 0.0441 
116.0000 0.7195 0.1788 3.0000 0.0877 
116.0000 0.7195 0.1127 5.0000 0.0230 
118.0000 0.7078 0.0626 4.0000 0.0267 
118.0000 0.7078 0.0636 5.0000 0.0194 
119.0000 0.7113 0.1139 10.0000 0.0189 
120.0000 0.6947 0.1003 10.0000 0.0195 
121.0000 0.6927 0.0859 9.0000 0.0187 
122.0000 0.6953 0.0714 9.0000 0.0220 
123.0000 0.6942 0.1543 20.0000 0.0136 