
1.0000 0.9346 0.1381 10.0000 0.0155 
2.0000 0.6536 0.1059 12.0000 0.0254 
4.0000 0.8658 0.1544 6.0000 0.0448 
4.0000 0.8658 0.0604 5.0000 0.0158 
5.0000 0.7289 0.0976 11.0000 0.0213 
7.0000 0.5360 0.0865 8.0000 0.0342 
7.0000 0.5360 0.0693 6.0000 0.0138 
8.0000 0.5642 0.0715 13.0000 0.0193 
9.0000 0.6114 0.1521 12.0000 0.0180 
12.0000 0.6944 0.1426 3.0000 0.0853 
12.0000 0.6944 0.2006 9.0000 0.0257 
12.0000 0.6944 0.0267 3.0000 0.0219 
13.0000 0.6911 0.1409 11.0000 0.0211 
16.0000 0.7790 0.0950 5.0000 0.0258 
16.0000 0.7790 0.0849 5.0000 0.0197 
16.0000 0.7790 0.0466 4.0000 0.0187 
17.0000 0.6733 0.0980 13.0000 0.0202 
18.0000 0.6610 0.0853 8.0000 0.0177 
19.0000 0.6410 0.1264 8.0000 0.0236 
20.0000 0.6673 0.1244 18.0000 0.0124 
21.0000 0.6656 0.1593 10.0000 0.0210 
22.0000 0.6565 0.1396 12.0000 0.0090 
23.0000 0.6359 0.1404 9.0000 0.0234 
24.0000 0.6077 0.1561 11.0000 0.0170 
25.0000 0.6153 0.1283 11.0000 0.0233 
27.0000 0.6621 0.1107 9.0000 0.0395 
27.0000 0.6621 0.0736 5.0000 0.0203 
28.0000 0.6683 0.1429 10.0000 0.0195 
29.0000 0.6632 0.0868 9.0000 0.0286 
30.0000 0.6693 0.1060 7.0000 0.0258 
31.0000 0.6475 0.1027 9.0000 0.0266 
32.0000 0.6470 0.1299 11.0000 0.0171 
34.0000 0.6671 0.1216 8.0000 0.0220 
34.0000 0.6671 0.0313 3.0000 0.0187 
35.0000 0.6832 0.1003 10.0000 0.0251 
37.0000 0.6799 0.1353 5.0000 0.0341 
37.0000 0.6799 0.1117 8.0000 0.0201 
38.0000 0.6758 0.1361 10.0000 0.0260 
39.0000 0.6816 0.1660 8.0000 0.0293 
40.0000 0.6679 0.1015 4.0000 0.0358 
41.0000 0.6816 0.1263 11.0000 0.0170 
45.0000 0.7347 0.0709 4.0000 0.0272 
45.0000 0.7347 0.0441 3.0000 0.0366 
45.0000 0.7347 0.1395 6.0000 0.0392 
45.0000 0.7347 0.0486 3.0000 0.0268 
47.0000 0.7420 0.1218 4.0000 0.0484 
47.0000 0.7420 0.1129 8.0000 0.0271 
48.0000 0.7388 0.1689 9.0000 0.0366 
49.0000 0.7445 0.1842 8.0000 0.0306 
50.0000 0.7536 0.1418 13.0000 0.0233 
52.0000 0.7801 0.1312 8.0000 0.0199 
52.0000 0.7801 0.0901 7.0000 0.0196 
53.0000 0.7915 0.1906 10.0000 0.0229 
54.0000 0.7850 0.1097 9.0000 0.0222 
55.0000 0.7764 0.1386 16.0000 0.0243 
56.0000 0.7762 0.1619 10.0000 0.0280 
57.0000 0.7796 0.1369 10.0000 0.0289 
58.0000 0.7900 0.1687 11.0000 0.0229 
59.0000 0.7850 0.1111 7.0000 0.0182 
60.0000 0.7628 0.1040 11.0000 0.0176 
63.0000 0.7890 0.0496 4.0000 0.0232 
63.0000 0.7890 0.1770 4.0000 0.0994 
63.0000 0.7890 0.0632 5.0000 0.0118 
65.0000 0.8095 0.1366 16.0000 0.0229 
65.0000 0.8095 0.1362 10.0000 0.0188 
66.0000 0.8200 0.1257 8.0000 0.0239 
67.0000 0.8215 0.0917 9.0000 0.0171 
68.0000 0.8254 0.0364 9.0000 0.0302 
69.0000 0.7851 0.1564 12.0000 0.0159 
70.0000 0.7906 0.1442 12.0000 0.0161 
71.0000 0.7914 0.1231 11.0000 0.0151 
73.0000 0.8033 0.0786 4.0000 0.0351 
73.0000 0.8033 0.1062 8.0000 0.0155 
74.0000 0.8038 0.1626 8.0000 0.0828 
76.0000 0.7988 0.1010 3.0000 0.0433 
76.0000 0.7988 0.1321 8.0000 0.0217 
77.0000 0.7989 0.1288 8.0000 0.0162 
78.0000 0.7970 0.0938 7.0000 0.0135 
79.0000 0.7979 0.1451 8.0000 0.0171 
81.0000 0.7994 0.1203 3.0000 0.0607 
81.0000 0.7994 0.1065 6.0000 0.0167 
82.0000 0.8081 0.1443 9.0000 0.0215 
84.0000 0.8186 0.0418 3.0000 0.0210 
84.0000 0.8186 0.0925 7.0000 0.0168 
86.0000 0.8324 0.0711 3.0000 0.0320 
86.0000 0.8324 0.0972 6.0000 0.0232 
88.0000 0.8466 0.0864 8.0000 0.0301 
88.0000 0.8466 0.0631 5.0000 0.0142 
89.0000 0.8506 0.1648 12.0000 0.0167 
90.0000 0.8569 0.1677 10.0000 0.0229 
91.0000 0.8598 0.1023 8.0000 0.0185 
92.0000 0.8595 0.1564 13.0000 0.0210 
94.0000 0.8685 0.1514 4.0000 0.0481 
94.0000 0.8685 0.1437 8.0000 0.0238 
95.0000 0.8757 0.1222 10.0000 0.0175 
96.0000 0.8790 0.1428 12.0000 0.0161 
97.0000 0.8834 0.1247 10.0000 0.0224 
98.0000 0.8834 0.1232 9.0000 0.0187 
100.0000 0.9001 0.1222 4.0000 0.0391 
100.0000 0.9001 0.1190 9.0000 0.0185 
101.0000 0.9023 0.0645 6.0000 0.0113 
102.0000 0.9100 0.0654 7.0000 0.0173 
103.0000 0.9168 0.0788 7.0000 0.0228 
104.0000 0.9169 0.1188 11.0000 0.0163 
105.0000 0.9177 0.1371 13.0000 0.0279 
106.0000 0.9195 0.1436 12.0000 0.0151 
107.0000 0.9196 0.1850 12.0000 0.0205 
108.0000 0.9159 0.1155 13.0000 0.0164 
110.0000 0.9144 0.0497 3.0000 0.0114 
110.0000 0.9144 0.0902 4.0000 0.0330 
112.0000 0.9216 0.0803 6.0000 0.0424 
112.0000 0.9216 0.0598 3.0000 0.0260 
113.0000 0.9020 0.0994 13.0000 0.0207 
114.0000 0.9055 0.0785 9.0000 0.0175 
115.0000 0.9120 0.1118 13.0000 0.0206 
116.0000 0.9129 0.1653 15.0000 0.0185 
117.0000 0.9148 0.1285 8.0000 0.0233 
118.0000 0.9215 0.1638 14.0000 0.0161 
119.0000 0.9221 0.1706 15.0000 0.0192 
120.0000 0.9217 0.0433 11.0000 0.0150 
121.0000 0.9251 0.0791 4.0000 0.0181 
122.0000 0.9304 0.1367 20.0000 0.0283 
123.0000 0.9273 0.1519 10.0000 0.0205 
124.0000 0.9274 0.1743 11.0000 0.0209 
126.0000 0.9222 0.1391 10.0000 0.0235 
126.0000 0.9222 0.0302 3.0000 0.0194 
127.0000 0.9205 0.1106 12.0000 0.0146 
128.0000 0.9258 0.1221 10.0000 0.0180 
130.0000 0.9268 0.0500 4.0000 0.0218 
130.0000 0.9268 0.0337 3.0000 0.0133 
131.0000 0.9305 0.0640 7.0000 0.0139 
132.0000 0.9297 0.0857 6.0000 0.0199 
134.0000 0.9304 0.1068 9.0000 0.0171 
134.0000 0.9304 0.0326 6.0000 0.0106 
135.0000 0.9183 0.1143 10.0000 0.0195 
136.0000 0.9055 0.0965 8.0000 0.0165 
137.0000 0.8931 0.1056 4.0000 0.0391 
138.0000 0.8929 0.0712 9.0000 0.0282 
139.0000 0.8880 0.1412 12.0000 0.0180 
140.0000 0.8841 0.1429 9.0000 0.0117 
142.0000 0.8612 0.1788 8.0000 0.0316 
142.0000 0.8612 0.1820 8.0000 0.0278 
144.0000 0.8675 0.0611 7.0000 0.0420 
144.0000 0.8675 0.0230 4.0000 0.0061 
145.0000 0.8610 0.1311 16.0000 0.0138 
146.0000 0.8600 0.1619 9.0000 0.0230 
147.0000 0.8597 0.2150 12.0000 0.0280 
148.0000 0.8547 0.1802 15.0000 0.0195 
149.0000 0.8469 0.1395 12.0000 0.0179 
150.0000 0.8407 0.1148 13.0000 0.0174 
151.0000 0.8387 0.1649 9.0000 0.0236 
152.0000 0.8397 0.0958 8.0000 0.0272 
153.0000 0.8445 0.1340 10.0000 0.0177 
154.0000 0.8406 0.1544 11.0000 0.0244 
155.0000 0.8412 0.1524 8.0000 0.0280 
156.0000 0.8279 0.1250 10.0000 0.0164 
157.0000 0.7981 0.1207 8.0000 0.0170 
160.0000 0.8114 0.1137 4.0000 0.0473 
160.0000 0.8114 0.1881 9.0000 0.0218 
160.0000 0.8114 0.2013 14.0000 0.0270 
162.0000 0.8209 0.1770 4.0000 0.0920 
162.0000 0.8209 0.1527 6.0000 0.0276 